track_id,genre,tempo,danceability,energy,loudness,speechiness,acousticness,instrumentalness,liveness,valence,duration_ms
track_00001,EDM,121.95400644380197,0.9304316673629153,0.9514938101446206,-1.3414736363842423,0.058367228151776196,0.04006796421928847,0.06330200751225781,0.237658599685451,0.5878891000441587,231667
track_00002,Pop,115.56741683296819,0.7448430279985111,0.6807677671014378,-3.8051445166296602,0.07083716009149921,0.3639054561812335,0.006849111115476392,0.237373298746982,0.8653198846400135,186922
track_00003,Country,92.77114798923836,0.5682899050924863,0.46285576729375966,-7.268027501148387,0.09359062835105855,0.4313440950261874,0.14405358478947913,0.23745660088262555,0.5287262595990073,291769
track_00004,Classical,66.50704531794779,0.12039050991605549,0.22139350853202983,-28.75104937604985,0.06926470171989446,0.8184691677890865,0.9674007356462712,0.21694502720104464,0.46914201512387643,383184
track_00005,EDM,121.80205993737486,0.8692684281646119,0.9544480551786554,-2.633934065578006,0.05470907696247178,0.09126518476447971,0.2682274107773536,0.19957383610286383,0.8367234836115276,272307
track_00006,Blues,93.03920169367504,0.7178312754787577,0.6363266957478624,-6.7839863312052575,0.05281403802017154,0.30426891513953364,0.15531149435704403,0.26432986677601444,0.5178440489325169,208523
track_00007,Hip-Hop,78.5868528403653,0.72731986134204,0.8383152675278569,-7.4061882595477595,0.38141441852387536,0.25653282659923204,0.034646928707866724,0.2946090699028322,0.8918937339095439,263855
track_00008,EDM,131.58539518498083,0.9355394792574983,0.9775718699471105,-4.48867859501442,0.05976506742857481,0.16115857319164695,0.08141645647102944,0.19432171414821847,0.7843951765854732,247061
track_00009,Country,98.56340470102882,0.7400665896230166,0.6079508080761538,-5.1917707872181795,0.05783444900129271,0.5008938182514867,0.04689680135663399,0.19612960566248178,0.6655486200602505,216163
track_00010,Classical,68.34919434996954,0.1514237007997389,0.38459622427089724,-26.604830035857283,0.07793919048598474,0.8029712245015008,0.9481125691816845,0.30001035143496885,0.3796493655721003,443190
track_00011,Pop,95.18035514261287,0.819817024623992,0.7714690687716161,-3.8336435898207606,0.06749712868676469,0.34381140390162546,0.029259739269642693,0.17394756217453775,0.6944230167610723,181750
track_00012,Country,85.00818798042302,0.5903663321246289,0.6333041128824678,-5.567191700390862,0.09250752141933792,0.5343830920623109,0.10609463743955845,0.18315486271631481,0.7551130757899117,296047
track_00013,Country,120.98732354050425,0.7440195831181298,0.5596913091544499,-4.568069029743461,0.035812713046713046,0.45731556061260487,0.08815098868826357,0.21695136166746093,0.7448683555588401,228889
track_00014,Hip-Hop,78.07295304090935,0.8907482340724235,0.7158467755781464,-2.273618587799154,0.5731929047503637,0.28869022473367195,0.04279146901877854,0.1394947167371366,0.7506634556365364,234785
track_00015,Metal,140.58141340620594,0.592122774611548,0.9326725221912986,-3.9588124032685066,0.04402316121023262,0.14622059660071243,0.04843668911875354,0.13434199779473763,0.4589501666886211,220209
track_00016,Classical,69.96195866329201,0.29786812756792475,0.3037475037230671,-10.300993672767117,0.021730179615302322,0.8676279976967617,0.9107853264562309,0.2786914794153319,0.5355551596503098,477505
track_00017,Jazz,127.82174098589293,0.6912714134349608,0.4120816978602177,-9.77809081224243,0.043812143345435116,0.698123673408203,0.9891452983564542,0.3616942623350362,0.4151518013339378,376169
track_00018,Country,113.3696907355596,0.6038733491739786,0.5208328403044999,-9.78275643107569,0.06857989353363136,0.6126042515535715,0.02288763270336962,0.16108655321757417,0.7343770861348557,238734
track_00019,Metal,162.2776700140487,0.5471405249761614,0.8206293521756722,-1.2848964517713188,0.0697536440590582,0.03625005111031039,0.14240159223963253,0.17699174452751143,0.4206884034228956,291375
track_00020,Jazz,95.26536243163045,0.5716163917544144,0.44402704267201387,-12.628891048509974,0.08331861770791185,0.968870827467411,0.7273754977357144,0.20585079428315609,0.6222819169924814,304829
track_00021,Classical,56.54664512584759,0.26320670046041367,0.3407682244454884,-20.272167438222123,0.03790703966886563,0.9276185451592904,0.9288152135777403,0.27080237909711363,0.49220586161053065,480564
track_00022,Rock,137.18835957535444,0.5169204073282372,0.9604891054483984,-7.936996072004719,0.0302174440643102,0.16714542581692865,0.10213232402982553,0.39729585084900565,0.6094166375428327,188720
track_00023,Blues,90.17004627430539,0.6729636192615713,0.7620174373727658,-9.235068106156772,0.06010051419746175,0.3829130090198942,0.0755593647818823,0.1633368712033852,0.7031911877894423,186044
track_00024,Metal,167.35721311018887,0.5066999954965705,0.9134024650840344,-2.5820378738906546,0.03014210768319862,0.1861796288742859,0.022184046174961305,0.18124981919538097,0.5313115110734564,263391
track_00025,Reggae,89.76030603827557,0.7749878811205343,0.7432484340086813,-5.133095880409218,0.09559286684505852,0.6592495338851514,0.14632086810389366,0.17339962945364415,0.5318376255694708,248306
track_00026,Rock,146.60919387155107,0.5940103083371835,0.7885326580552856,-4.86618705465566,0.13455323857453885,0.15777448973755837,0.029285628160544683,0.36933874191760785,0.5399581854589595,254466
track_00027,Blues,91.86510606865603,0.7522917666872317,0.6270160247202385,-11.968468633137979,0.058796560668290726,0.5107037150768861,0.06485017477039412,0.12220698460477192,0.6328294870585685,257108
track_00028,Hip-Hop,85.3203033509309,0.8756845748223967,0.8378110217342254,-4.225294528194399,0.3457974493622351,0.2130519799770482,0.06773418460815164,0.10488537658812665,0.6646990670360973,164901
track_00029,EDM,122.69069568494616,0.8669515549966542,0.8081191970604747,-3.0462350771649795,0.06163398710532717,0.16060120609180029,0.21484463366270837,0.1408477241139729,0.5988820475722533,289503
track_00030,Pop,128.97223351733874,0.8579563471005365,0.6629536755022829,-3.0948525544246195,0.09295955786806231,0.4174149608915324,0.004279977641138417,0.136691576951773,0.8033614692136812,239567
track_00031,Reggae,89.83127189100979,0.7193315783994181,0.6814405285531892,-8.639116396900535,0.08893993244887802,0.3250888685657835,0.1630975531160272,0.1989508480871407,0.5401282085231006,269180
track_00032,Hip-Hop,84.56416686456747,0.8301638384335278,0.8226603027363397,-4.941586939976377,0.42673373700926376,0.11942615347086925,0.0026446902597667466,0.16711144033933142,0.8904080630097977,237695
track_00033,Classical,78.42248234759784,0.2593696353544246,0.1382704454092853,-11.933977452224813,0.0603367297684448,0.9795057244753729,0.9447160504530664,0.3310864583251093,0.513814607473958,455223
track_00034,Hip-Hop,88.02487922764838,0.7473402189479657,0.831396942965055,-2.9513614402625317,0.48530837585657727,0.19332695088894497,0.0028337450383384647,0.2657060519163017,0.8153100832683319,158328
track_00035,EDM,119.92700296014945,0.7311743617809008,0.9172416332381018,-1.1787216298792935,0.06972616414360643,0.1516605234421037,0.23808972427667427,0.22329217564575948,0.894369063588007,191929
track_00036,Classical,70.85187008111232,0.1058341337148149,0.2815304866711452,-22.085103403052912,0.03792032944325298,0.9733882085661025,0.974674330779816,0.4573296645117327,0.39799311788498437,533853
track_00037,Reggae,92.7842470096804,0.7423364118710172,0.5632782008319536,-7.292343170333025,0.08225554447014519,0.5234489347464757,0.18072357395974215,0.12219896278436214,0.5531364372807258,244068
track_00038,EDM,117.8383953783397,0.9007689105844362,0.8863610201571824,-1.0709575787782502,0.048498272682605925,0.18819315756855878,0.14591163024754428,0.1925238543867459,0.8140287446254051,240010
track_00039,Jazz,129.2713202431115,0.4294173545687373,0.4308904271499053,-5.565455252385851,0.0900483196314151,0.7448520159289276,0.9287713338374659,0.45001328732949913,0.4392107852754877,248744
track_00040,Pop,118.8419549210306,0.7592577102865428,0.6129214199777829,-7.207319207500382,0.10688851303630476,0.15304159629872444,0.011669813472906349,0.19067412112083146,0.7068483552453322,245883
track_00041,Reggae,97.1557605888087,0.7236692614090915,0.5339299218271467,-10.90567993125013,0.06622202352698625,0.4587557572356158,0.14870885392745892,0.21614742795947037,0.6164399243006748,241993
track_00042,Jazz,116.09945624729333,0.48320402851738875,0.45006944367774054,-17.590952803555265,0.060441125414488095,0.6619896373550498,0.8761398404752603,0.22000469010890739,0.631867472106038,241950
track_00043,Blues,92.23626077746125,0.6666483481101455,0.6785139034771284,-11.36863009859829,0.07636090014876659,0.33585270932184713,0.19184708706476442,0.24313253041446228,0.7364479364407119,192026
track_00044,Reggae,89.96009397824147,0.7155322873439327,0.6073439839107829,-10.071794629032809,0.08843265978552506,0.4467973068327789,0.06340019394686079,0.26999751863380206,0.7538862009459381,235309
track_00045,Blues,82.80639949471565,0.6007439321636118,0.5724518680568184,-8.431937798775044,0.06279759713558515,0.4793940912010535,0.19612964391280993,0.1700544741338655,0.6356548818080324,184923
track_00046,Classical,67.74737357508647,0.29104855365746873,0.3663173193679963,-23.636250410872226,0.029959233296232582,0.9491784530130964,0.9378273893682874,0.34195179548928695,0.45215909250993075,453625
track_00047,Jazz,109.40807081720843,0.6957575321232812,0.3925897945571852,-18.045140799465077,0.05194493876967747,0.7938516141707382,0.7192130571594365,0.45873023904234705,0.6845998716948589,251244
track_00048,Pop,111.48463123751395,0.7350285805772578,0.6055336127573743,-4.796448876363892,0.07897482406368123,0.2080233864406223,0.010341855530830425,0.23080461553175208,0.6664868124129257,189916
track_00049,EDM,120.28129956950448,0.9462394924064577,0.8619456367455064,-3.79019682162752,0.041138611636613844,0.1792945714518591,0.19086564860080343,0.24613681948415528,0.8672042040377401,211159
track_00050,Country,105.67184209461786,0.5354028376544748,0.5928500172447213,-7.708119727222324,0.09697702694136145,0.4989924685870829,0.19243718189836004,0.28029717022014977,0.5811149705931969,239894
track_00051,Hip-Hop,87.20657178030636,0.7252721485435537,0.692654182434486,-4.331857921409705,0.5892162390394468,0.02867233429878034,0.002254922153008643,0.11114991969406561,0.5209622745844795,254679
track_00052,Rock,141.35052159457632,0.7163773723801474,0.9031319098588835,-6.341990258167334,0.12383431403665822,0.14669439782847726,0.11758235693653121,0.24700127522930307,0.44416379907069053,261943
track_00053,Pop,116.57735207611681,0.829728996314262,0.6228707394824118,-5.430620826108832,0.06621080939022995,0.17248721744544693,0.04051516495616663,0.12700762733610949,0.6874606547985541,223484
track_00054,Jazz,124.63510399161522,0.6602431070487917,0.38626501182763295,-15.003693029922845,0.06559274191660455,0.5696483447035504,0.7066817365201671,0.4607364842843104,0.5216514864841825,323038
track_00055,Country,104.73145453267787,0.5001025723597937,0.5788548008207131,-4.504341976275686,0.05015538658652533,0.45565779257731576,0.1303359589756854,0.24252028145967863,0.7064091556855945,229220
track_00056,Pop,107.97088561960433,0.6445552272771352,0.7034919246210135,-5.583039666589368,0.06844550074645998,0.242590668339115,0.008138805051268438,0.19782680634318145,0.8175373171471445,239940
track_00057,Jazz,138.24689666848676,0.40675129822860595,0.43323390155262187,-8.279656724071994,0.0808027633824562,0.8175784944319675,0.9728666285311607,0.20540960294756902,0.5228190344768936,248484
track_00058,Metal,136.07391851802737,0.4624006148103802,0.8647791105160758,-5.3187471745401105,0.07437815359080957,0.0941524784775206,0.1756230393971403,0.21717042448663365,0.5022576349845003,183869
track_00059,Metal,162.7798681447724,0.4005987022376806,0.963171051149138,-1.9871773282568794,0.07228542908583635,0.023103580021396432,0.19387224899915523,0.2919252307579462,0.40724089365052246,339280
track_00060,Blues,95.26663119704791,0.6826388957605596,0.6216858170766327,-7.243137143991213,0.04402562395779273,0.5374823131805738,0.15440635719447096,0.26564255157731886,0.5511591168181326,262238
track_00061,Pop,108.31295935237713,0.6237559227325877,0.7219557093454703,-6.427092267268863,0.06414582155055466,0.48105685232034456,0.022199410717101516,0.13494171840975713,0.5794602610724556,218893
track_00062,Metal,169.42260273543724,0.5583188809439158,0.8139723841369324,-2.611944089502029,0.038641002572822616,0.06890117867881265,0.012308606826967373,0.1539947273710924,0.5305263213351726,203880
track_00063,Jazz,114.61277261540562,0.6327930549445726,0.5392627436959979,-11.931207105061354,0.058580917498777085,0.5725163668749442,0.9210415320162997,0.38041609579453584,0.5621813825974256,249004
track_00064,Blues,91.51077158409433,0.708568274866815,0.6588933581105401,-9.565609316768935,0.07123123201849088,0.5621532797853812,0.08367260768575863,0.2428306292784348,0.7583696681781158,273449
track_00065,Jazz,119.4905516118859,0.5891908571588951,0.32385591398894964,-12.679426635773751,0.04928894529230412,0.6848215588112607,0.7987915938593797,0.32706217317245245,0.5286546471896529,330045
track_00066,Blues,95.24607426683396,0.678896926269501,0.7943393587134653,-6.68680366364158,0.070688862807303,0.5576105748447776,0.0204448342263889,0.268904306262731,0.6747072365191897,240162
track_00067,Pop,99.75853092953984,0.8587004749319195,0.6708652873160198,-4.566221398590455,0.09719537427131777,0.188597419543856,0.001739959993417506,0.18184991475707946,0.6156772607863479,256394
track_00068,Country,107.14236482693929,0.6389262150979865,0.6841120834433077,-6.970751109428157,0.09209745587630694,0.5074434343587416,0.07572847668081882,0.18362613659418622,0.6639876937829738,280808
track_00069,EDM,116.2477207368782,0.810030192746234,0.8182274678179415,-1.4069812965490218,0.03854946751927643,0.039390726041744276,0.12382749608321802,0.1455556683235603,0.7335433069232061,194497
track_00070,Reggae,98.36434100949265,0.6881531602873083,0.6436911684360415,-5.721041452700283,0.06368804610777719,0.6813297059548553,0.09702638154286697,0.2947561001957858,0.5024594963392887,230100
track_00071,Country,129.79054963801389,0.6397102177386667,0.6121093507968653,-8.93510899005393,0.04765561939614332,0.6432191395691238,0.18943412336867882,0.12718654947346414,0.6492948663515654,196705
track_00072,Classical,68.88707092394694,0.10685222455870087,0.15111017523445935,-20.005886533306892,0.05563643725660432,0.8296803392972432,0.9398841411946971,0.4713204309550857,0.5995597148184688,436746
track_00073,Jazz,125.78955138853314,0.5010765739230236,0.47564578149451064,-15.26519559526514,0.04521637364153525,0.6114750042788768,0.7564175699437227,0.32840580573189315,0.563313513370463,292107
track_00074,Classical,58.23355056099947,0.10237956644903112,0.18794678267599055,-29.881518690919954,0.04257208479771189,0.812632105632828,0.9913510966831242,0.3247037885488606,0.383798309945764,338665
track_00075,Country,112.54636347770956,0.6620366857622445,0.6244621355185382,-4.564158018944437,0.090448257217,0.6022175358261087,0.04292759258088572,0.22754057020838575,0.6518249287221534,290049
track_00076,Blues,92.81239961658298,0.7328251478566701,0.6279775703163181,-5.7761645099079,0.0907135334896444,0.5101727993238568,0.1383011091627189,0.2766699402044208,0.6487151030234827,258672
track_00077,Reggae,95.77963900940642,0.7453340938516425,0.7827808101454241,-6.174661933847097,0.07740342322162286,0.5662861741028562,0.042748052412224395,0.2314637650312545,0.6274037037255376,213370
track_00078,Reggae,95.26053411237318,0.7486665827131314,0.5756209660550514,-8.820827708825654,0.06315156681016655,0.6928309514542523,0.07821844882964411,0.11599649655935096,0.5269477257716252,287220
track_00079,Rock,132.01892661629736,0.5846466752108418,0.7699755073799176,-4.861485282958854,0.03369302139109921,0.2852388243739664,0.22819840260708193,0.244217036940692,0.7726259920031674,289394
track_00080,Reggae,87.50418952057282,0.721941639107352,0.5589447957208756,-10.239988934687755,0.05041432864908638,0.6831341217794011,0.1709234926303671,0.14609896747030418,0.5982698881766378,280760
track_00081,EDM,135.84994012877314,0.7283911352443844,0.961202342097697,-3.733962591788213,0.03995715950858375,0.11807619304077216,0.021035413724096896,0.10525954533693371,0.6044114661173797,232104
track_00082,Reggae,87.26801711474796,0.6340305282289034,0.5764161501372647,-10.15727677618619,0.07337418364154637,0.46456437270418616,0.1895465608012611,0.12527402838940102,0.7921076404550597,254312
track_00083,Country,109.24196774442504,0.5878109580708321,0.643594447205713,-8.082871289155145,0.041448852688967266,0.5307545078540825,0.0904549024578278,0.1032216437098674,0.5351135218118979,265982
track_00084,Rock,132.46483158260034,0.5263318742370322,0.9004541985873715,-3.729315290209949,0.036934583642383695,0.14219600177010003,0.21498958101060942,0.2311844944733853,0.5614194483254754,196065
track_00085,Country,63.03378094310662,0.5394576815452807,0.6292972000620111,-7.043954018133983,0.05372957791131013,0.4440726727068781,0.11043216539420249,0.25056340521776194,0.5845998058054915,239405
track_00086,Country,100.75248574766348,0.6919652307814639,0.4121527518823966,-9.26253290474653,0.044214941504404345,0.5205855773845659,0.16914897566515263,0.1692532101575861,0.6963863580546389,286283
track_00087,Hip-Hop,85.82156398900274,0.7785110007544109,0.7378798648914671,-6.579122435277385,0.48819512350738936,0.09044652460630782,0.09680209612276285,0.2405895097233813,0.5546889105493863,183615
track_00088,Rock,137.38069635163254,0.6950890922220523,0.7987017188986698,-7.2598201044387025,0.06145355664201558,0.20291320173790306,0.12321012017596293,0.31612482072770287,0.6046144776939167,277662
track_00089,Country,87.57818038190628,0.5731104511473789,0.6394818989638916,-5.299979848452277,0.054661164806373196,0.4896843184239341,0.111964957776558,0.10167313199682884,0.5248001113959627,222595
track_00090,Hip-Hop,90.41257317711253,0.8831136572834324,0.879933966350596,-4.056814030159627,0.43170877319413437,0.013464304941815409,0.09201138133226289,0.19405924453831497,0.5115986977343792,157432
track_00091,Hip-Hop,84.43503185156159,0.9486397851524349,0.7260216885756493,-4.352253783898345,0.331428760935432,0.13626834714206076,0.02387658940039733,0.267112959714247,0.813567833947016,245739
track_00092,Rock,148.01693238255976,0.5038269439122292,0.9085688967243206,-7.074005481557538,0.09786689798716644,0.29472418060566535,0.10507098429812302,0.3751295515515384,0.4535899466999125,192974
track_00093,Classical,58.29637252414413,0.25868731637747233,0.37447898098878485,-26.60872962857782,0.06904474731614663,0.9866450122638257,0.9938361600296017,0.4742469384960504,0.41856840494404113,343563
track_00094,Blues,91.01716087380949,0.7379403069723738,0.7174612560739642,-7.113181531415335,0.058658381282981994,0.33986556883071034,0.0544934368066192,0.26635706003703186,0.7941412393349214,229695
track_00095,EDM,131.92615490211227,0.8257107654997716,0.8103764155187985,-0.2888314025441687,0.05108903913001934,0.06501152867836306,0.047437970889920474,0.16770532694536716,0.5082046412093558,189649
track_00096,Blues,81.96141233389663,0.7213439159564464,0.6880351451155534,-7.533977353486263,0.07772328322153493,0.5214912925593445,0.1972828036965778,0.2464581134851392,0.7330839165177564,292909
track_00097,Reggae,88.75727315243611,0.7949356821614233,0.681162173547857,-6.855119198590732,0.046629017678083896,0.644841629380592,0.1678384685743077,0.23059854630834353,0.6506824593786162,279242
track_00098,EDM,129.15471038703345,0.8485829334816489,0.9187221088892829,-4.179075179718207,0.03493854294922944,0.19601038859529696,0.11811575089591125,0.14548434574470587,0.5685298177817499,284741
track_00099,Reggae,98.02677981180904,0.6176012055022905,0.7680603750495312,-9.275135222336662,0.058802164385821476,0.48494457889909565,0.07801321314952565,0.2727154006278292,0.7787782925593676,252743
track_00100,Country,112.2393634423789,0.5665395965127942,0.4645361791138123,-5.0477321327861695,0.09909576548041793,0.5670641770443897,0.05560974966666785,0.1797131923200108,0.5510390982150827,248449
track_00101,Jazz,91.36415474473299,0.4968051121233461,0.49347189715947504,-7.2277332602900906,0.07655172348359958,0.9265864893233613,0.779379133564309,0.35585055642949437,0.4802146156268304,302040
track_00102,Rock,147.69565143781008,0.6984572972438525,0.877574321325721,-4.84604070851605,0.09856074341436925,0.12002507645522709,0.034933657225413424,0.2789423732631857,0.5099916767894561,286397
track_00103,EDM,124.28288757445608,0.8734613465680665,0.9290797348624971,-1.563137671210967,0.04490109811211179,0.05248156451414901,0.2279163986042776,0.2547294790110668,0.6822465495867363,294462
track_00104,EDM,125.37058871137434,0.7028474170221382,0.9393014366953778,-3.1197910444542174,0.06770438840634624,0.16359695421544107,0.17630834085939365,0.1504363963638539,0.5814869573110666,275740
track_00105,Country,120.53338810077676,0.524147170623633,0.6855296548426979,-5.255361617607796,0.05617495087947487,0.568843783286089,0.00946490602728427,0.10824556279981208,0.5752395005335889,198800
track_00106,Classical,79.6517728350589,0.18720965959451757,0.2890103732627315,-23.188481251577628,0.03806954118712672,0.9156459572339027,0.949812967418398,0.37386091074499433,0.3146642325148092,362157
track_00107,Hip-Hop,95.19164492315416,0.9286144127202353,0.6270340898802433,-3.3771112812858206,0.48504506531267255,0.1795911536489584,0.029254042848156983,0.23677867095553537,0.8179191019283106,167883
track_00108,Country,94.66699000334137,0.6212480711443749,0.49167293779834775,-6.894166385863393,0.05673706133316882,0.5692903194009491,0.022906573665269648,0.2993981005625102,0.6276667633090153,287697
track_00109,Metal,150.42631963830613,0.4681055922059886,0.8043477676127415,-3.397147278504133,0.04958858710060016,0.11542445398288843,0.14048350563007292,0.2268183890159678,0.5953933108120099,268989
track_00110,Hip-Hop,80.91080401169323,0.779073087181406,0.8928211758095713,-6.459010552597649,0.43683816268399,0.009006067715200893,0.03972275295662325,0.21426400308662052,0.881249845003186,203281
track_00111,Rock,137.91804232435044,0.5334781774300001,0.9519294172115809,-3.0198082400199286,0.06511306728475746,0.2073354777525299,0.28248995444556085,0.313338855400927,0.5182553327118545,275842
track_00112,Hip-Hop,87.31481180352891,0.9306247240756258,0.8557998459305163,-3.350699406482308,0.4178205342672683,0.15131421128963005,0.04643317447951528,0.15067962151187453,0.7020112184595068,218602
track_00113,Classical,65.30601837564525,0.20343007245677544,0.21099966578799326,-15.18440265678655,0.06705123075392477,0.9526570380406318,0.9722611724834449,0.26135130160783876,0.3351879916961915,312204
track_00114,Hip-Hop,92.65821233074519,0.7826982478569139,0.8264820600474987,-6.023878854500272,0.34146962603560116,0.11971213561449122,0.09799144327823804,0.14517628258671517,0.7448634635772916,253700
track_00115,Rock,158.97887292658706,0.6539659927483457,0.9616318191239743,-7.9774408833969215,0.04034990055647579,0.3809696834974019,0.1134589048584657,0.27292166543609003,0.7168012504520784,194434
track_00116,Classical,68.86187461586242,0.12494722264433583,0.15651046962012094,-22.98155810068641,0.07583175606044112,0.9599356827307203,0.9432801561226317,0.3479230129362722,0.30624378306656597,331153
track_00117,Blues,102.53747618929417,0.6922067136195624,0.5977670430180928,-8.67041478352558,0.07616845193600558,0.6943966288682637,0.18755291186364487,0.2724305916586244,0.7667391607114575,243197
track_00118,EDM,136.69848703560032,0.8070283924368103,0.9760495988951128,-0.195479229355203,0.06572005449585988,0.14383560481039592,0.17549782008174655,0.23785232709319098,0.8756436882930756,256816
track_00119,EDM,137.5978004298482,0.8698117503310686,0.8504557919153674,-2.0663423630512407,0.06183652569680626,0.09501579601004878,0.23798942300962048,0.17197651955091095,0.8755040508655036,280553
track_00120,Reggae,91.77777092667989,0.6396745079695403,0.7884921476945912,-8.419727219701677,0.08403522221726203,0.4644188774224232,0.07102635280514327,0.18143285969342499,0.6227589931356949,270945
track_00121,Blues,86.99249106589113,0.726865871451476,0.7454945634962815,-7.5140210450908,0.05862388571775069,0.5624444601912668,0.042092349536642454,0.16365099945588418,0.5720208959321536,222145
track_00122,Blues,92.7194150718189,0.7817961783829729,0.6913791468738997,-6.6158109133348875,0.06211374814166283,0.6840047523276501,0.16409225803166302,0.27078969260290875,0.5516582802277263,254092
track_00123,Hip-Hop,80.01546519834805,0.9138520405260719,0.6095654385625776,-7.543400066115354,0.3821744611889711,0.05996189239483309,0.02318596138828484,0.25958863785066,0.7252506375568187,293279
track_00124,EDM,123.33568444103203,0.7119499274144373,0.8382986819861605,-4.163493100034249,0.037247778378767304,0.13438877716973005,0.1378449903150496,0.2983557756669386,0.5907543659211779,216776
track_00125,Rock,147.19168666355438,0.7836889033246992,0.8328811365203308,-5.804945035826649,0.08716059521932394,0.3798538664080898,0.022825418029652177,0.2503359102476045,0.6747809765541753,205362
track_00126,Pop,133.19771787312598,0.712613206169796,0.6603962501677083,-5.225665415004215,0.10573301639037092,0.10150707782021323,0.031568871819771464,0.21930320013972615,0.627260874321664,209986
track_00127,Pop,123.72932867575457,0.6799132924290071,0.8248632711384588,-3.3631679526922325,0.0781828006838114,0.4561210228454081,0.01919744471314863,0.24736336636594003,0.6903768870190896,249715
track_00128,Classical,94.26192814683067,0.2855868402474043,0.236228978013261,-15.310259193551927,0.04203042886587753,0.803776175715247,0.9100530358691836,0.34886584384697733,0.47598574285054496,379599
track_00129,EDM,122.29895157738834,0.7592450795972461,0.8895950384277054,-4.055653085922256,0.04074396646004343,0.10687711284705265,0.24978270391151564,0.18036793713798416,0.7867901094214194,204686
track_00130,EDM,128.21325943227663,0.7760388136213663,0.9541629043328642,-3.3638940841927307,0.03968783568052569,0.03381154982674115,0.23245752065458675,0.12594125159800537,0.6815015041001414,191278
track_00131,Pop,96.21276040322013,0.6535988416017309,0.791333107733636,-4.068390969319615,0.08965948022610984,0.4829254452765491,0.015908163521132713,0.14392380909586744,0.7709867075737848,250022
track_00132,EDM,124.37242225759842,0.865926119731564,0.8762201027223628,-1.4026488434330942,0.0434466135431832,0.05805673546295207,0.1623564167571073,0.10474327206115813,0.5319156494536001,183420
track_00133,Hip-Hop,91.54389219382168,0.9039551308157416,0.8804396909020499,-2.9544569373592395,0.4931037707871493,0.1827911156869522,0.046735728833161176,0.22529712799415147,0.8180866346121531,208541
track_00134,Metal,160.5383078871367,0.440186207454636,0.9147306405977514,-3.7759725247060913,0.0634244310491702,0.12598410081225192,0.0035667580387246604,0.2082323118201317,0.3265460687097042,250560
track_00135,Jazz,119.45129940184731,0.6539603479370215,0.4515497134568197,-8.77947890987617,0.04833759431493498,0.62620690648828,0.9195328285113017,0.24942020266631723,0.4405423738619707,389119
track_00136,Blues,81.3109769207675,0.6695199628917302,0.7138315380550714,-8.114960293658598,0.09425147245314568,0.5408675077555533,0.09860364169630063,0.25715054477734656,0.7842601552200337,227020
track_00137,Reggae,85.6180312826262,0.77693499699067,0.6848672754820859,-8.99892400773963,0.050940111014693173,0.6769203751604826,0.15101364082632504,0.14160491254664978,0.6013132324172674,233223
track_00138,Classical,76.80342577986325,0.16813336416434893,0.21313359536033338,-11.872170352756815,0.05180693390211892,0.8275525858797039,0.9369056159341804,0.4166292338803642,0.2696736752272067,391205
track_00139,Metal,156.0656210372545,0.502200411320956,0.9083012564244975,-1.782861021454754,0.0680871353234758,0.011659440772471408,0.19968424678475483,0.25048049074389345,0.559170994888234,238548
track_00140,Pop,95.90802541022757,0.718870657361191,0.7016563793874959,-5.195938291112414,0.0659886273097207,0.42888446212308173,0.014780113875211066,0.24107253817933638,0.7052862967118207,234933
track_00141,Blues,92.19575066850209,0.7040165366433168,0.7490750578344155,-9.065255254767239,0.05163963737340384,0.41394107064424546,0.10103280365866296,0.20626615853463515,0.7416742479323701,186047
track_00142,EDM,132.16589715635092,0.8538070507000508,0.888636015028932,-1.8365197929824353,0.064515171363969,0.015971284916451303,0.23339532779653627,0.19860582090420786,0.7256507775047986,182994
track_00143,Reggae,94.91961768622227,0.6595959589324539,0.5035614040008078,-9.89541051607479,0.0746845029510899,0.4503753501613173,0.10697455115175106,0.2753196237670037,0.7737455162691106,237410
track_00144,EDM,126.8161972098123,0.8662000109667711,0.8678261630969406,-4.647475222158714,0.0532015395160369,0.1439389142921675,0.028272105143174228,0.2267535319596992,0.6145464271548634,278941
track_00145,Rock,139.80081603700268,0.6465004739013004,0.7067709089720328,-5.191508082579883,0.06528040663139437,0.2679679304607848,0.09027572194962563,0.15014029446079216,0.5628694954395501,197533
track_00146,Rock,137.52119880921336,0.5891288657519244,0.716281355616812,-5.823586273500012,0.04042354895834194,0.31051409021982856,0.015792633788148335,0.11779266844032904,0.5221303596133066,292175
track_00147,Reggae,90.7958855796129,0.6528808595859291,0.6582873370516124,-8.377772934309961,0.09546126077162803,0.5196332890274891,0.11659969594366314,0.18033062515287607,0.7847238809548451,288500
track_00148,Reggae,86.52140437766457,0.7997196335873087,0.6870883498583948,-8.089051037827325,0.04357074655383846,0.40933155066635624,0.18493253765831916,0.17084920063784886,0.6984959601401753,245077
track_00149,Pop,104.44010188073156,0.8176704742679844,0.657456510448134,-7.995470823769549,0.10006657974378431,0.16847389753405012,0.005224119765391733,0.14750322411881203,0.6519602089290816,245363
track_00150,Reggae,84.74972605088406,0.6028553963371664,0.6803950473008453,-8.061571828928281,0.04808294385218355,0.3603663930854119,0.15853549755892538,0.2775124916825366,0.5849050897651309,206639
track_00151,Hip-Hop,86.7001730460287,0.7640637309722681,0.7140584993925533,-2.772368894299298,0.49894434881994676,0.1025135638025065,0.06836995457246207,0.10393664307628275,0.7942570640045461,220979
track_00152,EDM,126.52859693719326,0.814411404008385,0.8517363547602858,-1.422185863338838,0.05886306104340108,0.056479422021165404,0.25059193825753506,0.163368988730066,0.7900372495946169,290013
track_00153,Metal,154.8857752002158,0.4781621303003584,0.9291022970957399,-4.018219140162626,0.033891957655525703,0.07472693041854486,0.1377535031918303,0.2341990922260632,0.3480589239616328,319592
track_00154,Country,90.80187724129712,0.7010800815242931,0.6697750920944694,-6.257479693784603,0.03039419189236376,0.45589503295556005,0.01994524077067359,0.172664895113802,0.6504052980901238,185079
track_00155,Reggae,85.83697875478624,0.7663980106220695,0.6715544986671337,-7.9127712363956615,0.052586524826746486,0.3296434997201553,0.09294496061613429,0.2231223903844718,0.5285139375985057,194901
track_00156,Classical,75.29837896065064,0.2113688826269125,0.3787062657150404,-22.440632887174317,0.047820548346390684,0.8177044630429458,0.9608999111051929,0.2864635905344318,0.26412361580622756,512650
track_00157,Rock,131.98137823161917,0.7094646360483419,0.8871316571952559,-8.67687902077452,0.08633218345848526,0.31609687494356803,0.15883072216238295,0.21864672285507109,0.5289353832323775,230603
track_00158,Hip-Hop,85.30543086299156,0.9415249681828705,0.8496713824683685,-6.292338412638937,0.4090119625494293,0.1393536751512232,0.09789296470169905,0.13447809366714314,0.6429932413967532,267718
track_00159,Blues,86.40522910572368,0.6041864058984147,0.6812346874942848,-7.305078480978743,0.0761515534075152,0.32852919576512574,0.013846025149126341,0.1420773108988248,0.5870883547096744,240635
track_00160,Country,92.8546293902195,0.6172650850552884,0.500240923562852,-9.355833289295994,0.0401940116967816,0.4100313956683293,0.09404981706575087,0.29088953897059766,0.534702567094435,205538
track_00161,Metal,147.32101081510316,0.579762937825794,0.8496937048833484,-2.7873408233031682,0.043756387868804605,0.10142877652807702,0.1572585785192556,0.2763445047032521,0.551609172088515,297744
track_00162,Country,89.18699175160901,0.6726752598747915,0.5602083191154152,-7.725034816120339,0.053819248756382165,0.5862497898322578,0.17819907492885298,0.19923518522022304,0.7474169492230761,292753
track_00163,Reggae,93.23564545071173,0.670487188305315,0.7139050507201337,-10.896074651183557,0.05513614537605076,0.3626589513454534,0.19058206271270195,0.18108079217018483,0.6011659729730678,229322
track_00164,Pop,104.86148103054047,0.6401823658200001,0.8359472223019895,-3.978985463511095,0.06264584314638193,0.2626271231621964,0.01778109996287828,0.25820081481308144,0.7040851665912489,229831
track_00165,Rock,147.38889702442472,0.7123586310362613,0.7459888481546162,-3.5967371800221812,0.03772861392180518,0.11651131266781486,0.0562051252987281,0.37283823941463146,0.6079992496147688,212535
track_00166,Rock,131.03225886195784,0.5512834680702757,0.7131713840891911,-5.424109149664446,0.12287233545884066,0.344148739477853,0.14805275479817998,0.1616104554069956,0.6948910708999307,205968
track_00167,Blues,78.02673870783957,0.689896552420216,0.7915773652107005,-6.048128239648531,0.08238212631101846,0.4161915836893018,0.03303459990368956,0.28428672580489067,0.6269226568389449,215421
track_00168,Pop,106.88544275963284,0.6214509072994906,0.6974143555720288,-4.291984901313956,0.07705103456515722,0.23211767018725366,0.029767786125515595,0.274440905799779,0.5190332770184449,192460
track_00169,EDM,122.36559176933918,0.9283532345410079,0.8551113340242458,-0.995952526615838,0.06673032671765225,0.1206007680859823,0.24091686536735366,0.25833901984034935,0.5772631004483919,251975
track_00170,Jazz,135.5221476508213,0.4964987414184241,0.3396485332575071,-14.35418693398287,0.08033577639595396,0.8911979043222296,0.8592251807164426,0.3769503183319267,0.38024654844986105,402582
track_00171,Hip-Hop,88.08640596304232,0.8196459331081933,0.8097318616199094,-2.4692646013488435,0.41201356786105203,0.27063667147361625,0.09174562218910136,0.2861325007934261,0.6081784741885705,261688
track_00172,Rock,140.1534778781903,0.5765010957503227,0.7787650690060001,-9.725228628503,0.0666533071858178,0.323381103701014,0.014255327162133112,0.1657885847514492,0.6824929994127128,212210
track_00173,Classical,88.5204004481367,0.1775904337309784,0.14797397350723826,-22.03701012954187,0.05479806921218858,0.989610656370578,0.9068750952088678,0.3522182281534882,0.33156791128428975,346870
track_00174,Rock,135.82216987486382,0.7164945632755209,0.7223984933935672,-3.5989174117216685,0.03247721274549519,0.38870504003148343,0.13870668028039873,0.2238009832010624,0.5025776069852753,181408
track_00175,Country,79.47125579650765,0.7116376939549657,0.5280715961908911,-6.687890966226092,0.04616591652191211,0.6230507607337226,0.10639766365415637,0.26180691004806833,0.7342198190086009,216212
track_00176,Rock,128.19164083007865,0.6519109212956626,0.9015676046909118,-3.6186725614760027,0.0902594412916384,0.3897516325174991,0.2824904556220106,0.35951875899530816,0.5999909059849675,198413
track_00177,Rock,143.34327054553503,0.5773265646884329,0.767928881526295,-6.635001604609508,0.08986212284931291,0.16452556863552786,0.08155821801777473,0.1509115717465735,0.6873840713292667,216365
track_00178,Jazz,115.6502796834504,0.4397931623361897,0.45559160719980374,-8.313987284607956,0.05563800728542009,0.5814582965008095,0.801045733290237,0.3664097529749948,0.5301118379419,312847
track_00179,Jazz,116.96847609102245,0.6348802518219602,0.5238764683050616,-10.930809297421677,0.08118199639472078,0.5091778621895708,0.7935332940415065,0.3913466537778231,0.30373798139449765,317123
track_00180,Metal,176.52748955816878,0.43723849397574654,0.9035357336461914,-1.8408794080700828,0.06296894643007325,0.06983207731314996,0.13406392679630857,0.22848531460171545,0.5793057827639112,291780
track_00181,EDM,121.3010698577857,0.8948941122153173,0.9150416586125603,-0.07365005949549186,0.03990024514279216,0.015931168186177392,0.020967543566384306,0.22800607767033607,0.8757040915646095,219994
track_00182,Classical,82.46411301045754,0.12937931377555584,0.39125625936031017,-11.050455312087507,0.07307431922349575,0.8429113042660005,0.9634055056010984,0.42826744188837207,0.5944111712785718,316738
track_00183,Rock,153.16478810590567,0.5814077105573411,0.755562253493168,-5.23080770256481,0.09400738698081654,0.25432116062385535,0.07703085466137395,0.1104640917460083,0.5641076553326868,277123
track_00184,Rock,139.0548930392016,0.6095732604846116,0.8178356938986114,-5.1305147258821435,0.142546437131386,0.2627076851476965,0.23051997868463395,0.12676196764508915,0.4844632149727708,291391
track_00185,Hip-Hop,87.35800983003776,0.7095295612971229,0.7464291047618482,-3.7278238576732914,0.5606854183802419,0.2802109471977031,0.032744056295406665,0.12716648568265315,0.594770368292579,253025
track_00186,Jazz,141.9973935747801,0.6027434907228199,0.4679649496730951,-8.154895793108665,0.08432830300472119,0.8126057669287575,0.9959146514886676,0.3600769190331226,0.3452423026006879,353805
track_00187,Classical,76.78286870707176,0.2529772320330592,0.10664698882487306,-19.96574366623016,0.036481249639245004,0.9297291318124126,0.9721553882593461,0.45885877313878476,0.3901664948416057,580558
track_00188,Blues,88.145382444251,0.6987974360286983,0.7374920216549189,-8.670071452676606,0.07219739678412963,0.6084544192683288,0.1322530612530183,0.1818689841764785,0.7686238133582657,287012
track_00189,Metal,168.2092287910971,0.5433046124796208,0.9717972782064234,-1.0420288216791667,0.044701985501999955,0.14204866838545183,0.023079971656165644,0.18136185827136989,0.5543915079937771,312850
track_00190,EDM,123.44245015661564,0.7016963882442069,0.8086912492602342,-0.4800999547207958,0.05110254885427222,0.14718039717370499,0.2515502971329438,0.28991735351291703,0.8477411391691183,199585
track_00191,Pop,95.90528982098743,0.6464825356013808,0.8122586283208683,-5.392002435044391,0.11532934886653466,0.4224066018412277,0.03464858968868337,0.1010051006730624,0.6711293826553,210215
track_00192,EDM,131.44193465356406,0.7086259691245814,0.8576250257709384,-1.1577604977019114,0.03821087763215207,0.1424376387348229,0.17393395277082474,0.13437137395009296,0.604649922516732,294902
track_00193,Country,98.39440390498203,0.6801661136269656,0.5664420274821844,-7.462741189199327,0.06960260949572078,0.509635445395982,0.1872292670864226,0.11098097818215487,0.7020174437089506,252153
track_00194,Rock,134.44713897398964,0.5836898583260581,0.7541162427903139,-6.132475666169193,0.05585633192990535,0.16010525543452178,0.2971595715251454,0.34052422505372826,0.6993107281017501,282067
track_00195,Metal,162.93051090921554,0.503945437565991,0.9661844981643701,-5.792020218717653,0.031155533423389607,0.07460141997571215,0.029757656769830578,0.2116768955140444,0.5752046704520246,180997
track_00196,Country,94.62025121918887,0.7408710696640431,0.6730815313761849,-6.2168731465109595,0.07058752411700522,0.5110267840209912,0.0036676778021299764,0.12552463724755064,0.7262693970048646,235965
track_00197,Classical,77.03492148225025,0.12450382850741877,0.16360835515066868,-29.409160627770135,0.046036114977882424,0.8555665799129308,0.9869905933890321,0.3814822439593265,0.4456362951902807,516249
track_00198,Pop,114.22178563863527,0.6702915298011534,0.7447342940513393,-4.764161139745072,0.09808202548672296,0.41056132880884133,0.015566962146470825,0.21355539128637563,0.8926316119058377,230897
track_00199,Jazz,118.9755727906479,0.6031382465721705,0.5623515885114231,-8.761742523636528,0.09631513574671031,0.5269491451968944,0.7036539506249624,0.3984014341508638,0.4157409640888985,334542
track_00200,Metal,150.1751187710072,0.42822248637129456,0.8269595656838955,-1.4316520127864028,0.053514196813161836,0.1138301961309143,0.1856212178956175,0.20605264512766971,0.40607734378719557,334473
track_00201,Metal,155.41123154975003,0.5225419425738516,0.9513409820222939,-2.6654730665789486,0.04170140876534373,0.11761724917093955,0.1141379323153696,0.1968532396219451,0.46499369591515927,310469
track_00202,Rock,129.82415222786625,0.6087294233563312,0.9212809288103266,-5.8019669222280585,0.051308640315794116,0.19111992672656364,0.10103778332463204,0.27034843335169484,0.7326393185764306,296750
track_00203,Reggae,89.55543704548269,0.637248987659955,0.6456034691403254,-6.188759299002888,0.09703670648457342,0.5537010613806149,0.0707811334423634,0.22066511312891968,0.5936003918325351,193222
track_00204,Metal,153.11275843475727,0.5859501530313502,0.9216426544759151,-4.900002638816874,0.05396081287167581,0.1350808874270588,0.0647258249160958,0.11592832125780464,0.4750306904132655,356169
track_00205,Hip-Hop,89.55007055557361,0.9087558970929235,0.644223835090195,-3.750980468986575,0.4306396575215935,0.07507389757888107,0.0686938355666703,0.24853214373128427,0.5719585274939355,218591
track_00206,Pop,114.66549125750174,0.7821800010304464,0.7191560401271572,-3.671495038379982,0.05224767063374408,0.3575471710220506,0.03814744392557806,0.2518973138376614,0.8544295868382101,225520
track_00207,Pop,112.87910330079575,0.750962825025463,0.6035199158207226,-7.965212063483544,0.06680886343160639,0.1403228788556341,0.013010568396787681,0.1354086589056795,0.5114080099354593,190247
track_00208,Hip-Hop,87.71101503454524,0.8478998307291848,0.6036187553467202,-7.794249930136746,0.5107015302305585,0.08372554084538504,0.057937972734794875,0.14045543621813378,0.6080995500246856,160236
track_00209,Blues,91.4961823095922,0.6689573857309074,0.7680945947271443,-9.959381502941653,0.07376269260053217,0.3398923889375529,0.18439112602655006,0.12815409155424268,0.5674690417191222,280190
track_00210,Hip-Hop,88.71222119323478,0.8910232500532453,0.7858053917808897,-6.607196523199063,0.3002829127582471,0.22714517409223176,0.09852073259110938,0.2619826240612181,0.6840826472626461,234612
track_00211,Hip-Hop,90.3708710257278,0.7342297059989157,0.7023051279357609,-6.873631547010358,0.5463600610049864,0.2744261704013879,0.053692326142011707,0.2455528081025888,0.548585908362851,210721
track_00212,Pop,84.43987838535053,0.6689884246203103,0.6370334805040958,-4.730850180861612,0.09768464804750843,0.40086195690306636,0.025178844816929575,0.2788109210407773,0.8745371013592911,195225
track_00213,EDM,120.92237966543146,0.9457362304050553,0.8548272334383877,-3.986715390047845,0.04768616455146331,0.011368114142477693,0.29354833940153724,0.21768671128328496,0.7227808366656701,197358
track_00214,Pop,124.77872272211138,0.8156977426194183,0.7917322315872899,-5.9194072778407,0.0511836869279457,0.34721747164949496,0.0031547340591607854,0.1215711552307029,0.7601002878584759,220883
track_00215,Reggae,89.05765481624687,0.7957156789718749,0.7896326662216131,-9.086173004479473,0.05592995303309693,0.4210368610656463,0.05375625963232083,0.20644916142835612,0.6820579423402786,222311
track_00216,Rock,118.29017064843231,0.7944247165500993,0.8013267961396687,-5.078778100181079,0.05671243638494852,0.1783600513821739,0.1535706363808872,0.1958854376524214,0.46704862553623383,189808
track_00217,Country,82.5764739048159,0.5060600647555974,0.5875058362504312,-8.48458864517388,0.07682675970477923,0.6241025498790878,0.18318554922075625,0.29162455909592255,0.5031578138929105,256289
track_00218,EDM,130.26971579878509,0.762343946998973,0.9781333351783814,-1.40734340938877,0.03291873331702751,0.16422522089703595,0.14791053646206143,0.26935660543376583,0.7402959097801574,219963
track_00219,Jazz,99.47734188111895,0.43226841753113027,0.43203830896389794,-18.150412920178628,0.06918679670146285,0.8126085293264261,0.9482152580822074,0.40359483115486,0.3260799066824602,303308
track_00220,Country,97.01894594784201,0.6173257490900017,0.6773868453527585,-7.614448784136121,0.07374457288519196,0.633945602686943,0.15678505582837754,0.20385601647905427,0.7573855836207009,268771
track_00221,Rock,126.812223335027,0.6432464151387283,0.8483793312008394,-6.570477727285975,0.09465271033381394,0.17729710689734657,0.10987235434008451,0.23025597758904087,0.45244848380659997,228738
track_00222,Reggae,89.59635558553921,0.7107061770714367,0.6848332401247164,-8.679721006147963,0.06349999257272854,0.6661907524873325,0.025122540704060416,0.1836893579432456,0.6033685723963627,232799
track_00223,Reggae,89.45657539431286,0.6042384492455706,0.5682472672607187,-8.670655699842188,0.06546377756491215,0.6441480549121922,0.10842750186123334,0.2379271483830242,0.6407969891130411,263749
track_00224,Jazz,135.96174080634307,0.618278002991423,0.503794999594066,-12.942489213654767,0.0632739117371038,0.6879799548203318,0.8920146390790169,0.348438306482562,0.6396528991954042,270755
track_00225,EDM,127.80950208663019,0.7469027471363561,0.8043295805174496,-2.399902268552381,0.057199141946030464,0.017150210182220873,0.13827623187589788,0.24872573572014933,0.8943227284033701,244666
track_00226,Blues,88.79845465927582,0.6402922991586321,0.5702583276850439,-8.35112572323154,0.05032599115899173,0.4221726770732129,0.06429249558956089,0.13192598665055283,0.5615548500185482,214954
track_00227,Hip-Hop,91.6271175784688,0.8195242547045554,0.7515679433405023,-2.8927556873315368,0.5042785609930508,0.2691729975574925,0.08908267535742687,0.2952980068088498,0.7800858635381337,193168
track_00228,EDM,132.19542421213743,0.8763451399118543,0.8583155433519862,-3.585262159813344,0.03953151105792273,0.17502441147029005,0.2603893340046475,0.22619408897401164,0.6891923925482943,290960
track_00229,Blues,87.01280851263726,0.6523505738074047,0.6537772775801889,-9.685794330209987,0.09163068919524671,0.4895040614954881,0.15991572882040062,0.21612395209647073,0.7319270424851336,183729
track_00230,Reggae,92.83255964720595,0.6838149366250882,0.505076403039483,-9.445299686322425,0.05642259503037056,0.5024145080909923,0.06728210943665384,0.24523642698929224,0.6529797486222946,186408
track_00231,Pop,119.40353993877913,0.8952494878449645,0.6049753709350194,-4.504862929789525,0.0677038263889401,0.11619512973132179,0.020144478947831543,0.287043562034175,0.5047060377467991,186858
track_00232,Rock,134.79031448768905,0.5639181653052606,0.7813188970421091,-7.870275819593907,0.09173755705572367,0.3140372081302133,0.2778624523202051,0.12653127620065074,0.7817477448912944,299396
track_00233,Jazz,95.76035499424417,0.5354010175462292,0.4152582554777932,-13.51499150182002,0.09875571193651855,0.5443164873747903,0.976669260951619,0.344071014041308,0.5494968981998164,360212
track_00234,Rock,131.31403569364292,0.6081389087447767,0.8291265724263901,-7.133370638049002,0.07496772270429118,0.3776587964940685,0.24867896735790362,0.13269999695889284,0.44324934099083846,236132
track_00235,Classical,65.47364734784176,0.23151366115692248,0.3649358220024326,-18.459162760199497,0.04124117828192067,0.9641819268141232,0.9782512008205829,0.36325464626939025,0.26174470795836013,342597
track_00236,Classical,71.72336006203629,0.26912526002300374,0.3733702930944015,-13.587452131619266,0.02767699645518589,0.9995830268824575,0.9258584221552774,0.417261473842511,0.5632139505342886,538078
track_00237,EDM,122.82690670446378,0.7743866903358325,0.9825402020714221,-4.035986026616967,0.04557472041525602,0.18806236018555034,0.12813196885111272,0.21093873712941155,0.532134746627795,202560
track_00238,Reggae,99.09969283659584,0.6381618982892614,0.6658525387954305,-10.227282458718244,0.09733728278688136,0.31145247753426114,0.03994565602224731,0.14846212127748953,0.624220347730345,193727
track_00239,Reggae,92.3254092457138,0.6580184529901496,0.684033641770397,-9.523380185492172,0.06001689345866089,0.3151753251743742,0.02939208118076231,0.28341563977309575,0.799483228661974,192875
track_00240,Hip-Hop,75.86619003003213,0.7876175505794819,0.857644174402457,-7.240733247719551,0.4696934647154366,0.04261848283291867,0.07047958361321867,0.28101562555889625,0.6738430615469013,219918
track_00241,Hip-Hop,98.40254435816622,0.872307434090738,0.6320650125261094,-3.073336833550904,0.43065150823597775,0.02170455296924566,0.07861826691982132,0.1753899943372544,0.5401469980380216,154870
track_00242,Hip-Hop,82.87802389644669,0.9200328383584104,0.866326052824196,-2.254019151146161,0.5603116379300064,0.0006422758036425669,0.03802411664133903,0.26370851598110057,0.6465012023993897,292735
track_00243,Pop,98.76194688527598,0.8713421781843863,0.7258070863465294,-5.676078970312496,0.11982596219633271,0.2974001456290467,0.008919912596429052,0.20261388457268759,0.8256066942079721,200875
track_00244,Country,112.79039916459254,0.5124061569358813,0.6565265991718108,-6.051025140841999,0.06040962815542433,0.5039298546912747,0.0038497927697787927,0.2650429891503686,0.5428165561905615,189428
track_00245,Metal,161.0769944910662,0.49392052099973993,0.9090725704267284,-5.7439682540483545,0.06727515426763864,0.10106640666717606,0.12954181495804595,0.20052796099510706,0.44754339669673676,335360
track_00246,Country,109.9821765597173,0.7423122847056272,0.5826052661810502,-7.603590047553199,0.07515068708440972,0.5186215031589123,0.1635591361958838,0.21356819211034425,0.5125911510218201,235598
track_00247,Rock,141.86066336095251,0.7851030429541715,0.7217266938582054,-7.933175589398182,0.05322520478874871,0.26615208766862086,0.1148378493239728,0.14718206022291797,0.6571007655838188,235685
track_00248,Country,110.79702364728757,0.5468528219959442,0.5344679746324673,-6.39384473506786,0.05291636760807795,0.6342834456851462,0.1680899163277611,0.16472189388681416,0.7515971463477371,245283
track_00249,Pop,112.44741843337803,0.6248781457529178,0.7604438511102528,-5.640313171223529,0.11355234202889829,0.24527567843633968,0.014357613171881434,0.20014698122883967,0.6823784743074646,208582
track_00250,Rock,142.48259796490478,0.746825004429537,0.97931770926616,-5.6359330641412155,0.07123767701344783,0.1462048976123099,0.07954686891159447,0.176623126255553,0.6454111536654292,281326
track_00251,Country,83.64321030999778,0.5925800438626305,0.40607086979198515,-6.8560409952119965,0.06535404601892861,0.5575751394491464,0.1948062449944128,0.28229080069096785,0.5485138334990324,251094
track_00252,Pop,112.30864448408757,0.8826427446841214,0.6447798210392388,-7.483705952819587,0.053646153484900566,0.2744166331651801,0.031157368366797847,0.2681106713502528,0.7730579529172525,254237
track_00253,Metal,154.81362002515425,0.38839467091875013,0.8100037641804373,-3.563752198272745,0.04777183403622657,0.050302607935280165,0.13893434591939152,0.2538970774631174,0.37343685570882745,218493
track_00254,Country,117.18363995763876,0.6516314667626334,0.43111904936274825,-4.984542506764271,0.08701876509139977,0.5600815303366928,0.02823320663940594,0.10511579663903364,0.7390126002627717,232879
track_00255,Pop,118.11015074378192,0.6499636765781404,0.7321574593841548,-5.049417888277646,0.07086291888428402,0.11402597960748749,0.0018626940307098052,0.10526946643878353,0.7956498668546186,251062
track_00256,Hip-Hop,79.97745584533588,0.7155314426800239,0.8299671883100259,-3.6847313141972684,0.5645138014395891,0.19186862941018817,0.006719757075237376,0.1506304250979235,0.8231727378250877,228000
track_00257,Reggae,86.83205242253094,0.729389341667461,0.6482377223423812,-7.6580482802941,0.07265200012681768,0.5959185487744396,0.141187323542324,0.20683797836172385,0.7036709062579121,284997
track_00258,Hip-Hop,75.4688168995531,0.7224034309988306,0.6379686409520277,-3.040149177719104,0.5594267686811547,0.13363760651128018,0.0714071176142335,0.27351145748910766,0.5172511152875314,171797
track_00259,Reggae,88.4662316791923,0.6604767212224854,0.7387120055284513,-9.649493915480146,0.040190457891070196,0.6838290350516263,0.1184246472702037,0.2639035837420142,0.7475904687028144,197903
track_00260,Jazz,135.97006686655317,0.6213859360758816,0.5301834903160945,-6.419402176063588,0.06456824451332663,0.9765363843110685,0.9596288215248059,0.2889504713071817,0.36371321493978337,350078
track_00261,Jazz,93.51812962052732,0.43818775992852355,0.4948531480505771,-18.90422334784009,0.06269168098486483,0.8550146738376145,0.7060070603559119,0.37099484571359487,0.4338083896573189,302814
track_00262,Jazz,156.0600663424605,0.4273035420647551,0.36931084138411785,-19.301300868701876,0.08230678879833969,0.9251493682858959,0.8302213245447941,0.4785566225127289,0.5361196287022398,249665
track_00263,Metal,154.72127695495985,0.357597585069237,0.8449750183611392,-4.642276156657804,0.052462994596541954,0.13056267336284863,0.17122923005725746,0.15742636743742866,0.3551185021024312,189643
track_00264,Hip-Hop,74.70658213787257,0.9477003389864844,0.7416842892986404,-4.676983504986676,0.45893247457703956,0.09652110895748334,0.007502208889291817,0.2791302460803837,0.8210703250105147,151766
track_00265,Reggae,103.69497063836522,0.7187375238674041,0.6918851373807069,-8.53111016736849,0.04107241185017895,0.43388907476586075,0.036774648144198244,0.23602856858233537,0.517011395411014,272999
track_00266,Pop,107.13103048273399,0.6581100878357106,0.6520959197522063,-4.693480188565666,0.11378793062840016,0.2615026441913386,0.010387463650609519,0.22974938744733084,0.8484748185401272,219181
track_00267,Rock,141.0798551668603,0.7255628733107573,0.7420193678076809,-7.56207769245766,0.07674589973778269,0.2533887238738104,0.2787229080770471,0.36228896806665234,0.4538101969156738,251074
track_00268,Pop,125.89339309316692,0.7072921648766735,0.6726859664726684,-4.926145234218689,0.11319432334351814,0.48491661666903474,0.03268014762676132,0.26763184028021736,0.7100808800923188,239967
track_00269,Rock,166.8120155118157,0.6851873228157853,0.8215473016050823,-7.869425515993143,0.11189916404845784,0.35427071443074853,0.20808529133486361,0.3796307096371665,0.6869054101431709,183491
track_00270,Classical,66.18100007173787,0.15310883696064828,0.2715609068115197,-12.113942133627038,0.048511863167416965,0.9890235014685091,0.9214458229324162,0.22224773173220924,0.5565815492578997,407154
track_00271,Pop,118.43129272492307,0.7177334545627712,0.690573858147392,-6.406978143586728,0.11263244546830586,0.29868953043927127,0.030000723874031777,0.136163695800479,0.7163769440019707,215865
track_00272,Country,99.70774820437681,0.6826592303157194,0.6497585046377146,-5.711135847212335,0.08111709163891802,0.5537424112358551,0.14242361126682707,0.18453738710163203,0.6954467460588839,205801
track_00273,Country,108.17036686259192,0.5247986325282197,0.6726662321159403,-8.709864583862892,0.044321553000424306,0.45445238848644864,0.0027963425942729493,0.2543610936956469,0.7625103593735776,295795
track_00274,EDM,122.9139407104992,0.8418714694458991,0.9901425499994725,-2.011020836385835,0.030594758973820788,0.0705754701008668,0.04291820466141231,0.2849267355195406,0.5416049817140322,228737
track_00275,Hip-Hop,81.16823695367492,0.8996718427325906,0.6729905783948902,-3.6475272608421774,0.3205045114344584,0.2865295668497058,0.019301498540569863,0.27654841524141605,0.8237892838461738,259323
track_00276,Rock,139.212115999197,0.5097380425286829,0.9233670571313738,-9.066535952724706,0.0459598304489567,0.10670996034832879,0.014942363275026559,0.17910263757864675,0.4260021957643225,236381
track_00277,Rock,157.69790732837112,0.6614238628622163,0.8986557657135501,-9.186734574916763,0.09660222290463492,0.1861637713382085,0.282052818990317,0.32862149603191776,0.7890057928638972,263533
track_00278,Hip-Hop,91.24234019711379,0.7882844483202941,0.8850542132454124,-4.529105841614847,0.40973145568890657,0.2848806441100895,0.0329077416890032,0.11897414253503596,0.898739555143768,247289
track_00279,Metal,151.3557329466428,0.4117406816736325,0.8911471628016969,-5.1147927947004685,0.061700038370799404,0.07283056382092111,0.17047306985240873,0.2513105320115633,0.483153949227648,203384
track_00280,EDM,135.9476151805193,0.9141420491224748,0.8964187037589428,-1.0838927147385071,0.035804429419264205,0.09841563730712921,0.11818327940717538,0.22226347741061625,0.517790875521264,253567
track_00281,Metal,133.9942498047067,0.47388326976848516,0.9754309800742389,-1.661263049591347,0.05255380359124298,0.0030732501469446618,0.08528876114286064,0.22123870748482807,0.46732942772941855,308668
track_00282,Metal,174.2992779033209,0.38546136205064296,0.950494618187152,-5.846972518315479,0.04416556676869242,0.09972670128805579,0.009011916383945096,0.13720681227425574,0.580361094492361,298632
track_00283,Metal,150.12477037573007,0.5385861134391667,0.9261559466209864,-3.0621911392510084,0.04767744271021686,0.09649029407622352,0.11946986019557063,0.19449242278297807,0.509493997182168,191467
track_00284,Hip-Hop,88.70659908453958,0.9221866011879104,0.6810006134341742,-3.992379532711608,0.5419065842380768,0.04924432216770062,0.0442509481329229,0.1987671881303847,0.6248477861356818,172940
track_00285,Metal,162.37829540758335,0.5167300269067239,0.8170087242612143,-4.900044365515347,0.03044074166472363,0.1432255280953475,0.068887657685702,0.25733050321526935,0.40168086598110786,274410
track_00286,Country,104.79625319551573,0.6679165143023676,0.4588541820813936,-5.971251812197832,0.0476701835871428,0.4055675009570577,0.13984173550747542,0.2289587204921499,0.6232427787123025,269247
track_00287,Jazz,106.77058853599239,0.6329174105958177,0.47877804363502013,-10.33451449261149,0.08545058936911036,0.5589894997185129,0.9499628370730787,0.41168594125404323,0.530936690078548,351074
track_00288,Classical,55.57285213997287,0.13118024870798936,0.31667457342527805,-15.55957713279942,0.059988211763222304,0.8269440890181328,0.9407991483469587,0.23202689914832395,0.5266482016368546,389241
track_00289,Rock,135.41611923146314,0.7774242427593085,0.9555510426456799,-6.330194504673152,0.05747308033673343,0.13648686720402828,0.10901774382963798,0.17662848431382716,0.6026764804025195,219309
track_00290,Rock,140.06021135816692,0.5131297541594956,0.8700837572438964,-7.212530251174034,0.12263573212198602,0.11152769369171758,0.1205071705684843,0.33972202584585887,0.6090789058553481,267748
track_00291,Classical,79.28015659151687,0.2875654413984766,0.11608851711143475,-19.980613962822634,0.04249787294447176,0.9251716794140235,0.9793591197202324,0.2841770647923107,0.4227193537492686,436031
track_00292,Hip-Hop,86.0424598528779,0.8276980076247209,0.7670306159692473,-5.5324688725380256,0.43810116948082056,0.03480521613690094,0.06729178242869764,0.18648947192104276,0.8267070292518333,256924
track_00293,Pop,124.86509173829279,0.7416593515854526,0.781738467183275,-3.003350392534572,0.11931859478102497,0.39773473712868,0.03697932448391244,0.14952377743978112,0.8334158526175095,230658
track_00294,Hip-Hop,87.07791519916982,0.7250579695440715,0.8796485157640896,-5.752783085293753,0.3242337641623031,0.11618735210259898,0.06002025470925807,0.2027305343642659,0.7778167896149096,162818
track_00295,Rock,127.55248401028854,0.7194823833105572,0.777069341813369,-8.77358345953172,0.11288016185264665,0.35283617383417876,0.14446183430897233,0.25941753794153133,0.5210990281884931,264297
track_00296,Rock,146.78920325442496,0.5647814612060406,0.7383561453726086,-7.813158716242578,0.09172598958132241,0.2766278390695029,0.23696043221392285,0.29687196797450766,0.6435033300518213,215844
track_00297,Classical,74.36789894024359,0.2858851490053028,0.14608556605130535,-26.399639098983865,0.046016362004572105,0.9613798695839378,0.9293922728971504,0.27617387740100846,0.44798651658513355,579889
track_00298,Metal,149.94853745315854,0.3180661093335709,0.8162979954618553,-2.7849350990761694,0.053256179957388974,0.1941954383178294,0.13570628214601296,0.1020147323986463,0.44430563394013856,262579
track_00299,Hip-Hop,87.73036585904134,0.8050725650135637,0.7731232327895297,-2.7623076175459884,0.559086900275986,0.11145587257307198,0.020888889271484315,0.2550292155457189,0.6732320814408524,259062
track_00300,Reggae,87.67148582670463,0.6112160338527342,0.6774290476697032,-5.9918339164506635,0.06884445474458337,0.30118508822415874,0.048560299965255044,0.16475379513359323,0.7897983483672388,250320
track_00301,Classical,77.17414113230907,0.29633690118740974,0.2050213936824859,-24.78888068027102,0.05281497756693328,0.837430438519786,0.903262422140638,0.4837493513347609,0.5702962529765676,541348
track_00302,Country,97.3777730490774,0.6755990356351067,0.5671197798051751,-4.8822633179575075,0.052053917852305814,0.5571017199996955,0.09707447424091009,0.17078116525137174,0.7674365193669117,243967
track_00303,Rock,142.6185556427867,0.5421491944582405,0.8168160564003076,-7.119109774184809,0.04905094981345,0.3768044302019836,0.0008004504027858794,0.36814256296498926,0.7535317293901942,214723
track_00304,Classical,65.18731571620619,0.19158491597217958,0.2708005605328282,-16.147731131497984,0.055531410825753094,0.9757395167652152,0.9356888662280402,0.2899657220167415,0.28553555579810574,571619
track_00305,Hip-Hop,86.01249003597259,0.7634322998642793,0.8404116749626378,-7.578576164783113,0.5066867370513509,0.05248380410730894,0.059638541840322926,0.2671385174385384,0.8020322648486718,206690
track_00306,Rock,129.52172295745717,0.7095970940243721,0.7771531408073281,-6.051405548179624,0.09396366737859066,0.1413696465191002,0.17737287172518423,0.1944356871150874,0.420939506723841,254062
track_00307,Pop,113.02580822482359,0.8631475812798418,0.6988135249422294,-5.668485050090512,0.11024563211713317,0.30872928997998095,0.009673792470718407,0.27840602308195617,0.5124246625692134,225206
track_00308,Classical,66.89474244357727,0.24055657543319497,0.11260173022564357,-11.862543363618943,0.04906836854199155,0.8920653969555666,0.9566466605979634,0.2448153640313684,0.38766641942695945,438886
track_00309,EDM,132.24149089652434,0.9362974402817517,0.9217009225941573,-3.726865666735523,0.06696591796546797,0.15506315077607524,0.17232854490094335,0.2391280431437872,0.8697265420029716,275351
track_00310,Rock,146.4825265632587,0.7827208594270971,0.8383425333642099,-7.821831246599949,0.08884296421982249,0.33182324336392366,0.05051558949091634,0.3302487500527922,0.6997787151735462,227455
track_00311,Hip-Hop,90.53860547991225,0.9470508731817435,0.7039090509325483,-4.40372466643339,0.5811434900445366,0.05011253440144579,0.07176455863427426,0.2509957466298326,0.5355902143477353,260716
track_00312,Jazz,128.4990322258909,0.6439315141332531,0.31002090197323035,-18.63373377679923,0.04294761363351114,0.6673717658996812,0.8527866972039778,0.3597043183863886,0.40706670390777705,398147
track_00313,Reggae,97.01130626874013,0.602653708172175,0.6643434754174409,-6.796905793851146,0.05301659352444016,0.3244687020663775,0.03118378718129118,0.1883696174347714,0.6519114262268786,290572
track_00314,Blues,88.66266941479441,0.7436882949471083,0.6176088604410774,-5.665493381127293,0.07360023935373511,0.4801560305623723,0.12933455063198104,0.2905607696498346,0.7383656883265117,199708
track_00315,Metal,145.31929987411348,0.4609886712905412,0.9915964107218199,-3.0573715930331815,0.03055235726063888,0.011942180975278128,0.1985726867207105,0.11438927184788808,0.31381354801346956,256830
track_00316,Blues,89.2520218129662,0.7468249087313937,0.5312227869254741,-6.474665623616134,0.07193983615522616,0.41691606908370127,0.13115546035683603,0.22832399974288178,0.5628458668158799,188163
track_00317,Hip-Hop,84.51567581751596,0.7431102698233076,0.8447127810006219,-5.580437472665077,0.5806636618535298,0.2849696951492949,0.01148290317213695,0.29131079346657024,0.6473081301780483,202756
track_00318,Country,105.7312859957065,0.6585569997034038,0.4054473896821237,-5.665232137966276,0.08848748508877169,0.5197424983281854,0.08958848343543287,0.27025644244330616,0.7326963905978101,190807
track_00319,Country,98.42433442449678,0.6117465725353545,0.47679548613723355,-6.036112665168594,0.05551793790622206,0.6358301939823013,0.02431015214618211,0.12328057023314919,0.5613366144258191,191341
track_00320,Jazz,128.83992070611635,0.40606525604433924,0.5012280065134602,-12.96076582819638,0.06080560431520412,0.9312021761465445,0.9562803077972593,0.20669051146959308,0.5438020489797724,387627
track_00321,Metal,144.73090203712806,0.48641538242214866,0.835696814869417,-2.2155819617348227,0.032380761378527585,0.1918261865855829,0.014375050741724894,0.21588968384973795,0.5706582870367135,191202
track_00322,EDM,126.05167802350441,0.8904513137387381,0.8658191760629519,-2.330217265325331,0.032467211850123814,0.04174917647972585,0.14574616765811974,0.11719474705584232,0.837332941956775,262263
track_00323,Jazz,110.6349352311575,0.5685044168093831,0.47793383349741814,-14.415277883386022,0.056803192336993394,0.6368503147442979,0.7524098054262695,0.29762148869887617,0.37977613480528793,353123
track_00324,Blues,84.39654208808126,0.7591160499588654,0.6751499817876268,-7.3008754083453855,0.0994115073551003,0.3362648354037353,0.1334489657266479,0.15667953891411876,0.692027118975851,259865
track_00325,Jazz,113.19854031512315,0.4188627346343463,0.4867676409964933,-17.16991563157951,0.07414261899973998,0.8697551165785324,0.9350914906443509,0.29055173607425466,0.504973293027726,405836
track_00326,Blues,95.10959941243009,0.7638961443401244,0.7284165995314842,-5.084172753158408,0.04048508059180066,0.47499577634525314,0.051208897275225575,0.12397867742897468,0.7734545984501554,208981
track_00327,Rock,144.35211528289602,0.6983391760477151,0.7131914924864364,-4.1438435460833425,0.05984919195494187,0.22966812264731268,0.20038012063672273,0.22882563605567602,0.5765151211199774,245296
track_00328,Country,92.58501750087275,0.6067894201752609,0.4305801416147826,-7.038563240386114,0.07875829449999928,0.4813451083531659,0.059342261705736955,0.26839500508125425,0.5031091167041531,294326
track_00329,Rock,153.92095244121182,0.6829080708122116,0.7331759031891864,-5.6058708510641395,0.05240955415167922,0.2530647802235213,0.15873098029813154,0.3628610086674955,0.5849977096049753,280834
track_00330,Reggae,88.5923564506784,0.603863680706868,0.6506037873199252,-7.881845614335865,0.06060120318496312,0.5673460906361731,0.04563554342583423,0.16347446661349033,0.7888266042272978,254714
track_00331,Metal,169.81149715570353,0.4661321862883314,0.9435735702262528,-1.5148074187465772,0.0750870838020321,0.06570181086757264,0.19049025262927707,0.10497517640292109,0.4130506683048497,350564
track_00332,EDM,126.06535276700026,0.7085111265500661,0.9642144446114038,-2.2707029949011885,0.04352574152896785,0.05017847527077024,0.17813923782462768,0.14160990964502002,0.6295403546228013,288132
track_00333,Blues,89.41714326773335,0.6299788590656317,0.5269901836582883,-8.056313815336841,0.04682574774883911,0.3555103536450523,0.06000609611909933,0.15633060193689277,0.6812718530996427,194306
track_00334,EDM,129.07084470565874,0.891387088524829,0.8138266671634979,-4.2631779892254436,0.05776907264166818,0.17852015794550813,0.19011960151729104,0.14445821076591092,0.5213655052998194,241331
track_00335,Blues,86.31122376583559,0.7414241227888763,0.6763007154419781,-9.77442469205224,0.0732298549520694,0.5922827537451545,0.00846698918049842,0.10223986105114083,0.6374200817218674,182928
track_00336,Hip-Hop,75.24793899171297,0.777198007450149,0.7230491307691912,-5.9140059754468,0.33492009534911277,0.011668743674047842,0.07245406740609814,0.22902742478714413,0.6129464270208229,175176
track_00337,Jazz,114.50487484293363,0.4324481056705547,0.45266287542280037,-13.026936047684845,0.09709481856639218,0.9724177265103686,0.9338825927627395,0.3806305490382049,0.4819841269572044,404916
track_00338,Reggae,90.88381051625132,0.727986137490105,0.7316456994479347,-5.9757877509779656,0.040793876751617095,0.5737900407513911,0.0038195311206408846,0.2413745691086877,0.6906864094196015,188250
track_00339,Country,92.49319012948345,0.641454498214867,0.4937968943065658,-8.9306014065305,0.09014275395877759,0.5210568299521688,0.0797087428730765,0.133977334961324,0.6149197028257336,198443
track_00340,Blues,92.57188568306928,0.7601566826747785,0.6480466141215047,-11.192007075070126,0.06627584583084226,0.6369912152806259,0.119328281078747,0.2448916754018678,0.5555804066457762,235043
track_00341,EDM,131.33532736364177,0.899816491489992,0.826677723418652,-4.447293177916324,0.06688370614289327,0.15022967356451655,0.17693388023342352,0.2538373579991856,0.6715417445226554,190222
track_00342,Reggae,82.27471796296783,0.6384746184524939,0.7257416045161216,-5.440381213254527,0.0452469450621332,0.5231603115242036,0.05077616922480639,0.12781182515878592,0.5656940689674672,198383
track_00343,Pop,122.36413744536013,0.7299223515433695,0.829381181807587,-5.749378636823806,0.10210126021361562,0.28678696366551915,0.01139003778564281,0.13987002578893726,0.6701724777025382,186416
track_00344,Pop,108.62543475682386,0.7141761584693301,0.6046370489311018,-4.376478624257209,0.07448407198265548,0.2253295214307167,0.029907053268526648,0.18724998234196327,0.8923373472895595,213682
track_00345,Rock,124.49779212403575,0.7971784940631971,0.8335333104160384,-5.561098323932379,0.045206600514321245,0.31990726445909745,0.08076301736268661,0.2345839758489016,0.7532532249309832,188486
track_00346,Country,109.37428903396912,0.6131411258588957,0.6643592018666922,-7.472851721047656,0.08876966945327955,0.5770760095779083,0.038375342620471355,0.21622124893957928,0.651794998747119,269043
track_00347,Hip-Hop,89.79721354498294,0.7248727334155931,0.8468291806402111,-3.9472662918604975,0.3263598992795828,0.20492405204224062,0.05805192766763702,0.21891002022900896,0.6163455740518794,226034
track_00348,EDM,124.6581936191384,0.8760214171605838,0.8520231966030799,-0.2904751358083546,0.051203539876576956,0.16626481425704995,0.10951370804283404,0.1200422698101049,0.7694846590883395,215139
track_00349,Jazz,107.6304665414421,0.4989907941834081,0.5424504741566327,-18.040838599458013,0.09777723721451981,0.8174180779896087,0.9660720173176527,0.3278694374794293,0.4329116281567986,368885
track_00350,Jazz,88.46488333571472,0.6357401395563923,0.3888767259950352,-11.824873764140891,0.053433833998341104,0.7219583490232699,0.8452639197279371,0.44949201205079925,0.6584113461299972,275416
track_00351,EDM,125.08262341700005,0.9065907962141161,0.853459016415301,-3.6122667035098788,0.050895332217069406,0.08615223167234703,0.1944347532854086,0.1728581509347158,0.5922202596281467,270027
track_00352,Metal,174.10325955950498,0.5715264370164792,0.973868021581471,-4.811506198468856,0.034059389352521556,0.1254276788122235,0.06727374237674195,0.23441687812121262,0.30963592682034435,340726
track_00353,Hip-Hop,88.98859898130469,0.9121431023955116,0.7204890624998306,-3.0202549450629066,0.3463244833019977,0.2468344094598504,0.05402942426723664,0.14459489760199642,0.6628565538223645,222656
track_00354,Reggae,83.46726993243456,0.7452212136738837,0.5943429907599531,-6.197720216168856,0.076205054708337,0.45564920384601204,0.11152847866863172,0.21535216948718483,0.5496605878081599,276226
track_00355,Blues,84.2590532099038,0.7147169213907578,0.7829702850040907,-6.939594629539453,0.08136843396440585,0.6872632664910064,0.15977466223680498,0.12732470861975043,0.6042905260928604,275773
track_00356,Metal,168.0545786357089,0.31600204890155503,0.8797199325436912,-4.646331337891338,0.07996675614155577,0.06167101412646206,0.1768993069587727,0.23524674700809547,0.4022749227576271,250069
track_00357,Blues,85.99635512331821,0.7897871750003008,0.64653224201405,-8.480514024596198,0.07727200867625093,0.3014146494812898,0.18622623511376984,0.17229021695490834,0.6190795587153046,207757
track_00358,Blues,88.5170165089031,0.725540082720148,0.6126946206479003,-11.01258140355392,0.08255943116655803,0.6418260675764962,0.13717089848029837,0.10357569680696362,0.5648698683172974,274369
track_00359,Metal,151.21672712799736,0.40100215027610775,0.8504884926055936,-3.117421047556811,0.07819214257969298,0.0400133475235132,0.019050490980865045,0.12388012841526273,0.534929602875045,210716
track_00360,Rock,154.13214082919305,0.6178876419910047,0.9554316088993343,-3.6562203428349225,0.09076460082541743,0.27823139148262754,0.21244420037956716,0.3498276005358143,0.44860446781506647,226025
track_00361,Pop,114.30867060298854,0.690478982233777,0.7532001430340327,-7.7849891727771405,0.058523646431969584,0.44607632444255807,0.028315581075955228,0.24241090673824542,0.8367888474829184,235919
track_00362,Blues,86.09009129959017,0.7213844560453081,0.6694438343258547,-5.973486621949128,0.08929879582987,0.3489154884722398,0.16971753140617563,0.1828137238880885,0.5761090489987433,255577
track_00363,Metal,156.87126038795608,0.4781615417349171,0.8376293854418818,-1.5599557699868098,0.07041912156197247,0.10410542256183274,0.14484196616267198,0.17326570493975169,0.311033337819927,334525
track_00364,Metal,152.2119527139661,0.3454763735706958,0.9294319122253915,-1.412870735977494,0.06399183798788602,0.16220433785844537,0.02179432586078316,0.1501463652004109,0.5683616556721773,256126
track_00365,Classical,70.71848509205442,0.14884602340191683,0.20053295801108323,-12.73891213768102,0.05153298020901377,0.9056704245102473,0.996146745905101,0.29626441971099304,0.3918164500424913,592420
track_00366,Rock,157.115579209901,0.7618388975238328,0.9390962964276957,-6.395141325461587,0.045688168734942,0.16452144143951575,0.19686839712264198,0.21551237135212353,0.7345892766663885,196490
track_00367,Country,101.21403111622548,0.7228156622288495,0.5907623581993021,-4.373481906931098,0.038995278495084676,0.4263201781788097,0.16768254623347417,0.2711022350773015,0.7493118581321385,243165
track_00368,Classical,67.34142633110513,0.29396415704820805,0.10750123385517764,-14.284356992124913,0.03928219734445222,0.807497591373932,0.9917802540209584,0.24189269906287508,0.42071171349027814,327326
track_00369,Classical,83.70516835644655,0.19167540782773212,0.18311367888502672,-20.71859429137527,0.047001710721121234,0.916750837756614,0.9281574285855531,0.22327867459284473,0.2580357786556553,591840
track_00370,EDM,137.56171965898477,0.705623082408885,0.971288608929086,-1.5280133626004333,0.06072346165230866,0.16719688981869496,0.036813133179054346,0.26449021819401325,0.7018569750636225,290782
track_00371,Pop,105.61006803770832,0.630050797871199,0.6881077563881851,-5.985135999383029,0.05115759871924696,0.42591680065435844,0.017959670119459075,0.2160836331560294,0.5295852749083824,218785
track_00372,Metal,169.26174526685136,0.5286325400092312,0.8858642333875411,-5.728169107799081,0.03842602960718797,0.09118488486388342,0.16276518001974086,0.1761391071354688,0.4615489952235179,266843
track_00373,Pop,127.1317918839159,0.8345237576445823,0.6888349270548867,-5.128648098714564,0.10831398588849495,0.3752455505044222,0.001058190699101913,0.1673411337795067,0.5577902786378421,184352
track_00374,Hip-Hop,87.6644586011352,0.9480621447888937,0.719037864439696,-5.503694569179384,0.35169355118923484,0.03475414577920154,0.0578718010590238,0.1728570002589665,0.532126579178098,253841
track_00375,EDM,128.07698268438946,0.7677944464278008,0.9895205003215444,-2.6806738928557623,0.03235184066178548,0.14585328116732668,0.09865358646269688,0.2306977864116495,0.6118377482092928,197167
track_00376,Country,83.9802498763032,0.5714162472116807,0.6594300976276593,-4.6892840745541235,0.03314548167169083,0.45042717560589257,0.023494388054571803,0.1359386189302606,0.7910563172918819,263796
track_00377,Pop,114.86496755407023,0.631985781841627,0.6863952183371743,-7.258073108912612,0.094522824859232,0.4797981726956647,0.04983668851471908,0.17504822649938295,0.7396050548458449,203395
track_00378,Jazz,103.39900518405824,0.4047680179420011,0.46107038115612653,-11.584207407141815,0.06303635338223554,0.6343637347323954,0.8956179627983875,0.24039774841533706,0.5074460126541336,272548
track_00379,Blues,86.34562536743245,0.7729318227779783,0.6480332837848216,-7.994971855495198,0.07416596098569128,0.46419724581653665,0.0385059830876279,0.24902654969968,0.5381168796073023,276517
track_00380,Hip-Hop,83.18115489313425,0.732492609154703,0.7490031820733183,-5.5558711302233,0.5096658255351203,0.27125056486431803,0.08052480869634385,0.15489041004096238,0.8515732873809223,224264
track_00381,Rock,129.98990455517185,0.5966999935401421,0.8313993243686661,-7.847764788765318,0.1481925442765036,0.34421557792642893,0.049396406476808874,0.10167824676456086,0.41711330729890717,241743
track_00382,Country,110.33189864363148,0.7217051668358805,0.6145664428174602,-9.779895967632747,0.060052402999792365,0.6263414425006711,0.11662005692615994,0.28717425839289157,0.7602932098735999,205909
track_00383,Hip-Hop,94.70603004132961,0.7279500928084842,0.7695866879861947,-6.507849143173189,0.42951506550798335,0.19021515249201582,0.025698593785378112,0.11043701155935222,0.504093542563503,166208
track_00384,Blues,90.46189574696034,0.7028641864781823,0.7395483600579688,-5.248433108058416,0.049074600288817966,0.3073071926438707,0.1737927545696588,0.13905466664943217,0.5127436299895403,183956
track_00385,EDM,130.1062368934549,0.7740205222838625,0.912323231958291,-1.4257201289979542,0.0591241796947097,0.13330769105953777,0.2612431274326854,0.2740210916688208,0.7315746237628014,249951
track_00386,Blues,94.23419972734582,0.645687259199575,0.6269108537246555,-6.076064817312623,0.08021209776043758,0.593107533999961,0.11747488002516178,0.18991731982235568,0.7277156030201325,283946
track_00387,Classical,58.95641620960385,0.1790152650776385,0.15314063643790077,-22.72744502457686,0.04240785300756332,0.9986341579196665,0.9994813029303772,0.23443588359818374,0.4903875117313389,312279
track_00388,Blues,89.65126366309633,0.6060384030674377,0.5316001682734893,-5.241600400944462,0.09645181287368185,0.37757112811227217,0.0323344671107423,0.1481070173031894,0.6546640982225427,190663
track_00389,Classical,81.77520993824544,0.2140915830575722,0.12772687507152108,-21.39628266442974,0.05519799877838098,0.9819034632890106,0.9188488049938639,0.44178589051324485,0.25224979323063657,506823
track_00390,EDM,124.61508436854909,0.9339887884321508,0.8329482076726544,-4.789247915185329,0.04816221290438197,0.1602419800487258,0.23150043189322372,0.28390612578256647,0.713280265747616,200998
track_00391,Reggae,95.13826809654185,0.6522253694722911,0.5293109633303225,-7.688475950393319,0.06608142355981517,0.47057631811697276,0.10534957048600924,0.1722765223131085,0.6878178594328488,267054
track_00392,Classical,74.00802891414924,0.2628136574773361,0.1942724561498515,-10.529468963254963,0.037276264890284905,0.9778609447656437,0.988074857707419,0.42729728498089176,0.42538818952514074,332780
track_00393,Rock,153.91782951833875,0.7378737422649944,0.7819035986620095,-5.61485442240322,0.12935211898222282,0.31223643751987046,0.1438441893573002,0.2753825078665475,0.7954702172583177,226339
track_00394,Blues,79.97700725586279,0.7571235508037288,0.7179814293132989,-7.089565691294458,0.08298214330684262,0.48176390051258555,0.09483203490362507,0.19357254747215646,0.5099763821637824,209974
track_00395,Blues,99.54648525313232,0.7712598653432234,0.6471829064935218,-10.48319349406225,0.05018340638487238,0.3000630978312227,0.14364759899625687,0.1222194417691981,0.5731517299087822,286371
track_00396,Rock,129.62295177965524,0.6325892326840308,0.8933544473304389,-5.802071044424788,0.07200466816631435,0.23321934742615938,0.019297109169985702,0.3387097098014462,0.4963214048618476,253356
track_00397,Jazz,109.15247341755911,0.4195137873211422,0.5924617600293729,-9.782411743407428,0.06504736426562449,0.8508655203778924,0.9268995359440477,0.4339886607166338,0.49115092226122303,292196
track_00398,Metal,163.66606247013806,0.3305671938010188,0.8829528718092399,-1.7171404882033219,0.06609321199475002,0.176778447508221,0.12315526293953045,0.12606567291793846,0.3344387900994492,303108
track_00399,Reggae,91.68912957965995,0.6461880718441467,0.5295312647002972,-5.144056404256802,0.05776147309123662,0.6483567161871224,0.000825430934920779,0.10420496144392044,0.6397613926089105,206583
track_00400,Country,103.57927699984883,0.6295005840991461,0.6230137494926847,-5.10650115858827,0.07802512087959038,0.5320018955798058,0.0758597585344375,0.25433298765454043,0.6553721481920858,222348
track_00401,Classical,69.65058499541367,0.11816763621228284,0.13868119162594517,-25.207803359435893,0.07157166231484939,0.9849225064665944,0.9826257729332069,0.3002231652253542,0.30897857644353266,420423
track_00402,Rock,130.92673440627735,0.7165559481599337,0.9980118364480525,-9.079005016847516,0.035915039882856534,0.30830676669858137,0.24966773505117165,0.353904633959927,0.6713854196308643,204883
track_00403,EDM,123.28211855035835,0.7113661568012314,0.8315653962599597,-4.313925940179878,0.05356465375310649,0.17962351672071228,0.2379216099970372,0.209303209003446,0.6688620659709921,284663
track_00404,Classical,83.82766003542645,0.15154801226230372,0.32553968335561256,-28.100267100453756,0.03924586484130201,0.8774310788107966,0.9622593796562691,0.24743979371580938,0.5442417961398838,439461
track_00405,Metal,165.647340586586,0.34540828541758306,0.8206586935105287,-3.1357062419073025,0.050075812709230096,0.08581955669711792,0.19356004934860155,0.24478453423861307,0.423536321762327,239395
track_00406,EDM,133.3087680277911,0.7085239244633175,0.9369607391291712,-0.8113062024111803,0.058308105181987355,0.0811775505209451,0.009340721379170868,0.29348032604704594,0.8945344248632348,255697
track_00407,Hip-Hop,84.13227791219306,0.8635765803835139,0.6240097709297809,-6.546021131277566,0.5321038039437752,0.1586057561036459,0.09279690617870448,0.18575028166827084,0.8479249463255693,193614
track_00408,Blues,92.07901362860223,0.7958496557403971,0.7879503144196631,-9.696043061107439,0.0931554202250082,0.6390445496862597,0.042136079465512566,0.22485808015665393,0.5218046946769445,224138
track_00409,Hip-Hop,91.08222991748742,0.8689363137910457,0.841968789639121,-6.220942999147214,0.45304156257312056,0.20030218530248606,0.0026256818809906046,0.17534774906619094,0.7783553430714276,285793
track_00410,Classical,59.87425569185679,0.20047970556870714,0.2016038813371093,-14.859762645052793,0.052633621789558466,0.9753695548308224,0.9543543914649442,0.27147872400197903,0.5404367528928578,531617
track_00411,Metal,165.3846503677773,0.4374248069027191,0.9584579906661804,-5.879336106537232,0.06052059303802855,0.14613440244797518,0.19867722240573382,0.23575633884736938,0.3695535469649899,317022
track_00412,Reggae,84.27451226403154,0.6555528098954511,0.5989447426569083,-7.44744107653188,0.08541968556937934,0.5998106435231638,0.10197481126128057,0.2621641075676302,0.6311234248272426,221753
track_00413,Classical,70.46885921739857,0.14248294650464305,0.16249807531841245,-27.49237542647039,0.031375729410601565,0.8063578299110276,0.9674231449748532,0.3204191348938083,0.424609839509258,495552
track_00414,Rock,136.97898291072593,0.7917453686828477,0.7204797597566502,-7.074576206179934,0.05950775202317772,0.24301357955704428,0.27614169018416646,0.31719527957444543,0.6647798345919573,277639
track_00415,Pop,133.47866995702103,0.615516264766396,0.6527595825521538,-7.6283456382320995,0.07022400210626682,0.35097560307286046,0.028309299215868763,0.22242996432267803,0.7197005085511577,259624
track_00416,Classical,81.90529643717676,0.2268380153842382,0.33176043883798945,-23.50642087324398,0.06443113637707204,0.9724606472052798,0.9345274494418572,0.30196874634855003,0.5599805615625705,316148
track_00417,Blues,89.14277987761486,0.7373912138455582,0.5867847273325889,-6.052272848192127,0.066256937724301,0.6872912203846974,0.19083113388874,0.25465524453336297,0.7797216488439855,196285
track_00418,Blues,85.17329730236641,0.7640118731492508,0.7986826134543279,-11.46366130249246,0.06838210750502202,0.6208250237243211,0.1577901793082467,0.25199943166619365,0.6046984805905733,293157
track_00419,Classical,66.58840816891771,0.1668393423073698,0.2553894853364167,-25.471124757922155,0.05475606977451196,0.9157390157435293,0.9206902894850906,0.438692403465637,0.45265779576459875,349336
track_00420,EDM,129.59584625282457,0.7685434643778666,0.8227109087686988,-4.429748511473006,0.04390686965875645,0.15257109557927434,0.18239135027944875,0.12051691206620417,0.8408946099903645,260516
track_00421,Pop,102.80178253239157,0.8323650982421075,0.6522712105396825,-5.734216278474868,0.06093708799763417,0.4830108911243387,0.03893690784625821,0.2473444853002793,0.7760826660083209,238900
track_00422,Rock,162.28511586438228,0.7769847247109435,0.7218751035781016,-4.377186498247337,0.05582792785268792,0.19720838669015442,0.1558289186901925,0.3347965033166739,0.7354139630614946,276777
track_00423,Classical,84.6644239118858,0.20944748557585668,0.1693527649412183,-23.123550174824953,0.05684187190691904,0.9721710056086897,0.9753213438738877,0.3660200080500245,0.3449171993265945,562181
track_00424,EDM,120.95392100987743,0.7187896413345212,0.8695116654623204,-1.9262130562967572,0.06350077261459094,0.03671264898946538,0.12739319139271488,0.17839122802843044,0.7053576036834063,252832
track_00425,Blues,88.44878970907037,0.7780628912427303,0.6649965247597859,-9.106083973782638,0.04436092935044866,0.5856486109609222,0.14057016467920652,0.2228087213945127,0.6530787938661948,212406
track_00426,Blues,87.24637358863893,0.7812223502893315,0.5566775200517374,-10.204357008719345,0.04319980409240477,0.6861600467896236,0.1704021698976753,0.2826369208182168,0.7541648503280045,213700
track_00427,Metal,170.15392328675225,0.39464676194466713,0.9585003363722933,-5.347732564113196,0.06813430852273042,0.013670342970113249,0.0025185225334989573,0.2796447037664324,0.47440176507968956,267007
track_00428,Classical,58.28168699527475,0.25525633280365856,0.3154818496485482,-24.704656525104912,0.05728040128570695,0.9042977243411779,0.9861944091580991,0.3475137720470216,0.25109710541707564,371641
track_00429,Pop,112.018474738001,0.6225816723010812,0.6183401898792299,-7.020803790528832,0.08396772782152588,0.41390972846511576,0.02427479455829363,0.16709532211217396,0.5329411961347033,190960
track_00430,Jazz,109.61902202002962,0.6550632944805963,0.4066630518770237,-16.556190366612256,0.05054859300463541,0.6612891972516678,0.7202658648932603,0.2098722568942915,0.542056878721147,267949
track_00431,Pop,112.04312282542465,0.8976115421335784,0.6257082040160393,-7.735135469769496,0.10989218389378197,0.4709059480827945,0.004529267877305088,0.1226854853491683,0.5132696631023095,246046
track_00432,Blues,93.5406493024764,0.7233448225400148,0.5027329831646605,-6.5678447509182885,0.07903509919876742,0.3850498997454029,0.07495018323521874,0.10156133889777806,0.7081051444913615,204853
track_00433,Blues,93.03471304193319,0.7067017172269027,0.7470359161277962,-5.1279094783283865,0.06466255392525583,0.6053562713765439,0.01995260080762671,0.2553662738896577,0.6114250735979696,276576
track_00434,Hip-Hop,75.79040460534229,0.7421509153456356,0.8373893237351837,-4.109761545691632,0.4709476431996401,0.05028659122662039,0.08377574453503395,0.29214802191725,0.5163548389962678,274293
track_00435,Blues,97.26834087036976,0.7202942201762415,0.7014928764364836,-9.27584768440564,0.06926880890845594,0.6959469936151573,0.042784574099943545,0.18357123730442626,0.5875469562721902,202787
track_00436,Rock,133.40504291682382,0.6793654809087797,0.9340502566675367,-7.627118374632804,0.07556154997178852,0.3663705514984963,0.1212584638826644,0.2874198555686844,0.7556952550107303,258313
track_00437,Country,104.84734647968924,0.6227669874133946,0.5797526905631734,-9.425987737430724,0.056804148513084185,0.683267102342136,0.11790107683508509,0.16890037102849234,0.6877001541894779,225950
track_00438,Classical,66.98201506603748,0.29783584665356666,0.3666360300148652,-23.441008633570277,0.04537220694380826,0.9338961492771862,0.9017151680696615,0.44604609760569436,0.5519192229247678,397069
track_00439,Pop,126.31457796345356,0.6646629855313636,0.7049136862147513,-7.05912676973541,0.050581338878633086,0.48802294401522783,0.021585148932820954,0.2938699228839651,0.5561294079071304,231030
track_00440,Country,88.5680467664996,0.5502435081978099,0.6370222380889824,-5.297782067434149,0.03788250043275183,0.6736193358629168,0.03892592944064493,0.22259546831787208,0.7956900860263112,228465
track_00441,EDM,132.53508981834827,0.8022034725183526,0.9385563012856687,-3.9999186936708675,0.06893120606533633,0.06999950457152367,0.2537600718614505,0.2890732745258774,0.8458855851501209,268177
track_00442,Jazz,127.75132540484799,0.6436099879077981,0.3467755528988481,-8.150775953494422,0.043854114883445254,0.5970269401228026,0.8968449143509496,0.45647769695332135,0.4010718510957396,287969
track_00443,Rock,125.39697564790777,0.7433468784762517,0.9320909935017282,-8.982958016239529,0.08565956781799586,0.33244832999638646,0.10119885933102443,0.28993204681531953,0.4200852485830291,247271
track_00444,Pop,116.87941776432757,0.7492143433227829,0.6370277312222558,-3.9422649683263353,0.07944134019098259,0.4060009295966892,0.04772302137693168,0.2698955899426472,0.8805854718983279,198883
track_00445,Country,104.80324374875048,0.6877320983791806,0.41917694925758164,-5.711875303390276,0.06691093931901558,0.6702603683204738,0.0625891234696717,0.21483239992191658,0.6502265824222958,210657
track_00446,Jazz,116.23444305214166,0.5368316198551638,0.3616888426596844,-8.664351162614109,0.06708016196435732,0.9792581375013029,0.7782425281578329,0.40482315188811235,0.6762868318556433,266520
track_00447,Hip-Hop,82.02285713127507,0.7954611997308538,0.7756453527512936,-3.577473856973886,0.3011148300815952,0.07817936591153285,0.05382003914098204,0.2065747358323014,0.7550505739785056,238378
track_00448,Rock,143.81171772553242,0.5806391288500933,0.999609544552386,-9.498026353805471,0.0352272816686904,0.1651772201481594,0.2913217375883459,0.3937714504959954,0.6619710939088543,223950
track_00449,Rock,133.01968904060297,0.6202245342942734,0.7535658577854749,-9.990797565985615,0.13237821719628087,0.3145005906693065,0.20716156743466965,0.2639515414339959,0.6803878618312482,263460
track_00450,Hip-Hop,77.54279855758045,0.737612137693304,0.7397900244558411,-3.925777007465361,0.5496677341513136,0.13763048698697786,0.059360682604916754,0.15346894243177067,0.7583666105622056,193095
track_00451,Classical,67.22828890017328,0.16365947716666712,0.2104064408317677,-22.48822251980152,0.07876100145943356,0.8607801753944937,0.9265227495378622,0.2388142793202624,0.4044035342730451,449712
track_00452,Hip-Hop,84.78360206055933,0.8540736781826961,0.6465479336815049,-4.539960093444793,0.5478807717523879,0.01275739005572779,0.04197469749182059,0.1922097934437671,0.816428857391245,236437
track_00453,Rock,131.9349037097442,0.5678992519211223,0.8405739413125417,-7.025924510523923,0.06466647592490721,0.15166549666210982,0.22866923689265078,0.3970329351204752,0.7111166321678762,214421
track_00454,Rock,135.40779602010758,0.6296251138556204,0.8784328644372504,-7.559101336025703,0.06920510579764592,0.3270075319828102,0.1361798346910685,0.16364837887930878,0.48077526477674637,227198
track_00455,Country,112.21708139519953,0.5873619101959071,0.4637869568857939,-7.753983077819562,0.049045891030458436,0.4264938163655734,0.16602778045533073,0.27062227783140724,0.5659250900500639,239683
track_00456,Blues,84.28942631540693,0.6915670525116138,0.5076012958843901,-8.007554003938672,0.07040700289493884,0.6360033995695995,0.11635612218514424,0.16468547106444303,0.6548693028250743,209473
track_00457,Jazz,123.48825545160487,0.6749878845933936,0.3897390886893733,-10.600623576853817,0.08927976702101462,0.7559031987193121,0.9153938602061155,0.293303101546778,0.4224233811700579,349825
track_00458,Hip-Hop,81.10057493968645,0.7939398369509907,0.8947447953183321,-4.007571244170476,0.586964672618762,0.060433944493738144,0.08639570281150231,0.16427046116304506,0.8958259232951227,299752
track_00459,Jazz,105.69977158027565,0.696651289834028,0.5348873297901839,-18.928981983696396,0.09234479058920211,0.8166516631993357,0.9671781280365728,0.30251290613906845,0.48580754592468745,361988
track_00460,Hip-Hop,78.06765767888439,0.7681432839784204,0.8746502628736246,-3.0290017271343848,0.594167382272788,0.09727727610490892,0.02357531800047834,0.16617337940914562,0.881859918395494,169116
track_00461,EDM,127.29862207224785,0.7373579755355048,0.9160352739593068,-1.691174226363021,0.05884543414396175,0.05104624338371309,0.0267749254909752,0.11573673138837957,0.6704606193802896,236309
track_00462,Rock,136.64484167966933,0.6877700698771977,0.7888809507863408,-7.0939884729219855,0.12591480070850575,0.1919143110808869,0.14100606287180903,0.10588968141629601,0.6934233411742027,214747
track_00463,Blues,87.94225525848626,0.7324859946842703,0.683936592122468,-8.282978091799261,0.08097786512132124,0.5549563401493197,0.17626497789299034,0.21720327549565932,0.733580407610167,263388
track_00464,Country,92.8564821671588,0.6027902414615873,0.601813757946031,-5.294285369557187,0.07668066452843914,0.6699638561713456,0.05703180590201347,0.28012334642038983,0.5392590577830136,244141
track_00465,Blues,81.40534793523076,0.6069811718146219,0.6624924523499159,-9.28508430219907,0.04606458954230456,0.6207681569023931,0.18301535305576122,0.251318786802826,0.7467266930048833,268306
track_00466,Blues,95.23477267214105,0.6527145901837202,0.5625582620897563,-6.644555980441052,0.09687502473606982,0.586734882693561,0.1762933529759112,0.2277398189766345,0.6162979701676398,226745
track_00467,Blues,89.55246484419231,0.6550348053805166,0.6421055781210114,-6.572913871217479,0.08809946576848385,0.5598104514997476,0.09354956668003277,0.21514992784076958,0.6155046114066851,296777
track_00468,Jazz,155.23083603369753,0.5156861792158276,0.45909982682089023,-11.01748978024124,0.09614805856327727,0.8886667225153081,0.7455977684334032,0.2522546619958784,0.3401979036959016,336853
track_00469,Hip-Hop,87.35764242087619,0.8623106832094927,0.6245111878806686,-7.187728423933393,0.34670283766259263,0.18912652445067693,0.07354140255070031,0.27192878211307925,0.8762546203224972,231897
track_00470,Reggae,88.72550192255578,0.6193153161411328,0.5119958386393523,-8.646833878735784,0.07595749493320848,0.3315396122282501,0.05738070978242045,0.16440644119509742,0.6688386605624754,221043
track_00471,EDM,136.87707287577345,0.7538326318821829,0.9443819147984608,-0.9466711325824377,0.04647589913448445,0.149283846568821,0.12120898509853796,0.235670125891004,0.8055988197278172,239196
track_00472,Pop,118.07735268828421,0.6156113513083681,0.6602399155703201,-4.579645567923037,0.05596807572458024,0.19788073805986342,0.0427654184092006,0.21659058987290403,0.5278086161012782,243094
track_00473,Blues,88.14268989456157,0.6581300658730737,0.57007372493656,-6.848108578700443,0.04047069527443739,0.5156922109345932,0.15875336140595078,0.15324565726349365,0.6809874531836052,247975
track_00474,Classical,52.240177530381075,0.18701818533990486,0.2606142866146184,-11.364340134474936,0.026449918226565745,0.9724598433948248,0.9159307482251936,0.3451584050871861,0.28736925146522385,481921
track_00475,Jazz,122.6065380293591,0.4154986527486969,0.4010780624892115,-8.70200447128656,0.057660889990922684,0.8816540385900649,0.9236401114621166,0.27374813978996493,0.5915288720370981,390063
track_00476,Country,91.49235151312273,0.6100898019922039,0.666312769525693,-8.485314882340843,0.05616273942960673,0.6538199260226265,0.12356305595177784,0.25032327872925536,0.5642000148308345,208274
track_00477,Pop,133.07760220773568,0.6355204752424508,0.6626639950103923,-7.301296702178228,0.07731195006902061,0.2136543456821594,0.036646112981528464,0.12174179592563024,0.8008237473801474,227177
track_00478,Reggae,92.76682226010796,0.6404035674644785,0.7375894975893809,-6.800563512244736,0.0685795668351318,0.3199930860310207,0.12197874833385987,0.18134482079481967,0.594958445059391,288745
track_00479,Classical,61.330957946513195,0.28319009410246887,0.3335479298360137,-28.87243617418895,0.05150383221144174,0.8166755125797257,0.9837289859058485,0.3839041883155916,0.26897965342922736,355535
track_00480,Reggae,89.3259083990083,0.6063162024292841,0.6522096416194489,-6.859385649262583,0.04725042708003755,0.38851362636598297,0.06545198903390646,0.1436153564122306,0.6174009688061476,240886
track_00481,Pop,103.95548172145004,0.6775920709911964,0.7170152156988661,-6.834749507376922,0.09120505688012431,0.469270411382532,0.037404468285156325,0.2332853228297826,0.7330885903935115,190108
track_00482,Blues,92.16770805236264,0.7525666850605068,0.6101224852235104,-8.18332577690667,0.07098197911291221,0.3379083566368078,0.0643176528448098,0.10388703103646041,0.5332117066419533,237966
track_00483,Classical,74.52995277090703,0.2453637281904473,0.33799385391997055,-16.580353174609634,0.06019000032897731,0.9334723594983616,0.9514042789678204,0.30900417003945335,0.49207810646462197,566404
track_00484,Reggae,92.4710146896499,0.6839739181740614,0.6839850040525697,-6.668275662240715,0.0727421809619769,0.5510521419607151,0.1870500628788666,0.15981286192176863,0.607749181590186,272230
track_00485,Country,117.79389307604242,0.7051403529497744,0.5028758975889638,-8.838199447718717,0.04388837547957328,0.6197859464386778,0.1228230308924895,0.14126777571641777,0.543519618392127,269333
track_00486,Hip-Hop,91.81516573563798,0.9243206680338805,0.6408522427084713,-6.497761695758134,0.4628103741769935,0.23970311140570758,0.003625489544152738,0.2968036300392721,0.6819626411529589,161628
track_00487,Rock,144.89168633836871,0.786624249423829,0.8240934264536195,-3.3330551367258066,0.1288557138522041,0.2443153382428955,0.2022078537378398,0.2304952537511389,0.623489363285021,188167
track_00488,Hip-Hop,82.26836867844044,0.8183364702319045,0.8232665018427923,-3.409588553737777,0.3475667904874986,0.1778316897982596,0.08961977982793956,0.12175732177691218,0.6891656178136554,150615
track_00489,Pop,106.66767194515236,0.7189818376052917,0.726809874554216,-3.020771991418636,0.0625025536526557,0.49296950686404506,0.018807489211472198,0.14006409721476426,0.6656436328495984,231423
track_00490,Jazz,123.48879198514987,0.5653094058040471,0.34339647060209305,-10.83178503201755,0.09599552005485124,0.5978492696515199,0.9293691154171306,0.20705072684549722,0.45019889652864836,372030
track_00491,Rock,142.03321593928317,0.6271811767680744,0.8669871754719807,-8.507500630378988,0.1125732479100782,0.387915906740002,0.13752776221347468,0.2568874832704682,0.49592466822755255,275698
track_00492,EDM,124.57809089418232,0.8137527580767393,0.8299273443017854,-2.7513634583810904,0.04113968013429547,0.18863262557066984,0.26522103282471937,0.11678050836563961,0.7066613957044972,273280
track_00493,Country,105.93102095942695,0.5316646164795654,0.5039353922029182,-7.965538909678682,0.069594253495505,0.48743752529736906,0.023454353910782124,0.23073653313142709,0.7553110815605069,199575
track_00494,EDM,133.26296587186022,0.9431446044148689,0.9562233692418028,-4.301487858540489,0.06412447296946899,0.0799920146764948,0.21897339413770908,0.20625360099216716,0.8314424534595135,225037
track_00495,Classical,70.90413993695188,0.13425811093353462,0.3896552897058768,-19.46073868349017,0.053213527630235624,0.9814531425629636,0.9624585245151175,0.29081881315691216,0.3184378467653485,476225
track_00496,Rock,133.02756349107668,0.7599824686787477,0.9384188022208836,-3.260815897602087,0.038626334742264436,0.1804978206893016,0.024062312344117796,0.3253237581707309,0.4563334756601535,189808
track_00497,EDM,129.16797540630787,0.7418418826816628,0.9956913344368568,-3.12479650879895,0.03427702409788979,0.09875977914314922,0.26219940348392495,0.27745820035546587,0.504386366422579,198212
track_00498,EDM,138.58401527481928,0.7491501992037225,0.972137770114798,-4.266845924862092,0.06634442951198422,0.05669354438220125,0.26982804665215404,0.2581641313629154,0.7327950083801434,205287
track_00499,Reggae,90.65524581980587,0.7935294185465618,0.7988440492800015,-11.184187730009572,0.09097262557324734,0.4999289030994356,0.07751326765996643,0.222614461976543,0.5167896671786021,274094
track_00500,Hip-Hop,89.84601610889501,0.8703139075467187,0.7936812338533882,-3.730353634369825,0.5754334016281684,0.07455411276645325,0.06132412057993384,0.18007877087673047,0.5047421172840976,293194
track_00501,Reggae,93.45579699161036,0.7762949553392544,0.7373342354604319,-8.126664293040607,0.04443222507444806,0.4143625161579914,0.07334172957844878,0.2243434370407685,0.5194770868939523,230119
track_00502,Rock,121.39099230789239,0.5855893162670684,0.7847876817854479,-5.286054398271906,0.03220183940083591,0.32670453311485603,0.07960274244207995,0.19300655386483073,0.6111639311775697,239003
track_00503,Rock,126.99696182861646,0.6810034895935261,0.709396535566648,-9.168126059242283,0.06742681797653094,0.23312148322334933,0.036169348746600105,0.13598205515726075,0.6903574642334542,254134
track_00504,Pop,118.14121174679678,0.702729842514713,0.8495494698219643,-7.982476682344709,0.05193408290658906,0.42953620606847753,0.009973134341652602,0.11215385367924818,0.5948592292946009,238973
track_00505,Reggae,92.20209882791382,0.7766772974098045,0.7836660031302358,-11.204783413682144,0.09208890623525133,0.35163626469132236,0.1265864357087978,0.24401563213560043,0.5482560494447858,199192
track_00506,Metal,160.63361050108549,0.3157381478735982,0.8586532171485661,-1.3942075303294166,0.03858655814509346,0.0130539984900655,0.08873563993109189,0.27012364170545433,0.323001714590487,203958
track_00507,Hip-Hop,82.82144583807631,0.9271731915757264,0.7555222634203728,-7.550335923809019,0.33308301848297006,0.1150527073478217,0.09402341928728895,0.23858183031361616,0.8470475464756531,156732
track_00508,Rock,139.67125514847567,0.6446754776907273,0.8716226212106294,-5.688666864333966,0.12476021553366032,0.3435963907137754,0.05817756729593216,0.170991022190058,0.7507332115785489,261738
track_00509,Pop,106.50235130967154,0.8539932192998034,0.703683159092535,-7.8192366972935545,0.07249948944681694,0.4054204936237541,0.04801031035932366,0.15522728326063878,0.5986065297638861,257092
track_00510,Reggae,93.5164833197372,0.7164242741639673,0.7600620748397537,-5.326953225435971,0.08052127762051955,0.51957547140747,0.0007021701821301241,0.1080039281478012,0.5602553648153349,196289
track_00511,Hip-Hop,86.67051198862119,0.7650707992912558,0.7426732229155399,-6.203523318520204,0.39697359511784147,0.07811790408330659,0.07527929211954387,0.17314317143580943,0.7905428070856331,215470
track_00512,Reggae,86.39907459895419,0.7655358814407082,0.6283078727348614,-7.512163744636144,0.09721433343010953,0.6358497983446243,0.0852001621004819,0.22894336756294859,0.5531212765747819,205041
track_00513,EDM,130.12185129420976,0.737635203316134,0.9846171638478859,-2.174958586735844,0.043170953565603506,0.028064554992718982,0.11135767084379818,0.24100400697376234,0.6539803535714188,181658
track_00514,Pop,105.64803792863353,0.846255991408399,0.6689324092451889,-4.017257229767507,0.07017523080691068,0.17773054154950974,0.04869677870522138,0.1723290655510039,0.7405504845772641,257994
track_00515,Hip-Hop,85.67634204551338,0.767186736322442,0.7588735249542751,-2.704313434016873,0.583331388706498,0.030167086311914837,0.027184593398420234,0.29582678350354497,0.6081673641608975,233138
track_00516,Blues,78.02431890500372,0.7678741727075781,0.7833463639535732,-10.089547907270843,0.05017966487540313,0.4935963001330159,0.14037248536484317,0.14543825063644322,0.5012304351290501,219042
track_00517,Classical,72.35657587987198,0.21928924977976894,0.18231473310122515,-24.94000518976306,0.07853740222893928,0.9725002081786183,0.9809798329373765,0.2384053125924997,0.5020749096993042,569228
track_00518,Classical,66.33852159198814,0.11090451177565595,0.1989193321438637,-20.766816384771694,0.03228927482455127,0.8602849823597117,0.9200870735691657,0.4322781705297354,0.48503117729890427,574089
track_00519,Hip-Hop,81.67192474238573,0.8198190200734721,0.8186132055269336,-4.598604589809094,0.3589295727218221,0.1964433900091073,0.06848544791789159,0.2864891911370029,0.5587187589508196,211794
track_00520,Reggae,88.74470915900629,0.6132832808962869,0.6655484672670755,-11.265425737704353,0.04134080730561144,0.36860519905920885,0.1129698341999149,0.24066819090378647,0.560743569242414,248861
track_00521,Pop,126.47499246578516,0.6081522108881764,0.6658053507167836,-4.448635757153752,0.09745376620923868,0.2413477838167004,0.04043040159547283,0.1471672103799742,0.6845082132609086,247782
track_00522,Classical,50.84867745656034,0.29093322022503343,0.3090052100545304,-19.21601329345397,0.05063090560331891,0.8318592184942194,0.9372186897068099,0.4018319944187322,0.5698280878746935,548290
track_00523,Pop,102.56484327675908,0.6186953175147557,0.6448820731234166,-7.377505508660261,0.11404148664321592,0.15610688538366757,0.02688242319938396,0.2186211910224329,0.7173957830834535,183824
track_00524,Classical,62.81646961169357,0.16375967235011024,0.11538109973894599,-22.08660171807368,0.03131593587629552,0.912326506656876,0.96928083938491,0.3596359580614119,0.3736946786445583,318546
track_00525,EDM,132.37361591201068,0.7722041814294054,0.8774994757137929,-1.8661151297688483,0.05213845887699741,0.1922207749941073,0.056050349980325806,0.17025567449022833,0.7291020933139419,237255
track_00526,Reggae,93.40287079825936,0.6374290062924453,0.651253046101413,-6.056043546872145,0.05413853991998122,0.6740648042987112,0.1909815817870007,0.29178092096904107,0.7512688204028972,287336
track_00527,EDM,121.67802499399463,0.9053850955491539,0.8162029785662529,-3.4174647556248665,0.06865273967628399,0.03062050095975999,0.22278039645977699,0.17127870023965808,0.7327142104778102,210885
track_00528,Classical,53.48597724844301,0.1612823334707893,0.25025948249826646,-25.365986836482833,0.05251219658318913,0.8439518628125433,0.9650100552650553,0.4713063020750943,0.23419545494062857,571898
track_00529,Blues,87.8413965895529,0.7853001238088443,0.5096646081351118,-8.762255396930058,0.058808517396046096,0.5660309759993711,0.1679258775137984,0.1720756243113139,0.6280706261968512,243175
track_00530,Blues,87.70550456104561,0.6237146866081901,0.7612497863856051,-11.958843014602843,0.06328578542206117,0.4110450011845334,0.11407524006976473,0.15010168717716693,0.5933616077984925,193907
track_00531,EDM,127.5649238834093,0.9068614339949033,0.8049327376596022,-1.62338236596417,0.06729983498054959,0.04738557230223646,0.20809045221829445,0.29502038022004007,0.8849112240609853,200936
track_00532,Blues,87.08438584337851,0.7058490113918946,0.5029912914669868,-9.630753741307187,0.06391806009073207,0.4356694480008976,0.08725377222311255,0.22653325076367994,0.536338408099326,252949
track_00533,Classical,87.60831339937732,0.18827201573712427,0.20159190840594055,-24.130428452819714,0.03268821920298479,0.8531492752373323,0.9094830438844101,0.30405710327866686,0.2146279249451833,353619
track_00534,Hip-Hop,84.37212206034958,0.7086009069285736,0.7243108823719673,-6.832195803452864,0.35525895889897086,0.08634588401284517,0.024840560524685487,0.2369590804300306,0.574710922654428,268025
track_00535,EDM,125.51484654667046,0.7431129599691163,0.9202616727629408,-1.4390600901025383,0.04268295077452233,0.1079013147968591,0.2072761710213585,0.18426796332220968,0.8416062121821837,199450
track_00536,Jazz,105.70263742867363,0.5058633544996356,0.41265239332867854,-13.29062690191058,0.08740994895585698,0.9010721890512423,0.9158965219834343,0.2066386023264745,0.5259380408868606,372053
track_00537,Reggae,93.2761237371318,0.7647621043760702,0.6914465196460493,-11.563023714222407,0.0791407748549883,0.6646318405008875,0.07588907737619029,0.2676265051210722,0.5939483428586537,198953
track_00538,Blues,89.59226822065321,0.7033601189381248,0.5640343643978127,-8.244993178711496,0.09012174125073355,0.5463170208405541,0.12675768390900044,0.2082060578125623,0.7781796897894229,256970
track_00539,Blues,95.69208213180188,0.6230638066475753,0.5683128651233591,-11.307668874240642,0.06600477063550701,0.3504464282978533,0.08745920343337801,0.24641965116022632,0.7050165899430253,196937
track_00540,Rock,148.22760620829163,0.6017085649231729,0.8714234179132703,-6.868341241533528,0.10909558951477928,0.11517266982370311,0.14799006487168773,0.1887977875431901,0.5304740245111638,224885
track_00541,Metal,179.49902397716664,0.4955656271648986,0.807733112369518,-5.082918524121118,0.0746765000909065,0.18777842947300388,0.15608792798223547,0.2842496296655389,0.3918445952755724,310145
track_00542,EDM,125.79048168417295,0.9082139521544802,0.8088693723907203,-3.4578945558566,0.057176342303805194,0.11308869991306854,0.13088680778810827,0.20798964544427687,0.5790338343313273,274671
track_00543,Country,114.23641070036729,0.6117653888852059,0.6802179460253458,-4.874677942205605,0.037168043117402925,0.439457567165713,0.13524783706002216,0.14615367799607087,0.7373089631035254,261738
track_00544,Blues,84.20476061779735,0.6594687495080092,0.5772233690590116,-9.329912425260737,0.061370017918866586,0.4489351273541524,0.06365530922389609,0.22422668136966628,0.5492790991161872,195077
track_00545,Reggae,94.97934796190316,0.757173371341177,0.6667613289189516,-6.0003196730809965,0.053957889184578306,0.62239303558868,0.035862554564961145,0.262623558393796,0.7821390556485703,183376
track_00546,Jazz,155.52722563988073,0.4251425300461493,0.34821467546745166,-9.00192792570535,0.06588192738328012,0.7229826352022029,0.7925823044906309,0.38220691504332316,0.374066018166481,343898
track_00547,Blues,96.32054554281251,0.6731973802005614,0.6213557740251876,-8.124066939779063,0.09628168764186805,0.589599949647825,0.11019784889924467,0.25408260297934293,0.6112670936715275,264873
track_00548,Jazz,132.6355871852948,0.5232028744848101,0.3838984221044958,-10.854139287165612,0.08121265357901107,0.7296467805897822,0.8696502194066504,0.40821982245678706,0.6070840206230037,251301
track_00549,Classical,73.98712801790344,0.12431132590365382,0.16449766707651736,-29.25649423900708,0.028448711725579966,0.9834606290928101,0.9459438746618378,0.2232997585335061,0.5838907352155844,455304
track_00550,Classical,66.29977534162755,0.2509365041736282,0.38004183758426735,-25.597411583284718,0.07018215758060518,0.9379982392708612,0.9869759249567689,0.43907346972278893,0.33859802527073,402617
track_00551,Metal,151.44257420048493,0.33237171516689284,0.9870153231960938,-4.5449831829985925,0.056031123258572596,0.07826656729323854,0.1919856241167003,0.1670098341876965,0.5335637464268067,216253
track_00552,Hip-Hop,79.07039200406572,0.8922734182991208,0.7181798935938741,-3.6229400002473975,0.36212165261707296,0.1131106490379536,0.0008058288895535171,0.2517275167827423,0.7503546577321937,206977
track_00553,Country,112.10021311445743,0.547098691850123,0.6353530407032659,-6.423023212535935,0.09253391492793259,0.4515911205530629,0.0841364474081857,0.26656861857336744,0.505769511037028,260543
track_00554,Rock,142.78302051563176,0.6577337920454858,0.7876136674293746,-5.8362383035659615,0.033299146755812956,0.11941009915119655,0.22016102616385244,0.1965674027601892,0.5387868302497936,228017
track_00555,Metal,172.1494410685497,0.3704845688500178,0.8884941853987037,-5.222738539217714,0.059797079786535215,0.05010888485426404,0.06676841286867717,0.19425014332470564,0.30803117571093835,261560
track_00556,Pop,116.05770383524123,0.8628913268877474,0.7430669472161121,-7.039461804002888,0.10554091139604926,0.11373286845714131,0.04912821002927137,0.2730298669542742,0.7318557822136079,187645
track_00557,Rock,159.63552833543815,0.5711942482684255,0.8312793231261381,-4.007332674345315,0.050090753729550144,0.17966068168412863,0.13363010258580904,0.3136746675532042,0.5503535819182696,206245
track_00558,EDM,129.6758028326756,0.7236142628171798,0.8741608395089695,-1.4552293828578904,0.039039470626459696,0.13128262684593459,0.04926508746820378,0.11119605697233728,0.5484062866994596,277180
track_00559,Reggae,92.64400255059024,0.7374553223440863,0.5961349791124284,-10.608843352908902,0.09127817240911928,0.37773285730950423,0.03232191611907278,0.14132241613619517,0.6526522544391521,229050
track_00560,Pop,117.05102982450651,0.7400974361705445,0.8319605666515486,-6.713290059052339,0.0688883417303766,0.26453849955260017,0.012168485670318802,0.1258367835617499,0.8429659386603203,259304
track_00561,Pop,108.03983779448032,0.8622891231224887,0.6149098961571928,-6.411347266911801,0.11938061516037309,0.26893115164119813,0.006557811198262937,0.293858932409816,0.8936558588166945,181949
track_00562,Metal,163.70775751619453,0.3755278159636344,0.874970454559361,-2.0002647570755907,0.07171277517925859,0.06083649552570323,0.09380288611055759,0.27476395525601044,0.31580199954890914,345560
track_00563,Hip-Hop,88.42357427024946,0.84563792409615,0.7658822244567756,-2.843838651483072,0.3304716430933984,0.10410840759769081,0.05382527463447656,0.262257770789208,0.5865772333646686,203096
track_00564,Metal,149.23045459122054,0.315796727835324,0.8283407676054744,-3.0087560356040886,0.06095657754350413,0.006721932463001257,0.07938641021233168,0.2168323462552098,0.5213733999455201,284089
track_00565,EDM,134.80083538896997,0.9384737659744351,0.8460629350779691,-3.734788970900519,0.06759272749735502,0.07918223015253673,0.21550449735622282,0.22245304574597524,0.6142350719176225,294006
track_00566,Blues,89.651431313611,0.7311131801913947,0.677732955622723,-11.30237422605341,0.09971030934244227,0.4601665844683309,0.1276501970793978,0.2771523388225239,0.626986546525951,259697
track_00567,Blues,89.64692094839245,0.6810539140465474,0.7716728176989707,-10.882499925293718,0.04171569030156654,0.6635556019396447,0.16431831482351608,0.2945166065102664,0.5174713348132035,261088
track_00568,Hip-Hop,86.18095230752749,0.814223638745607,0.7232699714975419,-4.669945481150893,0.3730362035915297,0.015655497589908852,0.09392241361712067,0.13733979697543455,0.5793602916982865,156846
track_00569,EDM,130.57708599462762,0.8448687476734271,0.8493697810596503,-3.4537574118742933,0.06542990134875329,0.05965143127529693,0.2238571449951913,0.2980330424510811,0.8999266877450711,188444
track_00570,Hip-Hop,86.62966336401725,0.8866804004210155,0.63295792711582,-5.451899049818238,0.305335542378745,0.01006775449417534,0.04829533632166656,0.1596394596301859,0.8380429196021648,212278
track_00571,Jazz,129.67600989761334,0.5827936575720583,0.3145016712534279,-6.915872059952116,0.06507052370078287,0.779893428535696,0.7065860505631062,0.4808220505588361,0.6610961844368005,257603
track_00572,Blues,95.37334651362706,0.7695848324556822,0.725547916527876,-8.852172286414621,0.07677132169391913,0.5753138681472032,0.10254729405704505,0.19513019689032735,0.6935292336927961,222730
track_00573,Pop,103.21710986071562,0.7065948792976064,0.6843893133901124,-5.5036716267562475,0.09722765891049635,0.4872940494104683,0.007208163008716412,0.27460342198821636,0.613671200156105,193487
track_00574,Country,95.55750878480872,0.6476638066521603,0.6916146894327142,-7.831129995434347,0.057589326997981825,0.4605398744026571,0.014106859047464382,0.2545608985723481,0.5749043193017975,257932
track_00575,Reggae,104.13184438484686,0.6508840982391069,0.52168225101236,-6.787514425583557,0.08547852091373799,0.6991345585166245,0.18000591410694355,0.2852124129035285,0.7394611477231826,284533
track_00576,EDM,134.800597144557,0.8396290382902062,0.8746523464058538,-0.556419526936268,0.048125453259139986,0.06304772568020423,0.28236585862369723,0.26990353323853555,0.8374673501677764,251633
track_00577,Rock,129.2558645133672,0.6168967744109548,0.7001918382581604,-6.733373827958785,0.08838800203295259,0.3589392747517193,0.13455768236474472,0.2090668881603019,0.7978988205449854,247917
track_00578,Hip-Hop,80.03502823214136,0.8578683917831875,0.6256992582140919,-2.318795615024211,0.38751716615410825,0.06793940750321847,0.012913640406633432,0.28920043866780953,0.7847614969765221,247504
track_00579,Reggae,99.41667054834502,0.7514952318519671,0.5798155767318035,-5.7678005417554425,0.09875349833539665,0.49770974456244976,0.1873874730065347,0.10022572450539656,0.7682713488906585,223677
track_00580,Rock,123.82988915251852,0.5366161301243948,0.7568001260491211,-8.519356375790409,0.09682687659277132,0.3361169961971099,0.09429446361740766,0.12540094428258683,0.5858153854097677,190015
track_00581,Reggae,88.56357887354999,0.6338543354678556,0.6532008207309702,-9.083323650559336,0.053149693224277914,0.5883008873110538,0.1262578624665462,0.11993232271108811,0.7776160142976027,245714
track_00582,Country,110.29091136687325,0.5625511217658854,0.46188754452170905,-9.18431211176679,0.05972461844732455,0.44066230392725103,0.08316328251904524,0.12975408564682353,0.6970422564571668,286262
track_00583,Rock,142.33415461107307,0.6961413978152993,0.7284796028696854,-7.768037337443923,0.1491377354706646,0.3035280001026211,0.21902254998099874,0.16387518568129172,0.43151282840156574,247439
track_00584,Metal,153.76163482637224,0.5029168708225303,0.952699815086341,-4.408966020019564,0.037292956700457514,0.19096784193531197,0.015278443426407896,0.11916107115737709,0.4484827625705906,304576
track_00585,Classical,63.148141215894924,0.2955447023745287,0.3371776385951239,-20.197770467270892,0.025195241490761015,0.9184890881580828,0.9758763750701878,0.2572151759014236,0.4272833363149963,308195
track_00586,Metal,159.7174224670176,0.5681362281029994,0.8513475549265623,-4.798676621939114,0.04315962520900447,0.06762159825194054,0.021470794929219928,0.2394439321617179,0.3622196153487409,338178
track_00587,Blues,86.50224418406931,0.6594040457621633,0.7305614291034248,-9.006754587905792,0.08916007744183713,0.6139414849423154,0.18589808455349333,0.25132083102081093,0.5155733509007189,184318
track_00588,Classical,61.86063097301574,0.15056675663303226,0.2886581756033507,-14.756577890326444,0.07258913678524193,0.9704279127708951,0.9964882994163853,0.3744154686009533,0.5634622245361438,478625
track_00589,Metal,170.91560001885296,0.30266514114864834,0.8073263279699239,-3.016378313370683,0.049449155080021956,0.17795156299463077,0.06039638261714675,0.1864102055008095,0.4583727593494704,302747
track_00590,Classical,72.95336731282777,0.2611527665086014,0.10277269437432346,-23.74989086029595,0.030464632592984903,0.9178077881216681,0.9254252402614545,0.2776995363584299,0.3953352575981275,454641
track_00591,Classical,69.33633678228946,0.14943494891890352,0.39212446423538816,-22.056950001141594,0.05593940543786159,0.8483085625431956,0.9490459525157489,0.22223575231578743,0.2138968583689308,504318
track_00592,Pop,114.22546992733727,0.6410640959075483,0.7719003572301835,-3.035482545503678,0.07769527748376986,0.34982345436695783,0.048148797118224285,0.266306994489375,0.6854208893210743,187288
track_00593,Hip-Hop,84.76900084624367,0.7063809611392783,0.8181793975778249,-3.0139276370859847,0.33750410703474293,0.04063758447277088,0.08222239996967906,0.28438147774304695,0.8163019346696598,151354
track_00594,Hip-Hop,85.91064543156112,0.9462524369573615,0.6288751749713176,-6.285611428605312,0.5608377349613662,0.02168160367657108,0.08758857213669513,0.20485719667495023,0.6633067095705704,233652
track_00595,Pop,104.49682865677859,0.8654409242880587,0.7809488075436963,-4.651384960844247,0.10591244042664005,0.202845865201658,0.03090214060408779,0.19201324779159018,0.8129766540800774,224789
track_00596,Reggae,84.51353865138654,0.7764424823634627,0.6206451428584786,-11.53364538842777,0.07096304934050757,0.4383889951228104,0.13444507610943499,0.2902065849497212,0.6456824953990541,195915
track_00597,Jazz,151.54073536131267,0.63580014762321,0.5134362725592687,-17.785460538796045,0.06736402869825545,0.5192931004040893,0.7053393990162847,0.3320391254821402,0.4011841977830516,288061
track_00598,Reggae,90.46332669322054,0.658435360676409,0.7793085788832688,-8.129371744954753,0.08179234134327358,0.5386955451119632,0.02454801093492409,0.29262293187697597,0.5368626739682458,254460
track_00599,Rock,144.4716341308572,0.7514447496129071,0.8547208565122134,-7.361047352433555,0.1406214599457342,0.11087569525443847,0.2568390661059137,0.1692453355563345,0.7394945311015871,205525
track_00600,Rock,151.82516917670313,0.5594326144014723,0.7147176561238793,-9.240305466094782,0.09296296097031236,0.3275225590273849,0.10039718613735034,0.21373717321156652,0.773658566018445,181694
track_00601,Classical,64.05327012837832,0.21158974828689608,0.1554836011635196,-29.221325854212576,0.02215938973212007,0.9663138996729723,0.9591449931443025,0.30742559056801344,0.5576912170960988,326534
track_00602,Metal,155.77431580978782,0.5089326627112674,0.8619559133295592,-1.6349684602221757,0.04684569182957302,0.12393917108085939,0.05718551193079766,0.28344430902843565,0.5342987943084516,251908
track_00603,Metal,155.11344603388267,0.3632633521822056,0.8477457623822291,-1.4118340453914495,0.03390548443755781,0.08548302403754189,0.1064797374453826,0.27973861076043216,0.599308865598364,313938
track_00604,Hip-Hop,83.67072352276571,0.7216858181558381,0.6351133744130308,-3.7088487760781064,0.3224349767877252,0.2751526305372195,0.07415401369476332,0.16709844119339776,0.6451755116901353,263271
track_00605,EDM,130.77319354065904,0.9333754691756087,0.8069963747032307,-1.1538439822928117,0.05890909112178509,0.19279068507765743,0.27921336669976304,0.25244651240883853,0.7081635058730394,237563
track_00606,Reggae,81.88041078715017,0.7798244201320942,0.6014319690287531,-6.790839662628737,0.0855884144260192,0.5602219915248958,0.07897330462885843,0.22167684336330512,0.512059607377363,285037
track_00607,Blues,88.84037998943188,0.7685438247078937,0.5775518756443436,-10.007114217787112,0.09759619430793307,0.45163468921954086,0.0019171280288789118,0.1567692296692273,0.5357898741805437,288924
track_00608,Country,98.20243866923593,0.6437835136009143,0.40926913677139465,-8.791462547063185,0.048730007896475455,0.4217669126287499,0.0709439611797603,0.10544050174309515,0.6659550476773188,240760
track_00609,Metal,174.55401337726192,0.3219525296304006,0.8178956765964835,-2.7401314303851967,0.05434703566196242,0.15808305006384205,0.1832541674687063,0.1776733755343095,0.4789230079753939,288408
track_00610,Country,94.11981480963033,0.6999870370730956,0.6942753184536495,-4.410227779519363,0.08158392390462613,0.6081961209457958,0.06736999938707533,0.12080345035902043,0.6721167645102728,267562
track_00611,Classical,73.0871839419384,0.15518451061362062,0.20521069822921822,-25.6648457735603,0.05513084254886477,0.8696191095015748,0.9657393039494664,0.2046941953826198,0.22574995340601586,522368
track_00612,Country,96.61031949176663,0.6223622996713849,0.5466058585378442,-9.534893741242085,0.043354190641170375,0.4962918078326502,0.08386939878518132,0.21878748877172083,0.7590035313569182,246861
track_00613,Blues,84.42436868668256,0.605196458745156,0.545841742795485,-7.6120246512252665,0.0444170956920209,0.3758785459400513,0.06757077713906075,0.11557401286127328,0.5575097813484904,244022
track_00614,Pop,115.73219450312465,0.8017218880786727,0.7699693718057721,-6.673244141623045,0.07312415642354944,0.3194707500597588,0.00997937479000492,0.10406209356667025,0.7248577818034303,212532
track_00615,Blues,88.23583047074321,0.7969371107830479,0.7311468075503889,-5.238348564211986,0.07085958873459153,0.48947645291628017,0.15109076186505158,0.276058252602686,0.7892437387596675,230998
track_00616,Country,112.10817259191998,0.6996761434606598,0.463193679290661,-6.726553919527328,0.04258937038864394,0.5042192085251016,0.18627167344129186,0.12921813995461723,0.689720268540559,255400
track_00617,Blues,88.2264902783403,0.7125963009030531,0.5561535826965471,-6.395634405110292,0.09832939057208501,0.3859037599849888,0.037382392958115185,0.19098701435948892,0.7243295831420097,244067
track_00618,Jazz,108.40442726398364,0.4327566989210544,0.3534589280364378,-19.380377871178027,0.08855428430048087,0.7758523762976175,0.7950245945950636,0.23790347060846,0.49361835038415164,321163
track_00619,Classical,50.02311856514406,0.1739860009180245,0.34807717269005833,-26.87365557201524,0.04062877421810537,0.9449941609750782,0.9015694935342446,0.2868142170817084,0.4565788651018839,467570
track_00620,Reggae,83.0847951219372,0.6221002702455379,0.7488339919284994,-7.780891396446787,0.05121457208962464,0.5168141542024473,0.056499767369468094,0.16469346694609932,0.6054584124790641,290780
track_00621,Pop,101.99680439953323,0.6423293389286776,0.6314744941354312,-5.736066816523288,0.08608394365711046,0.15335379741713595,0.04896978651331198,0.15155317737244461,0.6835365358411133,190148
track_00622,Metal,158.68985254480995,0.4481767936348636,0.9512033164930365,-3.394489928527524,0.04428244353590276,0.04967932174678762,0.1517868812454107,0.12364763514525266,0.41098994832176083,203119
track_00623,Rock,133.3050975463984,0.766031752562728,0.9195712597039095,-6.073509277690171,0.05693102669946397,0.2530680481597585,0.1562499619342717,0.27712111769617187,0.4240340628890926,186798
track_00624,Reggae,87.66736252631819,0.6281486726782306,0.5469902543571556,-7.524263798678988,0.09237239714602756,0.4637985113382207,0.03390403206589248,0.2513204996587709,0.7497468423258347,259118
track_00625,Rock,150.22760556641225,0.5046244875345223,0.7321707405308571,-9.351967530635308,0.11551256211056796,0.12087453506307372,0.1489093117398921,0.24181206959088677,0.5242814094232964,237225
track_00626,Classical,73.02895262542931,0.16981650765304743,0.13962952051862207,-27.467603419099525,0.06892576964069409,0.9836736629500246,0.9777758254232986,0.492984715697768,0.2865315880665083,526959
track_00627,Pop,123.25414597823085,0.6231880479451397,0.6644675008870021,-7.528888106262463,0.07206311031077747,0.4500748853834916,0.017358341983714633,0.21237962060028526,0.6733523392459764,183543
track_00628,Hip-Hop,76.36893019021055,0.9423930129591396,0.6888463404791574,-4.236053182860972,0.4260188008738341,0.018343854314305862,0.0489330831624236,0.26266866580902165,0.5395011874726754,200530
track_00629,Metal,172.46226254340627,0.3700858795434133,0.9084787928536799,-4.88896396502009,0.03734615135503032,0.1146269869308141,0.19549485566011407,0.147386669834349,0.40660084480654557,209251
track_00630,Jazz,143.26921798352026,0.47993794649394844,0.4212576402560042,-9.472167340240699,0.04232827144185671,0.97856209784278,0.7138839638467742,0.4643759545833679,0.6577512395047995,300526
track_00631,Hip-Hop,82.62532688889377,0.8221295884827065,0.8104493701697351,-2.0816085410882,0.43245202298675134,0.15545548270293294,0.05218157013832556,0.2078868710975872,0.707096262841785,218008
track_00632,Classical,63.47733496896686,0.24095739736805305,0.1963040331785901,-18.486772074565753,0.05564813503842772,0.8630143253426464,0.9349852367703664,0.42867402950501443,0.4330895362468996,477059
track_00633,Reggae,90.3791146549022,0.6350909940393882,0.74186289655173,-5.780978063991327,0.0910773303578509,0.47334677947873394,0.1517347769373562,0.11951583391525389,0.5120734311857752,186674
track_00634,Jazz,93.46368401946215,0.4526165755659832,0.4539637975295244,-13.618767585912249,0.09343306892616794,0.7147833164035643,0.8601329181205113,0.48658585880054667,0.4198767063498258,388293
track_00635,Blues,89.34254094005388,0.7656645937283686,0.6420263391900337,-6.194993257286401,0.08378120834765831,0.3837713544555734,0.18977632497989277,0.11215623372588068,0.7694839122631385,180415
track_00636,Country,91.9619655234363,0.5069929743188397,0.5157642202578899,-5.377373151250129,0.08748926241003185,0.6096264366647626,0.13843594670874845,0.20124785331943157,0.6614987987779469,253002
track_00637,Jazz,124.74410670389571,0.6679619765652525,0.4909633465730172,-9.659898265510932,0.08005643378362019,0.7247295965918705,0.9068016466600248,0.22091232394068835,0.6439405887662653,416710
track_00638,Classical,83.66214785205788,0.24077053702656917,0.3494172523201238,-29.195062516235918,0.03415520662840302,0.874834218718316,0.9182601398082278,0.22186978181274417,0.2900366658378721,584736
track_00639,EDM,128.00236017394542,0.8762090493793341,0.8310802257478032,-1.7510463624368766,0.03336440397238743,0.03626517122086264,0.1427390444983803,0.23071303053622041,0.5583476507815585,232167
track_00640,Country,98.10256496045939,0.659180211284098,0.6656221968800592,-5.92918830097226,0.08731984725341527,0.569133490295238,0.10504365032618013,0.24481944855447693,0.5059067935927253,218333
track_00641,Rock,151.77208787416916,0.7960710999305767,0.9660797188951515,-7.124097757633632,0.07459030090950419,0.18905561028399553,0.04572207601136441,0.14142509698060274,0.45291348320384217,220950
track_00642,Metal,178.3413456436239,0.432264329285574,0.9776621644298265,-1.9525078921921937,0.069271054632393,0.09164936838685836,0.007514577168922032,0.19845128127578887,0.5695336602432548,267919
track_00643,Rock,136.78336419450883,0.7835237593423496,0.9960432045396268,-9.68563352443888,0.04804150496781198,0.2270572276903068,0.0559000429033222,0.209164118088065,0.4516385399438534,209870
track_00644,Jazz,115.71216065763855,0.4815083848507778,0.4055715167275982,-18.585310228058788,0.0656876830426085,0.9916288054807849,0.798649914064357,0.4629287824527305,0.6372796566494741,377662
track_00645,Rock,143.8181954994459,0.6571529236210535,0.9833056250415251,-8.788194818498086,0.06095650075905582,0.32702172347068825,0.23257056838737883,0.22146915893174934,0.780391373857504,275140
track_00646,Classical,81.59970666641482,0.2413059264606382,0.328150601325172,-19.536439803209987,0.07545426204884798,0.9650077821246723,0.9843884965665632,0.4019027302889157,0.3218319788348996,327410
track_00647,Blues,81.65354735027766,0.6298270215695075,0.7488569496502264,-6.144358638866948,0.0888704780878319,0.5580330767867145,0.07320307751837518,0.1608140569560514,0.5025664310354511,265535
track_00648,Reggae,93.56093328813519,0.714152456950296,0.5031523994298763,-6.66826600187626,0.04639584698976101,0.3467485544881607,0.12112496052923055,0.2967041042050603,0.57276184197974,208491
track_00649,Metal,166.15755289645116,0.47805506763415917,0.8414954655312942,-4.689344747772859,0.05162403652090605,0.02440871240596254,0.01574667365269633,0.23601227914959122,0.42214951862673605,306718
track_00650,Rock,136.96781068225442,0.7399488362149705,0.8831518522125458,-8.426678336388264,0.10356624310433743,0.2884838377195641,0.220232094264338,0.2862622562670404,0.7876968521832153,277417
track_00651,Rock,129.20097057108262,0.5862371340512249,0.8478627691405898,-5.567015404522183,0.05198768624905867,0.10265988344008703,0.10342805618078867,0.2448614363668731,0.4737734022387212,216583
track_00652,Jazz,122.51763458373469,0.6987569287534486,0.5691889765599883,-19.683790093571947,0.09151897473415785,0.9597148002792038,0.8060644667690365,0.41585049651432976,0.4768414984831115,326257
track_00653,Reggae,96.23668233201317,0.7772663316494732,0.5746006350492711,-6.145262577995862,0.06752739191742146,0.4095282477144883,0.19709121420093567,0.26496035828683345,0.7982759957259609,216114
track_00654,Hip-Hop,82.77503450232894,0.9391245311942746,0.8660179149434968,-6.983199746669363,0.4419645089754315,0.29138886822856364,0.037236629822860266,0.17431462170324002,0.5780120927156618,168312
track_00655,Rock,135.81132344391492,0.7999678000115149,0.8091758730413426,-9.569201471630727,0.13227878097306184,0.39790560376369377,0.24490755276482706,0.3555647469579537,0.6503740456877805,280196
track_00656,Classical,71.23634467020361,0.21701997970899722,0.1644613521547404,-12.218075145675208,0.0796016513032846,0.8173357122301662,0.9862251628302487,0.3171547093053182,0.40962897860268177,390417
track_00657,EDM,126.1835938586077,0.8046661533654681,0.9762576015003273,-2.197341972522518,0.04518363655018937,0.009640448409167357,0.2016820551605165,0.29730935306135675,0.8647185595033532,226904
track_00658,Metal,163.07551610365067,0.5505651781826306,0.8419477987877132,-4.35845644821044,0.07350239983031959,0.14925321226644103,0.0438076723284117,0.11437988373149921,0.5147021330566018,250916
track_00659,Rock,143.59567738288155,0.6915433749839718,0.9254970031631113,-4.738937093020135,0.06968433460791731,0.10448739837803066,0.016514388898264332,0.18461807526536755,0.6758172734630392,205280
track_00660,Classical,71.42227116659194,0.2770565658193801,0.20847707992609293,-11.350991578387134,0.05783650829903657,0.9868310687586013,0.975716662541252,0.2310305499946287,0.29246054702507085,323233
track_00661,Classical,66.21659479548003,0.13079146515036844,0.3729412986850572,-11.233255947570818,0.020752891951334534,0.9454871474830964,0.9309207736529327,0.3124113109901569,0.38764118998059593,442412
track_00662,Metal,164.8641883184928,0.4043219346887777,0.8799717390274431,-4.1959658687712444,0.07131796050875021,0.09042781102448949,0.10473886644893765,0.29648947140941495,0.3179937816574549,212191
track_00663,Hip-Hop,82.28008293313658,0.8528828986536934,0.6718394338603401,-2.7955753206525946,0.39812989962002376,0.09871884507027286,0.059819387851789356,0.13671258162398175,0.6139554555612244,175221
track_00664,Classical,74.27376045470797,0.1670927902365295,0.25763217104571434,-16.40660053496955,0.0652717603296045,0.834778435012949,0.9565152304677289,0.4736599701488604,0.5873439126038775,373480
track_00665,EDM,125.7331378968508,0.8017729890395049,0.8997138433927111,-2.333365786235318,0.056379606843506076,0.00832064667106427,0.21644312482020509,0.11239420139588206,0.6873154270691472,196744
track_00666,Classical,76.54478312910108,0.169455446975254,0.15611037570779712,-23.04469958170744,0.060788244257547905,0.8526075598170066,0.9426886695709166,0.3160310704645046,0.506236025516424,310691
track_00667,Classical,59.780183426523564,0.18663540979517745,0.14300504621611643,-26.638051044667804,0.0298575540515909,0.8261172715122621,0.917958122850913,0.2608064607735073,0.24473837751905317,308294
track_00668,Classical,82.8634071463941,0.18378816841602552,0.33380087959584614,-22.901160710215166,0.07895292569237596,0.8361539838601807,0.9590986684968135,0.2269097891024764,0.4935455935975928,311628
track_00669,Blues,95.7468888655951,0.6426328404783817,0.5350258901474025,-9.092245990218412,0.05119480236958748,0.34096668707110356,0.0604653466545787,0.27209798855932965,0.5051444462055084,199856
track_00670,Blues,96.44645436268837,0.7535875103236023,0.755877307453535,-6.5477514842819975,0.07786394669006177,0.5055866050090582,0.1417408578427293,0.17816670985344435,0.7523925054499105,201601
track_00671,Hip-Hop,82.69354488980144,0.7878018920966032,0.6061714394063087,-2.1384349145972283,0.3199955391384122,0.26946633717287083,0.03129877141804547,0.2175112803971757,0.7717262159864013,240444
track_00672,Rock,145.5559621157167,0.7666207368159876,0.8393110960546123,-6.387127910582593,0.06993164584028153,0.1830009826537246,0.1967846132515176,0.13595219846236117,0.7517090564731638,189934
track_00673,Classical,75.96081494132487,0.22052658425712696,0.15536051522099326,-24.53592987899535,0.044539190224030065,0.9398485470490948,0.9638723408817006,0.35967045430300937,0.5073642172456136,313601
track_00674,Reggae,85.24947715427176,0.6750790441302347,0.7646713885374146,-5.34690738216159,0.082988678014837,0.4970127124038639,0.12812430981153775,0.18280021033626662,0.5896477495546004,199215
track_00675,Rock,118.30351917815445,0.7092497108111284,0.8427381375204207,-4.1472103655061865,0.11136870147863,0.3053633299093972,0.0651466000473195,0.3952749299473871,0.7366700837085955,194656
track_00676,Hip-Hop,88.5695648282943,0.9466596799534097,0.6815961968950144,-5.059758761356629,0.4214679290469199,0.051074827788522625,0.020261881912527858,0.28366054840195454,0.8433118891423821,187185
track_00677,Pop,125.69447388124189,0.6325689434108428,0.7979332232499132,-7.146227245019018,0.05256955879632399,0.17422984109801912,0.038252159498524486,0.181025214667372,0.8490082067384728,193049
track_00678,Rock,139.95857415055846,0.7048257732019878,0.7922348784884056,-6.08423328753071,0.14192787245044342,0.19175743239845272,0.014588241490583308,0.3026883303096102,0.7147364538056671,237254
track_00679,Rock,135.64142645018592,0.7421539310607473,0.8972482177768752,-8.65079544951342,0.0663004752421694,0.1395312665791108,0.11489010331929399,0.16109459233698323,0.6575991814521894,225643
track_00680,Country,104.64320560826665,0.5030022907710661,0.5622759439861895,-6.558000414705941,0.09399461527765683,0.5518016004300812,0.1087402839289835,0.19433056026567772,0.5806712913684444,254181
track_00681,Jazz,111.14678081699266,0.5651477408397754,0.3921880929726879,-11.995963977118583,0.0480578178637112,0.9663149828696798,0.9683563730649805,0.25699895276068535,0.43737771331760394,362046
track_00682,Country,98.79502586100641,0.7455987634056922,0.5036607251045878,-7.767278823951828,0.07268119472329446,0.482304215846607,0.13971429702614654,0.1305700607901012,0.532407595807446,295650
track_00683,EDM,130.2975388331933,0.7046164762233089,0.8123950071979039,-0.5595980887059744,0.06475483182157546,0.07145418439920903,0.2673151850791604,0.21873501487958036,0.8223622588075608,188041
track_00684,Blues,99.80003759407796,0.6495460571548317,0.7565701799848537,-5.556766150883597,0.09412015596819409,0.6808309319781741,0.16842172442585507,0.21869720107933405,0.6229538296130726,261975
track_00685,Blues,102.54153136528282,0.6879641475666489,0.7315676438975764,-8.383419194899782,0.07658172730869905,0.5894985541631141,0.0050050203127733235,0.21412883650900894,0.7652583413685108,284117
track_00686,Jazz,147.10288326219768,0.5704683446999984,0.4195275506218391,-5.332105492820473,0.07045361494663156,0.776133876225134,0.9137087990328457,0.345361544337694,0.38982744771070055,377161
track_00687,Metal,177.0682147035449,0.5934102566657055,0.9659844625966981,-2.7048293345833816,0.06679982441652571,0.18729664960341502,0.19195042088007133,0.2937936260643992,0.4876924884607566,210312
track_00688,Metal,151.4403784127427,0.4740130665894295,0.8889211198472202,-2.125750767329505,0.06699108171827983,0.10762868601629089,0.017465474511693824,0.28521626935738376,0.4366807612504986,317403
track_00689,Hip-Hop,92.32917989301481,0.7526719792575753,0.8510816534429868,-6.260377438025733,0.356005177774295,0.12191995585634922,0.07305600808974654,0.2930916356879607,0.8237125057485732,240938
track_00690,Jazz,136.38806750412454,0.44218174122295806,0.321353039659103,-11.634428571399932,0.05741784898264206,0.9140274864846365,0.9015963614206978,0.4912184491957383,0.4019169422925217,262797
track_00691,Rock,137.22430092996308,0.7259607695421488,0.7657199848937136,-6.5117270324622485,0.12895388871549354,0.34490031966852486,0.23828421520880233,0.3471203239115659,0.4845889125223517,214457
track_00692,Metal,165.45681638190337,0.4523051473905253,0.938488070503626,-2.849072154727138,0.07018774737845954,0.09040165759741624,0.10381834606794565,0.2620803881717967,0.42831035124577155,180972
track_00693,Classical,71.12913599739326,0.2861416023376667,0.3211374897692433,-18.711941489788003,0.07320018539913249,0.9331112777577488,0.9647320473420432,0.2739113999442882,0.3579427862112844,592412
track_00694,Reggae,99.29203532269341,0.6729001929097584,0.7966281217682786,-7.843019447059395,0.06396401810669769,0.6342157116965701,0.14597480252852818,0.24985506736482088,0.5588418049201614,186677
track_00695,Rock,162.2011248506899,0.5628735445815014,0.8252021005479999,-3.963077218111623,0.05555274571588113,0.21717231327774067,0.09542296332843898,0.14533305545943404,0.5158871672510142,243202
track_00696,EDM,128.16610232911614,0.7107093302972496,0.935158192725597,-2.9265492291710684,0.03496387504438729,0.08398150953969352,0.05826987890867451,0.1831119064246633,0.6537356111834111,260890
track_00697,Classical,68.0382453525354,0.26447821858925646,0.22396680324753138,-29.714184599185995,0.06395196975806151,0.9192719516438737,0.934417188316782,0.284463780177879,0.2294765009481739,383086
track_00698,Classical,72.50396266296062,0.18396775647101532,0.36691411603731927,-21.252774168747706,0.024520647054389045,0.9893277454429905,0.9920535231239628,0.4053298068744796,0.38715701125281,589707
track_00699,Jazz,120.98227289185817,0.4480384720553921,0.3023190802021047,-13.653298535063207,0.04823303389660396,0.5802577076403457,0.7230731916206004,0.261528126117083,0.5861936719097558,361889
track_00700,Hip-Hop,81.2216158063555,0.7729824927682682,0.7635520521697859,-6.335994763702674,0.46529858500357624,0.03441369665615496,0.09428054879896225,0.15818136146597733,0.8692003357559535,277894
track_00701,EDM,123.36880443705725,0.8951933087217974,0.8727572103198115,-1.3197299275860521,0.050519153676573676,0.14773241071236506,0.27218686843577156,0.2842059032107604,0.7140427120002414,193901
track_00702,Metal,157.38219277657294,0.4715517869569625,0.803663441443145,-4.746778724420102,0.04145926197155984,0.04997122203216689,0.10712189991333075,0.2163920708038385,0.5726993983118434,198101
track_00703,Jazz,128.68592359042006,0.5100605182858688,0.5282493090058351,-12.719406572462086,0.05206500930436276,0.5622116884536066,0.8035152607966171,0.24126563344254193,0.6993075904816274,328260
track_00704,Metal,164.67090943993574,0.43234307981072295,0.8904187044780768,-4.496840357091623,0.05856757828534727,0.029995404830308936,0.15678247611744675,0.16648954364952767,0.47740277693959254,188727
track_00705,Jazz,107.37248146508902,0.6434676072187178,0.5021843754985775,-16.372707765191272,0.07218707536253399,0.7009261692968962,0.9816579329306974,0.3821996272761887,0.3633557044747966,292485
track_00706,Jazz,114.24391211451797,0.5294955287781883,0.39966832921988515,-13.830159547650956,0.07617068480718106,0.9999025720669008,0.8478977287313595,0.2625483424862782,0.3651386301116379,342171
track_00707,Jazz,145.06275794165492,0.4615701780340927,0.5085988219357701,-8.883394375554788,0.05554589232292668,0.6720498820148683,0.9971415017041769,0.31227934035522026,0.6043206687024407,358859
track_00708,Hip-Hop,96.02425361039076,0.7425253115470425,0.6948153885506613,-2.6683490573872914,0.46813746136749906,0.17501696111087164,0.04780625446139523,0.2097949269972278,0.5792318922240405,171157
track_00709,Jazz,103.62791492549078,0.6587559418680073,0.3593919766604903,-6.188489152122001,0.06650778942655633,0.8713954173748499,0.8640987551015561,0.2769880411745684,0.5684360697983675,355136
track_00710,Pop,111.7373253273212,0.6609480115092626,0.6168887108639217,-7.142838977626409,0.11890669188330223,0.28741877991658893,0.043367275235105626,0.26975049333376866,0.7046078229851495,192822
track_00711,Reggae,91.4130208935856,0.6741909292818041,0.5543774874889645,-5.527467650085906,0.046215828999848774,0.5171953614985622,0.06280158505470233,0.1542830015039345,0.693750455575069,202537
track_00712,Metal,165.78161906286041,0.4098909435787017,0.9290883666366994,-1.2623850972438104,0.03206348736873109,0.18377057117662088,0.12181633100420271,0.2614628601538105,0.4151624860302833,357047
track_00713,Rock,145.84363489046177,0.5197661417945698,0.8405530149759473,-5.361917149382358,0.12191498055666208,0.23614477411731116,0.1890852118489029,0.2618726888686184,0.4209223088333285,209346
track_00714,Country,90.38684608232381,0.6179417877874559,0.6231586434657995,-9.159764612413888,0.07695036679949337,0.47089780528283737,0.08767617942818631,0.10337257401642089,0.5454831913791428,218487
track_00715,EDM,121.47487707184649,0.9004910012556426,0.9506594241098164,-1.5206819170065038,0.04949879233262176,0.07304339102679706,0.11267598628944323,0.20061410699114665,0.5309258747530619,282955
track_00716,Blues,91.7040781248636,0.6056010638944916,0.7795365629153523,-8.339088842658033,0.04259338908506674,0.43699999720325494,0.01536989237224684,0.17858888787467198,0.700977902648397,226205
track_00717,Hip-Hop,84.61082025088058,0.9319084298702683,0.663447223082505,-4.671849482916352,0.33775160715410074,0.1341660855607093,0.05699036966468424,0.2211350444346344,0.6462115187629116,287845
track_00718,Rock,151.0275807066199,0.6965978214147959,0.8465295581359833,-9.041847933539202,0.14230511632873194,0.38670059865503303,0.2569818839494107,0.3531604901552793,0.43946851034722245,231150
track_00719,Classical,80.77162476440805,0.2765611358376969,0.12098320304158938,-21.61789827426587,0.054980388980273076,0.8294139809100687,0.9765432216744772,0.42327057753117164,0.5613364054827179,571277
track_00720,Pop,116.77989379603304,0.6784860831872022,0.8304003999143591,-5.911038336508719,0.11048810573374696,0.14386553185337678,0.015943864210309074,0.135266170753608,0.663364315139277,194538
track_00721,Blues,102.1993723349275,0.6382586348404214,0.5819988749373989,-7.517568575915841,0.0680980568559975,0.6432054630273307,0.06847635320183768,0.15333193167764023,0.7954597821034528,192685
track_00722,Country,103.0124248009139,0.7415975165162101,0.5086739356161548,-6.0938002119808745,0.07635488325300785,0.5210906578757514,0.06335821489892283,0.2867488396455627,0.7369944647938026,281564
track_00723,Rock,156.99145581523203,0.7998377201559207,0.9130425647687584,-4.668230508137772,0.1426038018228311,0.13409537839350502,0.21143528803431805,0.3552417873902347,0.7817514400883573,185465
track_00724,Blues,86.50888883830751,0.7485756151436702,0.6470127560508732,-8.988400476185426,0.06441928532740751,0.47244259493821494,0.1935775299868837,0.2362814120076875,0.59456295414833,195773
track_00725,Rock,135.97689977247276,0.5895766268864878,0.7476895282067891,-9.668550158712124,0.05351744669900012,0.27458309245173496,0.2358346343409397,0.15077427923286837,0.4434221431090594,277847
track_00726,Pop,85.06293397339377,0.8415663629140518,0.8012470140149806,-3.368153314504103,0.055942653811521255,0.20848811057073693,0.038387404577321704,0.212520298479713,0.7238459769418135,251192
track_00727,Country,105.21674649171746,0.6284643398172807,0.4031701368323329,-5.958900835167346,0.059658312506234795,0.5532557094891394,0.04282324868258711,0.21035644567882072,0.7937459719254466,263325
track_00728,Classical,63.84484150006365,0.21209106934654326,0.19678835327103195,-13.53500794640939,0.06709935845972881,0.9783161115916219,0.9562931231505116,0.30562294394272954,0.4424258784739671,408871
track_00729,Jazz,125.3500141087477,0.5302229182590759,0.35759265175777133,-12.676709612011422,0.06407288966267974,0.8977816812511348,0.9290813077488985,0.24019960436170124,0.33540762102522703,290908
track_00730,Metal,182.36971077061628,0.5802709323216417,0.858351033714117,-1.6083008997831083,0.04415382196251884,0.16121049603734391,0.04187626668915454,0.15855788603068888,0.35774260962109017,346153
track_00731,Classical,80.26825595587056,0.2877766630141134,0.39781738587808846,-10.816130270829568,0.020356505350661264,0.8095416682907745,0.9147606819157589,0.30465862903108193,0.5319672123947834,587010
track_00732,Jazz,116.06514605551308,0.5575263536415938,0.4660334495843097,-14.164529688984336,0.09989187081316572,0.9882535951503129,0.9885236130113786,0.49372551421297634,0.6172049595077593,257423
track_00733,Hip-Hop,77.16984691991694,0.9386543428760135,0.6467581102761231,-6.864574384728511,0.542404424718835,0.07824932400750263,0.0799227106291527,0.15430669658170051,0.5132750520900006,283846
track_00734,Reggae,102.92895313608989,0.6633858006564473,0.6831856190589062,-5.232034374287586,0.08024406959846095,0.4450637465142486,0.187150594294307,0.21312705374022878,0.53851171955977,259876
track_00735,EDM,129.3450876388577,0.8165008785882532,0.9273282070717456,-3.510212855208205,0.03730388524348397,0.12331756761424928,0.0701545107256433,0.11598302186932136,0.5002216738341015,233730
track_00736,EDM,134.05388873411746,0.9385592579136579,0.9833362650160655,-3.833670490414784,0.06123230590999229,0.12454007924658801,0.04626682173589197,0.17135420941731208,0.570989176522993,268212
track_00737,Metal,159.0199903321666,0.46092911903684763,0.9484185185116489,-2.5192703753072943,0.07453392978027354,0.14326620545133906,0.19957694164569212,0.1697011599663182,0.5498993226718254,192803
track_00738,Country,108.09861984870875,0.7235706796709196,0.6540268800985118,-8.550254369425694,0.07842219988276304,0.41955159876916215,0.19263707790597803,0.1697980216028315,0.7495528317754301,227055
track_00739,Pop,99.46557815250594,0.7145572875665498,0.7634595974541565,-7.619553143252118,0.09225213441548663,0.4724899036715592,0.04251813938289253,0.11353470733159668,0.8973559514956273,216258
track_00740,Country,98.78967837697124,0.5405702060785059,0.40372482675082705,-8.972304182247091,0.0886723144480017,0.40649179748354913,0.046629460723617316,0.2514611190669751,0.6758331607694406,269606
track_00741,Pop,103.73191026392466,0.6639411312919365,0.8212182101365771,-3.0948068665939408,0.0514010285221053,0.3185867404002792,0.017085118955459912,0.15539791507744186,0.6342825563479741,206576
track_00742,Country,114.61426118577215,0.5476790025574487,0.6738582134973851,-7.203312850363146,0.05279037832045299,0.6296593994642796,0.003269333047238532,0.18637057314760735,0.606591080300369,240598
track_00743,Reggae,85.9762409314043,0.6545335980536288,0.5010136540425237,-6.961187817750324,0.09002855853237171,0.45801621427259936,0.1128435954066731,0.1455373251859197,0.6866592938840399,274400
track_00744,Hip-Hop,92.79147478386224,0.7196902332615924,0.8008983484898631,-7.173182073912393,0.5013558366477544,0.2937529491600175,0.05319726586169528,0.14281693090053216,0.7501135003518393,165213
track_00745,Hip-Hop,76.22778453371316,0.8684351435608889,0.7715836087221006,-2.078029535273763,0.5477590263126957,0.07940951331330197,0.07257565219049737,0.1428600698769469,0.8129385632325565,292876
track_00746,Jazz,159.83640673368998,0.5420661500641715,0.5371818594918223,-15.79830946540152,0.09022714750789979,0.822075354516986,0.8192566987321648,0.32702501279188156,0.6703966135679421,315427
track_00747,Blues,91.07705701365062,0.6644386901295926,0.5040214442755974,-6.096258475696505,0.09650927613788361,0.5622232789669395,0.04628732609268493,0.15034889285650607,0.6399778620306859,196868
track_00748,Hip-Hop,84.17053658576808,0.8579724180504635,0.7566751573070295,-6.084090041012937,0.34332717465293294,0.16589897480667648,0.028591757586221303,0.14660009796179926,0.6595832908219734,278872
track_00749,Hip-Hop,94.79841990977941,0.8557073092402948,0.6458666536934389,-2.9312578382626295,0.35873253342394085,0.2796846432212342,0.025057129142214786,0.24677619465474837,0.6138621573974368,168458
track_00750,Classical,73.13241693693617,0.17124630175216832,0.1372539264488558,-29.001921581782035,0.05335228307874772,0.8041497747480758,0.9103446116692935,0.30426928434852235,0.21740807414230512,534501
track_00751,Classical,47.92452434328645,0.1644225191938276,0.30592596819929263,-25.68267204681023,0.06256344471506772,0.9870088392781461,0.9565197521177751,0.38343027102184224,0.22757308084963565,503567
track_00752,Jazz,116.0573925080641,0.5381780310311567,0.3122987731824342,-6.795534238721885,0.04401842596741445,0.9337566213507935,0.8175458119668793,0.3096183615869269,0.5171189517825807,391479
track_00753,Blues,89.64916650274398,0.7391646462047637,0.6741287757030238,-7.145768946557828,0.08975964760372582,0.31379753154743756,0.06515197078557951,0.29186582164677344,0.7848008925574772,269939
track_00754,Metal,169.42985886626448,0.40767389729940917,0.9132409647014291,-4.810379188775083,0.07943282774570062,0.10017399067643312,0.03883241548290193,0.1954133499134545,0.5599245388574472,254072
track_00755,Classical,70.01059167961822,0.24056934143536982,0.33057891834708253,-22.459272836314945,0.07455062089583368,0.9578815904678779,0.9750597362507322,0.49128208510188554,0.34647873231733944,350368
track_00756,Metal,159.9931375322552,0.5222452973796345,0.9672891792519226,-5.726301820450315,0.06880244794346901,0.12274129636991536,0.013901559303038647,0.201715584373743,0.32473742339518613,303355
track_00757,Rock,126.90268025632368,0.6842194954182195,0.9167949107082569,-4.94386969469323,0.12780887888191317,0.3560650683874951,0.023181517880153112,0.20298014712172124,0.6748490081439222,268520
track_00758,Classical,74.81507630991305,0.2411207082728683,0.2073031273917323,-14.967384128654652,0.05722812476308864,0.8919588026549723,0.9193768794891226,0.2910622723991897,0.44837843495030205,432844
track_00759,Reggae,84.88258106815653,0.7877200631589455,0.6988409259127207,-6.089665155604636,0.08595113824222056,0.45165572630903694,0.0957404401701571,0.1372264308736199,0.5876042301322202,261496
track_00760,Blues,97.10873242297747,0.6712749032586491,0.6918933325807611,-11.756939923344435,0.08143691200904962,0.5112135531215308,0.05771325584400529,0.2629308901188101,0.5870152136887326,270218
track_00761,Jazz,135.07395441101824,0.5604900116996213,0.33913183636000394,-8.036516711982172,0.08258962449519257,0.7637180424646139,0.854365927400134,0.22624388172527843,0.5623395794295496,337409
track_00762,Rock,136.07198983118857,0.5624240470729202,0.745504854510003,-6.173453147876221,0.1403959827436371,0.39753942101372997,0.08618994001102943,0.30919436208901885,0.6388392062441511,240115
track_00763,Blues,94.29366567579667,0.7341451480157446,0.6930901364358862,-10.293980074827317,0.04134069602597747,0.6234861587541758,0.09822770713916538,0.16136762614052366,0.530579572034171,214208
track_00764,Reggae,94.26204205079988,0.6854659651948016,0.7322470377491498,-8.707146663732333,0.05771369497332783,0.595706060290339,0.15964042679626544,0.14056815881613605,0.5915508506135992,291073
track_00765,Blues,86.97640566682261,0.6534414553513138,0.5699762965467645,-8.39512317412936,0.05930965049014479,0.3616624198501366,0.09063468237877648,0.2747814477570334,0.6711658564849917,219460
track_00766,Reggae,93.14779183032918,0.688747072511721,0.6979151967919779,-5.2821754662019025,0.046000742821393416,0.4929105837946315,0.009922547332386357,0.19990908466474308,0.5756778231462714,284232
track_00767,Reggae,83.48345158195991,0.7101825279895772,0.5332229360573557,-9.97804213667858,0.05247328331578867,0.45862548671883235,0.022243315000443076,0.10636834890961958,0.6970382013890095,263682
track_00768,Metal,155.4837391129387,0.41411368111154195,0.8007212872212923,-2.9238625051716465,0.05127075802202481,0.02540415395725757,0.05927352136816442,0.2139321397943849,0.4970140104029931,182781
track_00769,Country,98.0702323225688,0.5211364306531019,0.4132732807053425,-6.785032963303347,0.07943621929641206,0.4391564198267589,0.1277891243710785,0.19538955323790694,0.7962033500453346,202966
track_00770,Rock,141.51349752452347,0.7207092515918762,0.7810007443363586,-7.53062073900131,0.1345964124624066,0.19265956030364734,0.1638928714137897,0.31079183920200526,0.7999699307332706,262098
track_00771,Blues,81.23676491933689,0.7853577566228853,0.6470690244385806,-6.105945317129736,0.06851822048005721,0.5873161095640971,0.06737639289531601,0.22496137154665208,0.6495114336352759,258636
track_00772,Pop,117.43049140346851,0.7285050851439452,0.7161804890496873,-3.111923162381234,0.09745986106698092,0.26289856690482827,0.00130289429927965,0.21307703201983919,0.5384303902553425,213577
track_00773,Rock,148.6394933700244,0.5498193333205822,0.8989587476045019,-8.568427406108317,0.0798898863038599,0.26218506531237984,0.17319192545692433,0.2807534012659466,0.656052566156369,221524
track_00774,Country,97.9429499927981,0.5358239978577336,0.4078088649451405,-8.57775094648792,0.08419333442000274,0.4720115256292449,0.14582065671897523,0.1503816530734843,0.6185877493852016,214307
track_00775,Rock,134.81773495892838,0.6445724814409476,0.7875900881952606,-5.8192922217454095,0.11607700948002099,0.23421054339756164,0.262078257987487,0.25510775866564306,0.4577013076311243,211952
track_00776,Hip-Hop,90.7141378920823,0.8547305890586804,0.6166172190062817,-4.301862058405851,0.5055089847807566,0.05933028828525552,0.08193461487217711,0.2822170263148097,0.8252347856455279,151927
track_00777,Pop,122.96262799526913,0.6961994178668549,0.8050069555663563,-7.952624343691517,0.05025526919492734,0.403884664135587,0.03807237910635606,0.25779543757045875,0.872010735155265,252631
track_00778,Country,101.66316509375123,0.572344525217982,0.5843874348038247,-6.702679760281614,0.08490547618088162,0.48076995357229485,0.1307084293413068,0.1581951011497731,0.6760257859238361,265807
track_00779,Metal,164.55146380949517,0.4865649484364799,0.899206577988283,-4.506580080929329,0.03596224556596306,0.08181520691321911,0.005703698782258515,0.14221117785337012,0.42974501276179794,292000
track_00780,Blues,93.86364188959696,0.789980518883907,0.532759129827604,-8.769529410840647,0.09627952400361195,0.3930832801555486,0.00695699617174681,0.2586221350056441,0.678765091300703,202231
track_00781,EDM,124.53926474811963,0.8845542000340799,0.8803490410849957,-4.6454603883407914,0.06070026781581457,0.014250537064272996,0.27663613078836535,0.11019480715833228,0.6917301111086062,231408
track_00782,Country,112.90180638778602,0.6436417259150119,0.4145257917431745,-7.567946057360278,0.04287373255864254,0.5077520763636268,0.0766703268530445,0.19498567060567695,0.6800871328185389,284292
track_00783,Jazz,132.91028132052946,0.5018955535050866,0.4284448325977056,-13.944895135639582,0.08275967353880476,0.9588978130553398,0.9000268183922132,0.3414747788282698,0.6116820458955534,416724
track_00784,Blues,85.83568362422733,0.7673649788805997,0.6276864687256446,-10.44971991877691,0.04517596846378579,0.4666876459892196,0.12359460936946148,0.23307554183030155,0.7888210734191771,226696
track_00785,Country,104.7158405462902,0.5667009455230628,0.43511244480653305,-9.903647063919317,0.03749074708230946,0.48777893308718284,0.11035801271589914,0.11280001655047739,0.5408683334955348,265510
track_00786,Hip-Hop,89.81309027008608,0.8121040519922638,0.7970712317879269,-3.531865870173318,0.43618201743923446,0.02503563472133803,0.07714397690943608,0.10956327054867238,0.7871657606890954,220679
track_00787,EDM,124.27413597597419,0.7582159974477103,0.9124563128250786,-0.28670128446956866,0.05049130919544467,0.022547457639339255,0.1883349521149014,0.24656898735758828,0.6573134679971164,255103
track_00788,Hip-Hop,83.56718283834272,0.8091218373269267,0.6751638176793384,-5.993322878730051,0.4024644350769529,0.2877971713524641,0.07986130159234511,0.19170975429588,0.5799283681365457,222799
track_00789,EDM,130.69700745086107,0.9175897078222561,0.9392306285080115,-3.776204246199348,0.0559539331477806,0.12383187454404017,0.2462530990736066,0.13562651939933995,0.7798538668005439,295742
track_00790,Jazz,100.28809406888556,0.433591891146098,0.34231490707495205,-7.683821338297248,0.09315296425430467,0.6173417664426251,0.7340381504574307,0.2160250015803532,0.5433190454967587,330947
track_00791,Blues,91.44209537454518,0.7422045435204488,0.6145911975249848,-5.619994838132595,0.056639376517664666,0.38211214264788024,0.07284478674530077,0.2300312441476988,0.758503395858352,243236
track_00792,Metal,165.08299066149806,0.5441406531780488,0.962564678933799,-3.0654032170495693,0.06803239697890129,0.036376139630317474,0.03391720016414268,0.27256000682574544,0.4494445311703701,294132
track_00793,Hip-Hop,86.28199779621919,0.8413829692310144,0.8704756878629589,-5.027170621608,0.5824277015453638,0.26756046131439776,0.057645985645923395,0.28677868762997266,0.6292354989178209,179046
track_00794,Hip-Hop,83.42229968551821,0.7745977304674702,0.6124152587099164,-7.804389367691314,0.38360845629084767,0.1591518300268629,0.05563714964454115,0.19880549857337376,0.6639522736011337,292952
track_00795,Reggae,89.05534214165903,0.658280453257649,0.7552718966452999,-8.790726728979934,0.04143975674800438,0.49783450048105826,0.01690866707602461,0.2970689437374621,0.6764334711366807,187983
track_00796,EDM,129.41739237788255,0.7234095818618641,0.8364626647187279,-0.13079867512392696,0.05023669359842779,0.00886193644172606,0.014214219916815152,0.28144813675547853,0.849346035823487,287725
track_00797,Classical,74.8574714745546,0.19186927426546826,0.3722892860004121,-26.642421978343073,0.02057997600141094,0.8146632904241531,0.9223371437827369,0.2099856647790371,0.40113748425725415,315227
track_00798,Blues,100.53470091131592,0.657587310940747,0.5856531346218677,-9.559861947363919,0.06961101920348634,0.4666389922775772,0.02660080419753157,0.13269117166678165,0.602878882819455,273906
track_00799,EDM,133.86614545646748,0.846993562092587,0.8553741033930313,-3.0115943242748284,0.05721062514914299,0.17816237886276062,0.012319912123983479,0.11430776437807529,0.630020609443835,275001
track_00800,Reggae,90.00437793120311,0.6739510778560205,0.6877393518863693,-8.569097970643824,0.048569696753005966,0.32221744934902824,0.1251538830163918,0.14940437406957713,0.5730961998841145,205649
track_00801,Rock,137.7121565608062,0.7508929625047016,0.8224579245452254,-8.160238816513278,0.09909001002243727,0.3466548717450202,0.2335956453224728,0.36699924477433965,0.7712528744061776,282755
track_00802,EDM,128.8384576742978,0.8034215659347509,0.9100528195718356,-3.5196828514590246,0.04150986050205593,0.19660303125005188,0.012558838716269971,0.2978090828182304,0.5191007764313587,228762
track_00803,Metal,167.35337453252507,0.3076642203364812,0.8812654946093451,-5.843001850936294,0.04854617125545325,0.034528128156058234,0.05044367865367441,0.2755196746322838,0.4308147661865673,240692
track_00804,Blues,88.36103998036415,0.7178676755901096,0.5426320879497747,-10.18425874805401,0.07277487805617332,0.3950092167392275,0.13582554748017467,0.19829826045190452,0.7315967210764073,190086
track_00805,Reggae,88.78163017454295,0.6562445868843034,0.5612206611436223,-5.379025238215014,0.04505022619361223,0.3846683308018013,0.016144660916582888,0.29607706972888725,0.7755240527291016,256524
track_00806,Rock,137.7902667802745,0.7374024572058909,0.8721482720751571,-8.142855409157068,0.11010579268012047,0.20844652898957433,0.16346198528572056,0.24626960898367745,0.5524700003860721,205402
track_00807,Pop,119.72129007162079,0.7161392679816854,0.608592051475337,-5.986493568840181,0.11436676956634013,0.21724475165338425,0.016141619471823448,0.11318817761185739,0.7460189794277177,182853
track_00808,Reggae,82.64856311498927,0.6705845786186203,0.5720736672559965,-5.303717020852989,0.0847043568754893,0.5268654237133058,0.06110623326897682,0.14415960359528018,0.7147232117001402,181935
track_00809,Pop,99.71412017736333,0.8894469376416744,0.7429205815248178,-3.31106184770605,0.05053139913217399,0.3290682332764484,0.03585934448626357,0.2490160342324436,0.8619907527126726,210384
track_00810,Blues,97.78593316188379,0.7920065075163993,0.5677055280035662,-6.922543896697045,0.07183138548189366,0.38584079808612215,0.03897381644348015,0.1162168682532573,0.7386635829256067,228841
track_00811,Hip-Hop,82.63210340090997,0.7837810666740561,0.7174308060668567,-2.06047105235036,0.36236576157581263,0.1634338846110299,0.09873155491986287,0.258403841588027,0.8973470003528357,286421
track_00812,Reggae,89.37573790786665,0.6979079084188309,0.7089127549611698,-11.226898111411943,0.06646892950280811,0.623607416906679,0.10106706419542869,0.24053980656344637,0.7237253989952831,268706
track_00813,Jazz,107.19230886837434,0.688020094953891,0.32025845616776316,-13.56857738444744,0.09227523434921164,0.884732997223858,0.9467326373946781,0.4916880752366999,0.4549047249092755,342769
track_00814,Pop,106.74398136568271,0.7171686307281095,0.6273994675837817,-3.5227734311664607,0.052482870973916664,0.4452749393472225,0.017998076244157776,0.22786775270028117,0.8688798895342742,196058
track_00815,Metal,168.6527610617633,0.5987591626292106,0.9594167910898207,-4.290822706194987,0.07502959503141307,0.010235947133641888,0.14500136488946244,0.10466446631253501,0.3523666486070895,338554
track_00816,Jazz,106.12800741613626,0.5303508081157913,0.30733941082768,-14.56074572621807,0.047666977274430596,0.5607213078641875,0.7844605120320682,0.21601264825317826,0.5754048753638252,301282
track_00817,Country,99.42210446830845,0.6528123432084316,0.49741606846694275,-8.698400918905483,0.03594442373162499,0.5862132591207847,0.1764170957743137,0.1702785777689025,0.6658005608578932,237719
track_00818,Country,101.03302356169223,0.5190983291988265,0.6335405019745555,-9.581102191086629,0.06896869695745973,0.4743626716971852,0.04868912680574895,0.298145011049521,0.7270339420935612,288644
track_00819,Rock,139.42097748612153,0.7128584190729794,0.8837208724308916,-3.3422427254217117,0.12813334607659538,0.36069164951920063,0.16250014765472107,0.19818255799943502,0.6806944041842317,296664
track_00820,Hip-Hop,79.19931092615312,0.8234423728431653,0.7171921964413017,-5.1683724286612485,0.5558210237195795,0.19364052765545028,0.0044772372518095075,0.20843398208914296,0.5069200490963879,287244
track_00821,Blues,85.97810778664999,0.7697577175478312,0.7334797234381336,-6.929325639383564,0.08204422596005814,0.5241952157912407,0.012222715225668868,0.2310979247066002,0.6400766532691146,228339
track_00822,Reggae,99.32424232685206,0.7767803629920218,0.7811163900697327,-9.61344883780063,0.057824617467788365,0.3936249970288299,0.16602338226162452,0.23591037245703697,0.5708515947448632,223775
track_00823,Classical,77.40954336671466,0.2106146214734431,0.26104356508083526,-15.641573532145616,0.03243088831366638,0.8318050261532853,0.9651912606732952,0.28717376867139865,0.5895800830631044,367949
track_00824,Metal,150.16464954053876,0.3334791060020896,0.937163033234409,-4.469203537669344,0.03742937138107011,0.0845646725779842,0.19284445561745564,0.182286115277426,0.404200129719319,358745
track_00825,Pop,116.26367770762334,0.889900030141693,0.639145344044741,-7.068451912487749,0.11487714477498788,0.382275058580953,0.007598334342108038,0.17869853422372195,0.5225079776858842,216201
track_00826,Blues,83.91500183602619,0.6395709299355329,0.6626125953661847,-7.788309847654843,0.076514303458361,0.4552724004182716,0.0842459467370992,0.266847685928128,0.6428698440551488,226746
track_00827,Jazz,139.86771895632768,0.5616100558274157,0.39004796293379346,-15.992232242439718,0.05305684146692954,0.9118649400670849,0.8745581052053988,0.41274714971043924,0.6440481765589653,393529
track_00828,Country,96.41606160389107,0.5623708966326955,0.4542707462373739,-7.228009943236309,0.03245498956349727,0.6375153644690584,0.17675199976687644,0.23720793974960566,0.5803985073690828,253185
track_00829,Metal,162.6608542106704,0.49370559755227217,0.9118804231796482,-5.771118302856372,0.07659612178427935,0.12558749865989202,0.1988123966766221,0.2074712809545774,0.513033267571864,211050
track_00830,Classical,76.37218091355321,0.22634723536468218,0.3293948834771072,-14.429714102948854,0.06620669913381713,0.8452565254587335,0.9975398477605226,0.49855463618748164,0.23023835006464052,493532
track_00831,Reggae,85.66226482812417,0.6798361529977782,0.6779575272673838,-8.182776289354809,0.05468406863409883,0.6564466697813505,0.021976393947040207,0.10789351261486707,0.6808118808218593,285647
track_00832,Rock,132.3744215648394,0.7149987254401091,0.9941776371414361,-4.368088998719589,0.13320201034914544,0.20789102295370077,0.0974659819443656,0.25511450640704003,0.4182906459049091,244912
track_00833,Classical,77.19863957950142,0.257836130487863,0.38935457178532695,-17.83339489706018,0.040027211284756045,0.9653299550928118,0.9291456271373371,0.2494318405735658,0.4825155256156029,470275
track_00834,Metal,159.5319492461303,0.43569425242904325,0.9468894555597376,-3.4948971399218745,0.060218073748060236,0.06055471847133849,0.04007206080069006,0.20851404068161355,0.4320656918913006,341203
track_00835,Classical,72.69541478071342,0.16349334872651106,0.2794605687381577,-22.202104715740003,0.044139575405519674,0.9464928958354903,0.9361475125339939,0.4079225338911461,0.20573138218092085,568132
track_00836,Metal,157.47882489522547,0.3262350469508261,0.8040498759580185,-2.403560999238599,0.051959608284133346,0.15735934181291522,0.18469520756367674,0.2198600778032745,0.3561325268751759,302453
track_00837,Metal,170.18496501724792,0.3191109307452979,0.9751639684103053,-1.8734242848482845,0.04731923585185949,0.11336382467712625,0.18644553963689267,0.15432735948241932,0.522736580308456,305305
track_00838,EDM,118.01003960884907,0.7529897725644934,0.906406937366678,-4.117229038785798,0.05539980280883695,0.0583306370789398,0.23745978560006759,0.2616220693228687,0.6855149823021413,285217
track_00839,Pop,126.74289076309881,0.8937699249891733,0.7988313385020469,-4.462315841865019,0.05948814185280604,0.42683215497667726,0.036799718369935154,0.25408643908024675,0.5924385912973248,185663
track_00840,Country,105.14205755216283,0.5814111942374731,0.4708740903145344,-4.549704715772416,0.06518545342355976,0.596841113224606,0.08309641733992067,0.2262028387009062,0.6157566130165208,256438
track_00841,EDM,126.20354580217492,0.8705501514832986,0.8881412884819473,-1.0170453180117782,0.06445779738263153,0.1691977754774463,0.09390276575906799,0.20110918759363283,0.7600566938587856,277239
track_00842,Reggae,88.71304362601124,0.685940161408632,0.7187112871460566,-10.303088612185952,0.07566990194498552,0.6535429054399837,0.18213554798366094,0.2917569209450062,0.7319783456239966,233953
track_00843,EDM,134.30185544031923,0.8117038671048136,0.9728191848201221,-1.481232459192455,0.030916402395646372,0.058877977187847444,0.16739769446803573,0.28523480881395075,0.5408119578565962,297182
track_00844,Hip-Hop,82.19134318765653,0.942573433187188,0.7034019423037643,-5.900428797371554,0.46290375300430364,0.11505056433477212,0.00014257282875326238,0.24635440501739747,0.8006868165913934,263219
track_00845,Hip-Hop,93.1996532817818,0.744353104312809,0.6040365773225441,-5.494624283311904,0.4996994504827985,0.15197960885503783,0.0890466257624391,0.18679587023743294,0.6244011252612365,291981
track_00846,Country,97.77758929487652,0.5144993931181772,0.575058864659774,-7.904037784144533,0.08904377449700002,0.5083668205702859,0.05209751581146982,0.2715106254199826,0.6123959274959783,257869
track_00847,Classical,68.5318863167491,0.2744106862758987,0.21811612195965854,-26.41010745514704,0.020206768626612182,0.866036204630576,0.9378475050727372,0.48353525866620084,0.2824281009682491,422660
track_00848,Pop,120.3636445687189,0.6605822593535947,0.6386688257819781,-5.59156115669231,0.08704788786655251,0.47957605251370405,0.0036615752138616955,0.2199735946310094,0.7105994109312965,190935
track_00849,Country,97.21415276243285,0.5101933185853429,0.6016814522902577,-7.929055215184119,0.03123129413487672,0.47541220218712416,0.06186535484336238,0.2233676753568484,0.5517757382147817,282267
track_00850,Metal,163.53039248415,0.44474263332534975,0.8918474782728182,-1.1302961666660911,0.03227521188951481,0.1901936372904799,0.11638744279880667,0.25914554299396764,0.4291177854048226,358235
track_00851,Jazz,131.21508412916776,0.5587370617062349,0.40937104716727557,-16.00881034550423,0.07543058852863775,0.5758365702716823,0.7738614305526345,0.28808364951942494,0.5431635790427763,347276
track_00852,Pop,110.99138567428912,0.769177337376289,0.7006137945697424,-3.164920056005135,0.09279315273119969,0.3914260846533083,0.017249142284793916,0.233989836200616,0.6031190648656504,224016
track_00853,Pop,107.48232559897143,0.8677111111952587,0.6616085701984139,-7.680210515904302,0.08760424406137582,0.4383598583846101,0.020331752781152623,0.2566134940318032,0.8345584029135984,234476
track_00854,Metal,158.40548642064883,0.3901861679566926,0.9322308539438187,-2.522074128482279,0.0652049842198725,0.13653970095516738,0.07856154339050776,0.17897073488073567,0.37644528709331443,327657
track_00855,Metal,156.30394938764525,0.33848463208479945,0.8136892509858107,-3.7624986373817273,0.03820108723143816,0.06922080577702071,0.16399596161648738,0.17680947655150486,0.4829612754769067,282335
track_00856,Rock,147.98160255257477,0.7354674183991551,0.7224389943990818,-3.080327328718549,0.11097557155218671,0.32603491307263166,0.07374115688335978,0.3021596181759065,0.4172879749019829,294434
track_00857,Country,82.26530600323518,0.58322521154672,0.6567274013201589,-4.751424857311234,0.07068834268935051,0.5573632196995109,0.1632896084153143,0.24986703595887505,0.6200975549983365,203750
track_00858,Metal,173.1045155504344,0.38549048327319346,0.8755976232419924,-1.9218911447980664,0.038960492478051285,0.016440317896386735,0.06567155702660386,0.1848753534027756,0.4627977846409703,304011
track_00859,Hip-Hop,75.1299609886718,0.8618946227017147,0.8898828755692187,-4.937747560226827,0.5960630540825161,0.09067481847395924,0.0030868132542461015,0.13313263349528254,0.6580499539098269,228872
track_00860,Reggae,84.28033214701236,0.6194108261966755,0.6297980323072151,-9.63318959838306,0.04735715322744631,0.4184468522447635,0.17728721107107812,0.16040977309786802,0.7141866269726156,253235
track_00861,Jazz,109.21403154330041,0.6716624983452588,0.46344476623559117,-6.132584622045622,0.07434127072165747,0.5348181579875303,0.8658608180577314,0.3727216797478042,0.3857359517371902,329262
track_00862,Country,99.35353976714778,0.6226025902842013,0.661769955507389,-6.718390885310735,0.06365469925643794,0.6773802971265137,0.14393791920907092,0.12230998146937147,0.5533113383590442,237940
track_00863,Blues,84.19057282002181,0.6813871824062694,0.7885947860001019,-8.344394936607701,0.0731906023682054,0.6766404155149497,0.18422942751836663,0.2768223907800835,0.5293984226089139,266184
track_00864,Hip-Hop,80.37642250246425,0.7790805142523701,0.6482866462370187,-5.543942217026332,0.49847302217221756,0.19011292302693328,0.03826411550655715,0.22265727876662594,0.825499318227019,225516
track_00865,Classical,85.73542920049718,0.20922889409267542,0.295442826378721,-19.66647214789316,0.07951247268093865,0.8109243072978077,0.9491044821772378,0.2274249647343553,0.26391422484542815,308922
track_00866,Metal,156.9948431950287,0.3466620274501462,0.9927374331913302,-1.2660511163742045,0.04680548231103019,0.12794954240753592,0.10675066411875722,0.2631173961031537,0.4882336829450826,215682
track_00867,Blues,92.39296185223435,0.783986946356279,0.5125814042907701,-9.230925216587323,0.09980889856425698,0.5930687880002674,0.19063752874116144,0.13281665704323112,0.566410567847586,292024
track_00868,Metal,153.0707383223062,0.5945302053593897,0.9461923416322232,-1.7473894519751276,0.03240753945866005,0.10099218378843354,0.13971965734540787,0.20858931691436827,0.4999942397097832,192741
track_00869,Pop,106.74387042518256,0.7398936647837968,0.7090518241205924,-3.7373849658911817,0.09377780352167693,0.35588082486364103,0.047590380089458297,0.296472075064675,0.7613578928611355,241711
track_00870,Hip-Hop,86.07724269454138,0.85198001461622,0.7147331115162481,-2.0752602982395363,0.5115063778490576,0.0873020383137494,0.005776629897206842,0.10894438583039356,0.5819651922106157,162437
track_00871,Pop,136.673603787432,0.8995943654802663,0.6502960355416629,-5.383909900163539,0.07423297153995473,0.3103571874315999,0.011606430105155297,0.10952247568549763,0.7290261815590755,215963
track_00872,Rock,151.00661847549998,0.5641505767001391,0.8715429983823051,-5.1182870690154925,0.11084383691886862,0.17644534538942855,0.2338944617243901,0.1767860995749791,0.46012462050710523,249874
track_00873,Pop,141.79628693900003,0.7475381940187971,0.7833195739669129,-5.166719611989688,0.06901192465062785,0.15821581252905853,0.030306219444148887,0.19783599230940724,0.5383902786784451,257758
track_00874,Rock,133.95486139440206,0.6247670639636586,0.9366610329454241,-9.001495938504432,0.12748260529204786,0.35804419328866033,0.21464313860630377,0.37096249749502164,0.4668788517872546,226741
track_00875,Rock,130.12297312344413,0.7929762017601154,0.9841349509709135,-7.4902712164110925,0.04686949543956988,0.19770001968342824,0.009144978093416412,0.10623036601311736,0.5582088545005677,224250
track_00876,Blues,69.90439421618063,0.7210771216025313,0.6848922949540083,-10.807867065395529,0.08118465289738783,0.48094044093937016,0.10347639176960904,0.1060633208670311,0.7293669897593091,219761
track_00877,Metal,163.49827912680087,0.368825602954714,0.83154406341665,-2.8618764953847347,0.07504184901411617,0.14367204378287632,0.06970933032067553,0.21747671905372942,0.3932285086117264,197421
track_00878,Classical,79.00775131790559,0.25704317502504465,0.25381404447789857,-13.738681014886627,0.049835434236296536,0.9913268645727873,0.9752671748614794,0.25134249492381927,0.5318337885453726,596518
track_00879,Pop,111.62497933842535,0.6731308479248183,0.6742727421950802,-5.1139888193702125,0.08812816654037836,0.2965655018491527,0.035876843175631355,0.1633075462669918,0.8128258086289725,258682
track_00880,Hip-Hop,87.81094765342621,0.8659525263125707,0.804962492864276,-5.11067961723644,0.5001004598042594,0.02393911396783722,0.08515511170493673,0.1111094466975292,0.559496603948599,182132
track_00881,Rock,144.8026059278753,0.7168999878781248,0.8121520257896355,-5.901838121997929,0.09027622861973356,0.15866451950683066,0.21900329663237333,0.34043590834721427,0.6595172462348671,235709
track_00882,Metal,147.09583387224603,0.5866966275724601,0.985413823210237,-4.687759665180799,0.04162345201083817,0.05953290118586285,0.08826222247769205,0.16283348255839272,0.41226383872171735,315230
track_00883,Jazz,130.29130689171296,0.4549880090678265,0.5409058146898099,-12.850892277687738,0.0879707502377255,0.7527705748866454,0.8131983322906657,0.40902230006289525,0.6602509178379589,241132
track_00884,Country,102.06035608106407,0.6595885762213695,0.6577545670332028,-4.498099616911585,0.06502936470845572,0.5636422698214593,0.1666099262137982,0.20752492014947094,0.6550575576611952,284042
track_00885,Blues,86.94373941071831,0.6745505440134346,0.7234778675586451,-8.574528122146903,0.049229594603413154,0.3971193058110689,0.1945179073503115,0.13020262348542125,0.7178242270034566,272270
track_00886,Classical,77.44185918741773,0.11245011798829085,0.3766361169392912,-26.45766862643254,0.05170068160619325,0.9607135202800621,0.9215453276955643,0.35821198699125234,0.29627396368933634,520928
track_00887,EDM,118.62206000346187,0.7512703394415937,0.9420839602481328,-4.543253864147095,0.06882169024623039,0.19574958292309752,0.0390667847874416,0.12078706459446045,0.665086690833212,257027
track_00888,Blues,95.55169002081416,0.6800621798462226,0.6091406325297004,-7.074904587008602,0.05072387419571363,0.44532939342950056,0.05826148925489756,0.22030692452612521,0.5488258658642492,290453
track_00889,Jazz,112.04865620992695,0.6907707991801326,0.5117586182688769,-14.960545271695217,0.0488294620578234,0.5717093061181375,0.7503233218418808,0.2136717564841461,0.6608616754611646,258640
track_00890,Country,100.96897876034315,0.6749898531784593,0.6484325527804922,-5.250753962000799,0.09178239366101891,0.6901763867574855,0.08781412294838792,0.2900670933336781,0.7169869845028449,265873
track_00891,Jazz,120.40938564988217,0.649573652235852,0.5271096163383099,-12.225038194852527,0.07885328665920535,0.7033400920483293,0.8591886067291581,0.3521857265871904,0.5836441451831091,275120
track_00892,Pop,121.79684646420617,0.6619328076387206,0.7318602613894446,-6.979956817446165,0.058448192749236835,0.304398716773737,0.003957431047486382,0.21747092622759787,0.5125349842706906,215470
track_00893,Rock,161.97483721054581,0.5086960790281274,0.8720130364004675,-4.130482322734541,0.11667794127527446,0.1393555311762396,0.17774239426908447,0.3016757500222641,0.4148924807009167,184225
track_00894,Classical,82.01966634518294,0.24816251830200461,0.107414313816545,-11.93765434255727,0.024248210822775302,0.8752980390689254,0.9081089628328585,0.4306903529310121,0.2565259893611027,438480
track_00895,Reggae,99.32960620306338,0.7663826625141922,0.626407126323682,-5.752972231709851,0.04707923249946372,0.5834738875240382,0.06963979644273209,0.1202670968265194,0.6159993670406012,298692
track_00896,Rock,135.61164501412367,0.5805662318629039,0.8294217111009355,-7.348739860915284,0.10600062982111072,0.3439453602962532,0.08912659595617223,0.16411634584660523,0.6667581083481369,186294
track_00897,Reggae,92.37113886783659,0.7614327532843361,0.6682680931411732,-5.44665921219353,0.08861995045455014,0.362496058442041,0.07779169712558748,0.23369708546135576,0.7815218094827872,242054
track_00898,Country,83.57720599224007,0.7031139876007781,0.6231342790434569,-6.454000245484277,0.06775927349274269,0.528191812970347,0.1945419947122773,0.21203851084684666,0.5761899194936666,260635
track_00899,Metal,171.10436469069683,0.555459241586248,0.9246346486062785,-4.262040588851185,0.060954428263690054,0.11688978086230256,0.12130510115929818,0.22385204275754428,0.5541174572615084,341356
track_00900,EDM,125.02940999718763,0.7713857344673833,0.8314117768198278,-2.754560214157115,0.04423321514670644,0.1364452753411982,0.28993044302529586,0.17260028999651228,0.5248896690608968,182068
track_00901,Hip-Hop,86.40140817019056,0.7079505102049175,0.8708738675900307,-7.764818987265542,0.45456533888138784,0.014709373909704337,0.007120009847449815,0.2774408628515784,0.8063302187849775,205541
track_00902,Rock,152.6580793984238,0.6861403919642761,0.9384038705293647,-3.772865510431947,0.08619683122069755,0.3692499632203613,0.15235502181526847,0.3064684126533074,0.7916117437700557,267610
track_00903,Classical,54.9250108339825,0.13276273271886307,0.11204433100862211,-26.665088627481268,0.04719707878025949,0.8494353938021213,0.9258982177431967,0.4626729100003143,0.40605506938444025,316838
track_00904,Jazz,134.87780550761786,0.6918438584410643,0.43298435292802007,-5.78058624872908,0.048079535597451116,0.88360797658634,0.8852914151630634,0.44601923586301123,0.5402711691820821,270268
track_00905,Classical,73.58386613128175,0.11663234662649298,0.2930924118636179,-10.555572580659888,0.07869342011488246,0.8942446661807487,0.9162749107782381,0.2606252944932317,0.5558405580497578,565914
track_00906,Country,98.81930244077854,0.6243378307817125,0.6094472932059535,-6.49556854039738,0.061398839923199354,0.4670281950249008,0.06193404001803191,0.2401248716324602,0.5672572096518197,276683
track_00907,Reggae,89.08640769092837,0.6589583368015018,0.7405838827225326,-7.123004797528802,0.09624037378748201,0.36617665600755106,0.12983785692729863,0.1488478936176352,0.7710748955904926,232018
track_00908,Jazz,145.16526136349714,0.4956561311844627,0.5584221544662544,-17.049007003577294,0.04962506232595656,0.6065892646116415,0.8875067642955891,0.44327925668852275,0.4323914775152718,240357
track_00909,Hip-Hop,87.9167347487076,0.9417802945636868,0.6211319957910781,-5.1722310288001,0.4644995995589387,0.027873498398910988,0.037749770913752256,0.1634164834785901,0.714422541730835,285921
track_00910,Hip-Hop,83.36431476680863,0.7341887559033469,0.8438843105833864,-3.9287478212554463,0.5667224750240158,0.13480081783063022,0.08938897627221916,0.2731548244712151,0.6753637329437079,267537
track_00911,Rock,141.63871401736455,0.7784736039314227,0.9390924336687438,-5.7349179249601,0.04390233324045174,0.18744420177372956,0.2906527221295174,0.19582662961426134,0.43730194791414834,194199
track_00912,Country,103.29633532807792,0.7175666163377543,0.5161560929241577,-6.057994680210711,0.08299866767840466,0.4570377693067244,0.06651921687919349,0.12175916927619097,0.6806625392744611,196564
track_00913,Metal,165.77832288639925,0.3974624601297866,0.903263312332234,-3.775853712010205,0.04694409431243371,0.16962725786063565,0.09670141491553307,0.2665446195594293,0.33156554224254725,324199
track_00914,Country,110.83441303347885,0.6794043425048149,0.6641591576958488,-6.153746090392635,0.05662409198746774,0.45538816202119464,0.1520071710924863,0.14135631186482403,0.708629156440475,265504
track_00915,Reggae,90.27230184648222,0.6274125391948359,0.6718259777744489,-11.360706489442673,0.052227630117995305,0.31244343367496646,0.10265871649189967,0.11690652305871448,0.6408183135593988,277368
track_00916,Classical,78.6151388816879,0.2980172749158165,0.2672573128582798,-29.296099957196443,0.05539865628197599,0.8874157516579357,0.9024037696666409,0.4773286256472419,0.20422674882952535,512668
track_00917,Hip-Hop,81.07407549813279,0.700105782140038,0.6199053515963943,-7.7306695305374715,0.5467968851065277,0.2510212709834757,0.07267000841845227,0.17054900250341842,0.828501779955537,286659
track_00918,Classical,61.618736840207546,0.16086205529598466,0.23118303073431715,-28.684644603308488,0.07669452120499481,0.923823283470368,0.9731234144930573,0.402975011125963,0.46709999380839223,510755
track_00919,Classical,72.00785170391659,0.2920959503121955,0.12689036344624835,-16.339002039408733,0.07773584468211032,0.8601154216108045,0.9861447921404348,0.4800972636224815,0.49883448375793,321788
track_00920,Classical,53.24044029134153,0.19998287757337196,0.2893816769923478,-27.23938169606727,0.022319803170685996,0.8273802811394786,0.9285838144663929,0.27600681873443206,0.44607013986425875,320914
track_00921,Hip-Hop,73.71081605728976,0.8388603256102065,0.8162475684248403,-6.494163107120873,0.3471250942886729,0.08341606678901627,0.00017631819519055015,0.12400259110515616,0.8003321454745338,272524
track_00922,Blues,89.51282061999389,0.6339640691791469,0.7401230189975311,-8.609422940601394,0.074431766437759,0.3589533070389394,0.06491526712587348,0.1820179366522306,0.7424638491549509,256990
track_00923,Pop,108.94054328201781,0.712325753070689,0.6518281683106854,-3.3039649146749133,0.09880920424631633,0.12033306568533947,0.014649426863130323,0.11004319298416139,0.8320066681499144,248197
track_00924,Reggae,89.2142050283693,0.7917108015899057,0.678936831892185,-7.545881297266611,0.09095612502629088,0.5679563471433626,0.1465865244035045,0.1468337372393285,0.6113800772345213,280965
track_00925,Blues,90.45749755228695,0.6613296642857236,0.6136023982119754,-6.99609949808483,0.061991032213277224,0.3911041612373153,0.02036746831995988,0.2457866023436074,0.5541695050025675,210736
track_00926,Reggae,92.91382765434271,0.7097276783391154,0.6902110920240826,-7.876337269283932,0.094911622685474,0.6593090657970213,0.19419681157537413,0.23348560120139786,0.7915742390377054,263762
track_00927,Jazz,123.78554035964527,0.5300001626574824,0.5888940744195814,-14.139064156854666,0.06403665542784062,0.8328862105303945,0.9428435752366504,0.38786449725756356,0.5794440888217713,269048
track_00928,Country,115.1106379428263,0.7081216936549113,0.6925898615949639,-6.147918491948553,0.06230702709780362,0.49157929048223076,0.044463641842845264,0.14258519009652024,0.6227568124159396,292117
track_00929,Country,91.21034586357558,0.6186366066120434,0.42080550130557903,-9.683961062767295,0.05050375358766508,0.4887298393591287,0.023529245562847013,0.18095831886410685,0.5852086004608347,283347
track_00930,EDM,121.99032034190081,0.724484591345714,0.9581016762346313,-2.1669914122975524,0.05895871495094068,0.08370327733053678,0.11444738797266818,0.11964177780977273,0.7095422428171291,207133
track_00931,Country,109.20716038122676,0.6124884464452125,0.4367037253471978,-7.735316285020154,0.039559684869231025,0.40499183926058513,0.15031061126980527,0.14768474009907112,0.5006021137516922,293182
track_00932,Hip-Hop,86.43884724782468,0.9155127142440319,0.7842025017116812,-5.871650192314835,0.30921815389514984,0.16119307770108315,0.09232258784862327,0.21927596654047316,0.8886602418477973,179030
track_00933,Metal,161.27251814868936,0.5709457533606879,0.8795755558950991,-1.946639716187943,0.07268272397246556,0.14058985823573397,0.018589493290741266,0.1032160172811812,0.3505679016168665,351811
track_00934,Rock,145.536758217385,0.7328389917843197,0.986028095020244,-9.447371246143646,0.09426440133566337,0.19375668139729196,0.06761816829504892,0.2517432050559145,0.6424357362226147,208370
track_00935,EDM,127.58993230039562,0.9213602121276983,0.8465829121778067,-2.7457165869119553,0.03386659068662684,0.06703062852446413,0.1520641332096609,0.24654804286715848,0.5792308480234527,238024
track_00936,Rock,159.19016336180252,0.7908200337698561,0.9429644757117133,-4.741924074480951,0.12124648586166041,0.21671821288559578,0.22548616525344412,0.2160310625808873,0.7594827318299173,209230
track_00937,Reggae,87.12751025815383,0.668434596537368,0.796794855052763,-10.624427978344569,0.07520374470488131,0.6371762559509045,0.11731171214947081,0.17445405162533545,0.5240685688153117,184655
track_00938,Rock,141.8235901774691,0.654720831324311,0.9238344571609709,-9.15265856679363,0.0565931025886981,0.21389620476060198,0.10811952153585437,0.21752442628156354,0.7174085058561299,296861
track_00939,Rock,110.07243601256442,0.6300224652115521,0.8487932400078223,-3.0908384261296744,0.065802435678346,0.2845807481030763,0.07185232321209145,0.23998187977785465,0.48001969325855,290515
track_00940,EDM,122.93004021104514,0.8522937198449145,0.9750117928337886,-0.9120865607533197,0.05406248275287602,0.15063754076963484,0.12999584706986905,0.20947555069994925,0.5248280546834044,240843
track_00941,Jazz,95.85739053864891,0.4155108999522011,0.5302785354759528,-14.712093099823676,0.09338348445999817,0.6975283868016252,0.9152975818413122,0.48186941097040376,0.5604609802541919,397889
track_00942,Classical,77.61196000795874,0.20188037390619407,0.3175931726622102,-20.02751073467433,0.05650946519381701,0.9795548136510102,0.9401451007612373,0.3155375212757667,0.20141959674590854,398538
track_00943,Country,102.92223228525984,0.7164914883752052,0.6834210370851779,-6.0131382225616505,0.06374104250246129,0.5056843242117397,0.09818501879726615,0.1380704456720627,0.604526794336728,199300
track_00944,Country,95.86013552875079,0.7262834687110464,0.4601931048871587,-4.062477555155981,0.030511734205845853,0.4790450131428709,0.039972059454839774,0.10279868203409254,0.7197103700441947,203138
track_00945,Hip-Hop,79.97435299217734,0.8718440976819678,0.778912985307977,-5.80326212466798,0.4313477434903214,0.17037615098202244,0.04932921760875567,0.22836561319387422,0.5723918310423981,199956
track_00946,EDM,131.41969760330448,0.8125698707161352,0.8922040988027997,-2.6530897470870234,0.0652588785528927,0.16372548822732313,0.18887098835116103,0.24329738712047375,0.5171210544272427,195817
track_00947,Hip-Hop,85.12410277312401,0.747795759774329,0.8384852798474032,-2.199963999768242,0.5181278187672708,0.2978576325553889,0.06510511169779468,0.143492068720779,0.5815277974866045,250282
track_00948,Metal,159.83730239090335,0.3021390060663018,0.9363396940165669,-4.656661076860862,0.07075916161463763,0.07183453011186006,0.09599129869266254,0.29313778331207385,0.3726516369141831,187131
track_00949,Metal,149.26743384282713,0.5270196939376881,0.8436349952555945,-2.010117103309071,0.039494099311293385,0.14427331274025973,0.06661493592503946,0.21662399897780166,0.3115985442965215,202211
track_00950,Hip-Hop,86.43729280728415,0.8959183982549009,0.7224042500994806,-2.1091518636930378,0.41387809314673196,0.1915876197307277,0.016107417806946866,0.29608977972727857,0.7815943687458653,238534
track_00951,EDM,137.39151196802476,0.8348561677610937,0.8996715868588876,-4.676479015800744,0.035771896091011175,0.17661154584651348,0.12304929451254099,0.22286649531695818,0.7112932930859833,208554
track_00952,Hip-Hop,82.450326222925,0.7406501021009246,0.669016310324069,-7.540588149079302,0.5759704099310764,0.159123206392621,0.03967419712627397,0.20700584255375676,0.7513172913926212,166291
track_00953,Country,103.86033443447761,0.5793748218986423,0.5513734008691686,-9.185534893288969,0.07950122057866021,0.4210991776262317,0.1514066113882404,0.2093673020539973,0.5836551590260295,289657
track_00954,Blues,93.10806127627436,0.6066392630131123,0.524477489116078,-8.628876614244856,0.06437032077468915,0.542470922312707,0.0877695619422728,0.2868153698542969,0.6604219146240533,182039
track_00955,Pop,114.17084947003289,0.7444293608436018,0.6796636885168378,-4.095871435864329,0.09803370457798896,0.28045595980042,0.020966832869936836,0.11451792863382373,0.5026004587313662,223232
track_00956,Rock,153.12299296282208,0.6252478557054799,0.9388110279705293,-6.2014216058501495,0.14240472520586706,0.15884223965829958,0.29704510211551194,0.1893757582936319,0.6569695894293224,277330
track_00957,Pop,120.82686961681618,0.6202271598611044,0.7161809390625093,-4.952692069946178,0.07953008746572478,0.10765054024949215,0.04927596784514327,0.17342315346810705,0.8114308747733068,217375
track_00958,EDM,121.33852563239206,0.8187541892483546,0.8776927285221994,-3.2873038524519615,0.030874055088311148,0.0720041875709007,0.266846997119859,0.23807866771873673,0.5581691436381759,272674
track_00959,Pop,118.24023434222066,0.644605317707009,0.8169581241836241,-6.492279933555674,0.08178533010186392,0.31045710387565856,0.042525330218909765,0.2863214990295322,0.8718611511162224,237942
track_00960,Metal,166.3535181129914,0.3013922476494021,0.8019088585164751,-4.09856055248574,0.07045819024738881,0.11740087211833863,0.1269828088275287,0.2038498475169773,0.5459379432511676,212784
track_00961,Reggae,91.88682183067624,0.6153479027490513,0.682868246571443,-7.227848335540725,0.07033250340578437,0.5776927515292549,0.0345509292023934,0.27052644655430796,0.5420077068409657,287767
track_00962,Rock,137.97320324928825,0.6890559317363596,0.7786951643494019,-8.044897275505807,0.10322337979783561,0.22208049239069866,0.13239725129552837,0.11819499716002571,0.4554956748438979,220205
track_00963,Classical,90.5150946408558,0.18199594517731338,0.35154480716974723,-26.296481223098816,0.05329053142229648,0.9444466512374388,0.9903976171876577,0.4651755189302835,0.4034961157720568,499336
track_00964,EDM,134.53308534647525,0.7985594340323252,0.8936355525760401,-0.46867103713475267,0.06722815972769897,0.17908281161340395,0.04151125854409147,0.27001680426612723,0.8793454924085922,236360
track_00965,Rock,145.7900403398015,0.5392397334324079,0.8747598491463442,-9.378039604499984,0.08887006555254105,0.2861243124140601,0.021032891781852556,0.1620859455845888,0.53414971395181,211716
track_00966,Pop,100.5749689567648,0.7234952390404894,0.6269559184629867,-6.03293211824788,0.10137555183132989,0.4685145646720429,0.012583970193015515,0.17104710346610053,0.5615843976417705,259671
track_00967,Metal,177.07465912503642,0.5113735883319598,0.971911906530693,-1.286769267601679,0.05716849436219924,0.03013164639778365,0.17572618523460146,0.108134403674023,0.5422011512159424,187304
track_00968,Jazz,157.7438162824012,0.6342745756463578,0.5781551306638042,-5.1509757280550055,0.07487696391766357,0.5544408080155829,0.837738972332631,0.4362803439384933,0.31109012990473967,251465
track_00969,Blues,82.49497776050714,0.7686412783050791,0.7559310124790078,-6.870498193449239,0.07690793108880106,0.6471169819006896,0.032658336399511816,0.28632002526880895,0.7841609447631706,238479
track_00970,Classical,73.9438086057896,0.15424430407682363,0.33844907848129807,-25.41362099384692,0.02953026172292094,0.956487881899775,0.9707892030697933,0.25479169271053953,0.2464983010759752,386677
track_00971,Blues,91.87376936601254,0.6338431800278983,0.711765985468388,-10.97447661646207,0.08710588053706153,0.39805040178180295,0.1475635455173892,0.1910003237055945,0.7958790393658317,259756
track_00972,Rock,143.37424275890265,0.6897738092660859,0.8104490541553862,-4.858358895067968,0.0893862769325802,0.10541999052875925,0.18257447936269353,0.3491378771288085,0.4947207080241803,287098
track_00973,Metal,160.9238145899897,0.5847291266785279,0.997944626510943,-3.579178763039991,0.053404081054254926,0.12899275414903924,0.11112695144099397,0.22681761152282362,0.5621998276613682,305918
track_00974,Metal,156.0030350916401,0.4383029546518863,0.9213535583941109,-4.345240405216749,0.05551289106000449,0.02604282566574119,0.09043762090251728,0.1181551637859108,0.31472662498469717,184909
track_00975,Pop,109.39778372235132,0.7567930299393447,0.686240521189808,-7.475980052302055,0.11708089381499104,0.4418695481001207,0.00392462122334532,0.2439574524936569,0.639031961743,211238
track_00976,Country,108.1689791130656,0.7012680402070256,0.4846025010319168,-5.663078193311816,0.04023580244525396,0.47118452457901583,0.1145553033193987,0.2977271676978567,0.522033341047767,228899
track_00977,Pop,85.46176514599375,0.891992123850113,0.8475960444245547,-4.74910937019494,0.0588983504299934,0.302468034262081,0.026458155047783122,0.20288928562706193,0.7277967354080039,254904
track_00978,Country,94.76895693115503,0.6357333468482407,0.6431762033232918,-6.110343853437762,0.09139328472254248,0.5143186440356698,0.11798463565476301,0.2741201685151423,0.5644442192312404,281290
track_00979,Country,100.57955168641172,0.6933308881760192,0.611693780908904,-9.28658189393204,0.07138293509812513,0.6907349592822215,0.031353887467000456,0.27058141754508297,0.7107644241661331,250875
track_00980,Classical,51.855526327374506,0.12464420241409291,0.11792998229240387,-29.645701809820615,0.07268700332634093,0.961817263160669,0.9567821380500471,0.4996169763613142,0.5812208288806564,397972
track_00981,Pop,103.09934555016002,0.7546781415763057,0.6394359182213818,-6.007743478769055,0.11598536759029256,0.23679159573425498,0.007639363682173356,0.21647932084724292,0.7409456696509888,255692
track_00982,Jazz,118.18192779078788,0.4302414354605673,0.34215711725402576,-8.982613990834237,0.09189811356582882,0.7681748139497779,0.7867149198837338,0.3053946635759527,0.4371557318384224,317080
track_00983,Hip-Hop,83.2638398754887,0.7237741673372784,0.641075865865683,-3.243178791402535,0.4307480733958877,0.03957439752321688,0.03402882064196246,0.2028470965706106,0.8408206735380033,234256
track_00984,Hip-Hop,87.76669826688818,0.8353573485762491,0.7843300964505286,-5.118959348842463,0.47968999089716263,0.0541139306625214,0.04796137541640834,0.23161851218793356,0.6730825796994815,167077
track_00985,Pop,120.70534635466805,0.8407208345165962,0.7573406409675294,-4.060148662958681,0.09877475914952724,0.17724913610549461,0.002617722509289938,0.2806793601006763,0.8782624661528338,195405
track_00986,Pop,132.191398227371,0.6791094766353201,0.6316552804226933,-6.15123746013486,0.10169899284434897,0.21756663875622628,0.028735160195974392,0.18311199888742843,0.5471055969106474,252968
track_00987,Blues,97.07736621594705,0.6022984939267075,0.7290018908099831,-6.819629023269505,0.08981954083568208,0.6365802693227254,0.1132799389520937,0.2560147871246581,0.6477185376441558,275619
track_00988,Classical,55.63623897823055,0.2536551895599045,0.22030294593189007,-13.677488526920921,0.06250237976136358,0.9657488531456954,0.9285658669582882,0.25553261912835357,0.5887622730606682,483094
track_00989,Pop,108.89483449705074,0.774096673774261,0.68482814904827,-5.351157662347599,0.09668433137024786,0.24016902872643697,0.0497241441226067,0.21275503968592818,0.8297846236371755,210283
track_00990,Blues,93.86913042982951,0.6223719892692645,0.6894610729227981,-10.303214866236777,0.0566571699771633,0.659295439280059,0.0934246185386279,0.17842562939385448,0.7171613114944152,209493
track_00991,Country,96.1501746204411,0.6465014882586548,0.6752623244789908,-8.469331677001371,0.0687125797420993,0.45273175301423824,0.12622737924155972,0.12464926723590236,0.6473932302538093,224327
track_00992,Metal,156.24092497827502,0.47373837502665306,0.8280000965401485,-5.193133142425854,0.06356955024124941,0.16178185921795524,0.1816148805059182,0.2627223030692234,0.5921771636661584,230756
track_00993,Metal,180.2981346471667,0.5446225923967427,0.8534910765548741,-3.4320436181535476,0.06310047823070233,0.11032057319681879,0.05480414348048155,0.25925648765901244,0.3520083037415801,229699
track_00994,Country,93.281295954749,0.5441558565061478,0.5074968785768149,-6.080258531443099,0.046379753515343944,0.45509846163456574,0.0019907251426728666,0.1943286194203447,0.6285936707945549,229573
track_00995,EDM,129.31148843335183,0.7547265406478291,0.8412043999363216,-2.2713433630468365,0.04564169168757876,0.11459865565064448,0.2990476310433721,0.27180363087415366,0.5030683197159155,259882
track_00996,Blues,83.01411621398735,0.6943072775156489,0.6061783029725911,-9.509674995039882,0.09053692592489296,0.5985675758949355,0.19843028704600962,0.22270293654350248,0.6389769813183508,250819
track_00997,Blues,91.18242767749014,0.6317855100340806,0.6490999096782708,-11.369201154753492,0.09650368419702846,0.5552225833130462,0.17084334834273543,0.29965903483638123,0.5547997984116135,270642
track_00998,Country,84.29082559152111,0.5155113151054573,0.4244894949554015,-8.209035323275788,0.0659931726644708,0.521882440167876,0.008963262134161454,0.29149831157419026,0.7858608561074252,293451
track_00999,Jazz,128.1548119242091,0.4712430085016872,0.37865146552248463,-12.632702385343244,0.06515421648984161,0.6456146641156322,0.9422534788915446,0.3444388752912155,0.5619392249556512,254954
track_01000,Reggae,98.0094939579499,0.6326279752455766,0.6000660843803943,-5.594011607133632,0.08652866458035671,0.42964850893292783,0.017527163556546977,0.22327600522976682,0.5770457497416958,285806
track_01001,Rock,129.82267059910538,0.7039125887837285,0.7314713159047933,-3.89522713844881,0.09199925949623283,0.21554222089347388,0.01710197839490771,0.21423512037763293,0.7612826671663158,254826
track_01002,Country,103.6376990672783,0.5220450153102132,0.5010578146528261,-7.613891643516377,0.09367967657724245,0.6868023773548604,0.024076092933024953,0.12382153595775616,0.7804585382757088,291884
track_01003,Pop,122.22776773932773,0.6319092399081496,0.6527381798131884,-6.148852570875133,0.10661195603147838,0.20770412658839105,0.04410272021393843,0.11099157493001328,0.876382648503574,253424
track_01004,Pop,116.88612341975012,0.8324567392292119,0.6659335467362582,-6.378829368129585,0.07171944850429622,0.3591235192087645,0.0030605753494489687,0.1978803170527454,0.5535491876450981,205223
track_01005,Classical,96.8801429049106,0.1259785652597511,0.35220445258527466,-14.260806340716062,0.059388223633216566,0.8932382072657877,0.9964459268279513,0.46370959156294134,0.4577721974058474,306309
track_01006,Country,106.39269947477796,0.6892902076137103,0.6668218351304693,-5.699740555569048,0.08639014169703274,0.6973264465364848,0.026951182281336906,0.29303051048660766,0.6803593416470308,269059
track_01007,Classical,68.14734085069642,0.27698269144239873,0.3265709593599856,-23.535064321119858,0.07629098912267054,0.8153205816716421,0.9961234703892189,0.2737115277454027,0.20363767212096773,413827
track_01008,Country,93.9176085193546,0.6171590104639024,0.4233236331696007,-8.428896811549516,0.09673255123264493,0.4332209873531261,0.06100372977189364,0.10717247969093172,0.54466616078713,290672
track_01009,Blues,91.42435508705421,0.6397165956452167,0.661856883053795,-10.719015983785308,0.06632423245062471,0.6198241264968916,0.09238385868212749,0.12973986365950965,0.7171486045468836,183608
track_01010,Rock,157.04046479821918,0.6481756502506507,0.745792459277851,-8.808963662563322,0.03052326040098223,0.1962472767575164,0.026939179821858093,0.21818838260212758,0.6391137238470336,217602
track_01011,Blues,90.16978442582584,0.7455651338347888,0.6865568256453728,-6.676274585268946,0.08354151093488475,0.5768122780612452,0.16430797218513044,0.22913813368990768,0.6207255482770946,247868
track_01012,Reggae,88.19282901824843,0.7110476459811997,0.7798394170618937,-9.65795617620996,0.09805595159921504,0.4427026716790777,0.02797090050356357,0.1796806829854277,0.6483833938770632,217962
track_01013,Metal,152.04616320629293,0.5628419354052021,0.9051577687071093,-1.5535498896402222,0.04649139147124397,0.012410210527086553,0.09519519373194923,0.15396752096357552,0.5145687869328894,241276
track_01014,Hip-Hop,88.34742677587359,0.944562148472246,0.8022874516701711,-2.4099140262742047,0.5504985066614465,0.17357954720342925,0.06753879242455633,0.2249674387392063,0.7665052104767147,163543
track_01015,Country,89.55812821135977,0.7023948152287462,0.6850973616901819,-7.208564108920384,0.07907470281769141,0.6211077717371062,0.13244950950429607,0.2094230216657271,0.7644943863724432,236395
track_01016,Reggae,94.23964376677641,0.7913175106959089,0.7981144424778739,-5.5879962018291,0.04509260468896864,0.4332732621984107,0.1890275270205035,0.26090665896888754,0.7733550767922289,235444
track_01017,Metal,164.80500233135658,0.5126115601647009,0.8262524422185742,-2.6630068771959623,0.07445432916634329,0.08510632896017666,0.08270337087571977,0.18857166191588381,0.3246815672028619,293585
track_01018,EDM,130.30172402412822,0.9494773304475715,0.9170366282996827,-1.2440418177430712,0.038106876252292185,0.1335057636448339,0.1949198546272172,0.2802417471683225,0.8323170891356297,267694
track_01019,Rock,156.36484185633196,0.7702384100788608,0.7386284631027921,-8.14293727090695,0.14031554583946865,0.38386987013335816,0.14524173813538352,0.21236528902098928,0.5131127222412117,191870
track_01020,Classical,63.70344101660237,0.23634568741102685,0.3735323641072429,-13.491261687900032,0.047035827746215994,0.8775566314892758,0.9239779738844047,0.3117280253527905,0.24441855491675935,455343
track_01021,Classical,69.49714831342507,0.2690197309148401,0.3965250474520903,-10.323397139774915,0.04602626489199848,0.89715222410983,0.9303401561643002,0.2942056291167095,0.3969882490528941,573713
track_01022,Blues,91.07807620801047,0.6275571041350193,0.512517437856051,-9.34261473511102,0.07736567154041132,0.34473592193664493,0.06266556643026311,0.18355213432490844,0.5478380293360302,183868
track_01023,Pop,128.748860911439,0.7089573739062415,0.8145661371279367,-3.8765905791664155,0.05549628727908417,0.3330406963009469,0.03199994517983741,0.10017145813764322,0.8919673274917181,233270
track_01024,Metal,158.23873396562917,0.3544929709673148,0.9373319747966589,-1.0252500693902906,0.05336793423094595,0.14473587361856152,0.09901848999863123,0.1863866846726953,0.42309168406797454,273758
track_01025,EDM,134.66967819943974,0.9185680066478791,0.9765770613290369,-3.86150643287087,0.06583636554925965,0.06831024637102101,0.09279229964558929,0.24535121147964717,0.6218785360345158,259048
track_01026,Reggae,86.43143768067199,0.7242523511851099,0.6619732597205019,-7.028224913114988,0.059147934599023635,0.3549973418120129,0.003524000545942796,0.1891385777251876,0.7723503286374312,264727
track_01027,Rock,143.65370054434,0.6266205914412238,0.9257031919026523,-4.809920335690116,0.03480726759126995,0.302874043618552,0.19226171323581379,0.38913374092489106,0.7866490440639055,275468
track_01028,Metal,166.8999372273073,0.36083076281065174,0.8585625710209569,-2.5321877201476504,0.07623697825997318,0.03574402584117951,0.01646929914915727,0.27630620960840124,0.5745833936738503,232195
track_01029,EDM,131.32198740195284,0.7192580620384402,0.9592939255791287,-0.4028934200264995,0.032377683531636656,0.08033427776170701,0.2965066469149763,0.2198477716936567,0.7054309608509851,252796
track_01030,Hip-Hop,89.21693406594726,0.8889019283754496,0.6492829697706772,-2.5164668056021764,0.4103998984344288,0.20118174291640362,0.022540211476880026,0.14806455369837337,0.7298836811470302,176998
track_01031,Country,107.65430729235095,0.6122826414733727,0.6671921158841851,-6.264529058672208,0.09931389433236501,0.6458109453803076,0.008861962247665245,0.16411878141606356,0.6715627149412855,194923
track_01032,Classical,81.56135748645639,0.13886419467678143,0.20952546325206106,-25.70891584714418,0.05116686426874043,0.9336578772275399,0.9799557377199186,0.2682686090959598,0.2667816022817782,552536
track_01033,Reggae,85.34978385462246,0.7159791196455568,0.615118027847382,-11.344902612504683,0.06399198778219564,0.38373924638714063,0.1360354702680211,0.17288724895414798,0.5441090027645439,278267
track_01034,Classical,65.94375198321914,0.1456334668761169,0.15776044531713201,-18.199750634526083,0.06446514786429318,0.8638279031068387,0.9104705156862422,0.41502391487302326,0.3198791325520018,421227
track_01035,Reggae,87.77760235061147,0.7185356131827492,0.6075206716081449,-11.855367038845978,0.045814506080668664,0.4162012988794476,0.1319408964294184,0.11970301469370677,0.6681970560502046,235082
track_01036,Blues,85.77018483685374,0.640259869712018,0.6340430762742204,-5.306600909899172,0.08337125078052125,0.6313132180672989,0.0554587793812952,0.23676460549070064,0.7587314430133989,226745
track_01037,Pop,125.46648360841779,0.6917276469467096,0.7021046768746732,-6.491982168514177,0.0556157004260721,0.47577344915847497,0.027426949603559445,0.2575666376370993,0.7633428368741184,191027
track_01038,Reggae,86.19036077972859,0.7899952547098372,0.7579468644620484,-10.911042220237906,0.050343575364820585,0.5049754697952066,0.15457627740834504,0.1438158671335059,0.5182915158678596,188802
track_01039,Classical,65.85789219072467,0.10858245453203884,0.31584306795293937,-10.948280373651617,0.035846623410744544,0.8175393418324619,0.9475570076753653,0.45700946693827066,0.4207896781087119,404012
track_01040,Blues,85.27623573995555,0.7641663580749516,0.6731391351565345,-10.441906139841985,0.04240663882574339,0.5213592781147012,0.026559342998114202,0.16854680547275144,0.6530576776740818,246551
track_01041,Reggae,87.60982993684125,0.7915208742232342,0.5443352400434953,-6.781024337852543,0.07816819182568786,0.37501121917862434,0.03414641522260993,0.27406551874093843,0.6259084770498792,201400
track_01042,Hip-Hop,85.86484903977913,0.8336531685741078,0.8664965779945706,-4.911533036265864,0.5217308572397676,0.08953048146527268,0.044813085987476776,0.16492064068918627,0.5437064445419589,171483
track_01043,Pop,110.23020610677263,0.8077336443724641,0.7949402638197804,-6.804820284250969,0.06798781977294896,0.22284827794882434,0.029900918241831838,0.13436323566025538,0.541697279553911,182424
track_01044,Reggae,86.91731536435873,0.7315694477842718,0.6105560276678117,-8.15576422552147,0.08465829794051172,0.46339141246201937,0.199938966274239,0.1595898520471005,0.7934745055617851,294817
track_01045,Blues,94.19612572334395,0.7225971724127377,0.6404551688086302,-6.329113554916286,0.0860563611674939,0.5020631674512667,0.17088587735634608,0.25021790608847716,0.733574554616193,224651
track_01046,Metal,137.91721980119908,0.5018946921820944,0.8872417528445247,-4.718731929028323,0.03296363933839886,0.0675011156894945,0.09200395355094992,0.23740476761424104,0.4937915864839293,258348
track_01047,Jazz,101.67495596635177,0.4384235526954638,0.30365050361460993,-10.546417814256435,0.061541357001405166,0.5525941424394858,0.796851333319393,0.2506832274354755,0.6766779326006638,362078
track_01048,EDM,128.06915099861848,0.7834883808223474,0.9679716006799172,-1.761221193569979,0.05840686429612006,0.12720036079779212,0.2838588851845696,0.14140016631160904,0.8956156967023183,281209
track_01049,Jazz,130.75179561096667,0.5554401740033013,0.303456303607813,-12.245021251810734,0.04596832899517009,0.8295310979126558,0.8696570591144717,0.20312816820004237,0.3818771318331925,415971
track_01050,Jazz,107.05694535681083,0.4039488314295693,0.5208712790145353,-9.01673659920708,0.04990892272659846,0.9783300442121067,0.7671724394623343,0.33732481021465976,0.3458943845043658,286546
track_01051,Rock,131.3300842596037,0.7063041623539705,0.8707391508137323,-7.3779427514551035,0.1084940981013613,0.14906972420088616,0.01904690844441177,0.3563515276954602,0.6255784513075511,252607
track_01052,Hip-Hop,79.53157068894406,0.920788246592958,0.8523642436533159,-5.92465954650786,0.4854097452543411,0.1468774071166801,0.09671640551360522,0.2899921801753783,0.8935356034163098,260224
track_01053,Metal,159.22152218455676,0.5493020366969323,0.9417714226408549,-1.1860674558596491,0.05856309142213097,0.01703343334211127,0.1194797782374306,0.23731618560425755,0.3660963086137285,220286
track_01054,Country,101.12770745085068,0.7273677673162956,0.5302779280560592,-9.433682797478987,0.08085919357326675,0.5010786017941238,0.15898590348734615,0.13273805678076062,0.6618545340723097,253396
track_01055,Reggae,96.60605563038789,0.6905501303716072,0.7333958356161522,-9.021791671558962,0.04923177816723022,0.6905662497095314,0.048407998555209324,0.24353846210826646,0.5429468934992215,191170
track_01056,EDM,119.93049272260504,0.8263552316315985,0.8633610266331315,-0.5174588244423433,0.03128149067078913,0.005603770254562091,0.17994888126189987,0.25935014346604685,0.8006185229752425,187444
track_01057,Pop,109.42870111401592,0.7984049520249189,0.7171877651086035,-5.503022004144672,0.05897084891941929,0.4222943287505633,0.0308527123052105,0.1270764086618912,0.6495997468102384,247194
track_01058,Metal,153.61276679473585,0.5760985729881116,0.9939319493005406,-4.574021258474252,0.03681950198214292,0.15181108194211954,0.18593305326008966,0.22014272874037494,0.490355686321874,196643
track_01059,Classical,71.62085692646775,0.21323821747948135,0.1785729675626168,-17.845545043257474,0.05455462804504378,0.8793702940683729,0.999069556589918,0.464567289484426,0.4998345160307262,420973
track_01060,Country,108.62390575917688,0.6155149504736576,0.4554692185669598,-8.165575155912258,0.08417725598762471,0.5361246861812654,0.1764539033139003,0.12958222726910576,0.6525041288040909,281142
track_01061,Rock,141.25465978458539,0.519511789805211,0.8197992498781561,-5.336355671959488,0.14611947309701812,0.22769603434468158,0.06006718212219198,0.3452087210118353,0.6976798099442466,281827
track_01062,Rock,125.6590267400353,0.6882820163996191,0.930957401703668,-6.1624886254155555,0.09474043085400072,0.12647029758569034,0.12323452287283043,0.2637331459674813,0.5847923302665641,288093
track_01063,Metal,174.01905528828877,0.42790047163210376,0.9998705859740066,-3.8208588288989493,0.03746897393189132,0.08037390312984978,0.14851863692844602,0.2695875515517257,0.4380309897528787,337011
track_01064,Blues,89.73809762781069,0.7689780135652581,0.7440638539994959,-7.39593266247207,0.0889016262550513,0.5303643033474548,0.0009296337850561277,0.10825335688044464,0.7939425197714549,192992
track_01065,Jazz,90.24356685820433,0.6137863238044965,0.45334817881239503,-17.594613415941495,0.09366792275890544,0.6464528377416798,0.919339332689327,0.433974733731623,0.6852630801024409,383201
track_01066,Classical,64.79790986545919,0.2095801913974218,0.3122034877573169,-24.56231509474229,0.07630477672668552,0.9331395096147841,0.9047139308269825,0.24072125937827418,0.27631262803662543,381848
track_01067,Rock,135.7644873780189,0.6051784016828403,0.9734149969984005,-6.103326195640972,0.061859587660624285,0.387116888944093,0.07329476759060473,0.37152988638029283,0.6903078694458222,231570
track_01068,EDM,129.1884221401855,0.7292030792030306,0.8747467033662935,-4.305791787260073,0.06524850929862056,0.1499242311127286,0.22726103603916875,0.2304513035547088,0.7028174147746838,212976
track_01069,Rock,143.28506410830857,0.6780703270247127,0.7092942859833585,-8.054739215114752,0.09024691762827818,0.2761951516404103,0.18913035870022024,0.31486684750348515,0.6624933729174527,201162
track_01070,Pop,124.50885877072571,0.810115539942988,0.6284357548534311,-3.854656768919546,0.10327051031301397,0.17452276726970956,0.03595821908894447,0.23370263629356436,0.7992483200443705,186500
track_01071,Reggae,87.6694590022791,0.6731743406297951,0.7380994943107404,-6.8345324376480505,0.09552709553671199,0.3234518236394462,0.0023112562028371197,0.2398277659401598,0.5837862487382497,192756
track_01072,Rock,133.94344366489366,0.599389502138202,0.875212885668307,-5.075757849970007,0.0764837804363496,0.24944414712350474,0.13647500761003845,0.10270100497702807,0.5582401899423394,218736
track_01073,Pop,123.09735749794794,0.6623190246605334,0.7511406661510593,-5.980564413381977,0.10419555338092093,0.3423635772853185,0.024725772847915925,0.28259708128620176,0.6508468256686721,220831
track_01074,Metal,160.58755387939084,0.3919225184800502,0.9386782461762853,-5.776370918784491,0.05421984578915315,0.0971939294927618,0.03239505698187006,0.2674775631883766,0.5390436356040762,276342
track_01075,Metal,157.50227387959617,0.5225600580259777,0.9428005417047023,-4.526550072803125,0.05754081627253527,0.12548302225405905,0.09622636216549302,0.2654357413316025,0.5498607125393968,242759
track_01076,Country,105.28539201831401,0.5071473024849288,0.41980192993897975,-7.697556582923012,0.0824822451039876,0.6739678684403034,0.005941661069350524,0.1736060105373614,0.5671347308349233,264766
track_01077,Rock,129.24134074511034,0.5781976395342363,0.9869526238704235,-4.561833029691847,0.12444834032687178,0.28711659078375507,0.2517518431530891,0.3277487443490144,0.6395094816534467,196303
track_01078,EDM,134.2825831800285,0.8354741252802218,0.968583516692191,-2.3762303068698136,0.03143934384834736,0.005931449119358234,0.1816509437712448,0.1655963117051225,0.729066601388757,187965
track_01079,Rock,151.62902572544138,0.5648959907056916,0.8517499538969807,-3.237915327106762,0.1436437676308113,0.30512046334642806,0.23934429676591795,0.15292800898072043,0.688663419793663,217874
track_01080,EDM,127.26422347391569,0.7708342848188275,0.9933977262871847,-1.1639830802215783,0.06962699405084757,0.01078092327969551,0.08221081376313924,0.24825285130289465,0.8688998805001502,279890
track_01081,Hip-Hop,90.12327595142217,0.8288799789785941,0.7393004620831156,-5.613106429266447,0.5585729844913139,0.0992555414617935,0.025936582116749485,0.24866309873105424,0.6439053846786906,208989
track_01082,Country,111.45324265698895,0.6696504807619168,0.655692648966487,-6.785441202888981,0.053516887850980466,0.6308630638045747,0.053037447954235574,0.2783037632212868,0.5214282940198808,263394
track_01083,Hip-Hop,87.7262924151306,0.9418464969159233,0.8433325543028474,-7.535131604217617,0.5139845167146708,0.16064991462671208,0.0016436057932327165,0.15026259174508874,0.8687020980107572,275799
track_01084,Rock,148.8695260747317,0.7396551380601903,0.9945338809833968,-4.354183427630566,0.03122450247422942,0.18635030209045356,0.00918725467132886,0.12823239062126784,0.48753632678031045,259517
track_01085,Country,90.63755590906268,0.6814341275022595,0.49999951993458575,-4.278003657427494,0.034803420226318764,0.5922844571987083,0.15545789657225473,0.19382518157870188,0.7264905065198108,293043
track_01086,Hip-Hop,95.45171824368018,0.8859984751698211,0.6928100601408933,-4.628921751684785,0.573481055357887,0.1347293176447478,0.0681698494915715,0.1931029450257745,0.5485376627761449,166683
track_01087,Jazz,93.1057413407371,0.4401010746594107,0.5315454636307922,-16.73874748617115,0.053420512723296336,0.6375383925689615,0.8760300291484082,0.3978997795072245,0.307041009480538,272716
track_01088,Rock,144.67616279944247,0.6292912527515848,0.79959308564837,-3.8108053904237975,0.12452504770637025,0.28776706466164825,0.10141272479911193,0.310201703453848,0.7374552051383179,232646
track_01089,Hip-Hop,88.06164861620765,0.9381504654357904,0.8750302508000655,-7.510912429729902,0.5489603166434087,0.13535207386200504,0.08658860907297335,0.11785725030622612,0.8291076406029343,210510
track_01090,Jazz,129.32840943311967,0.4371184264561416,0.4337177656237148,-7.724924965482945,0.08642018628190298,0.6176488808881566,0.7455071347207842,0.316779038894531,0.6533073388851538,242704
track_01091,Jazz,106.9894930938161,0.5410636363492717,0.3380374536482947,-18.79494597500953,0.05145095998381509,0.6276280096843831,0.7828796137394274,0.3935803841741998,0.32199275024915247,289966
track_01092,Metal,160.9052256546344,0.35661184844378013,0.9744126138362844,-2.856975369683836,0.06651848295939777,0.07407243111153183,0.04264406981400018,0.10759227219258256,0.4465606859915676,185060
track_01093,Rock,138.3316033230608,0.6477326782599505,0.7256398068895442,-8.167469992281047,0.045117343298300194,0.16723965389802364,0.03184339584641755,0.3861717998281856,0.5114250853798943,263391
track_01094,Jazz,118.55458071617664,0.5369820324300494,0.35239151420590636,-10.076881242762788,0.06759073110173487,0.6853315339566106,0.7793548655755875,0.2199460409044616,0.5077312466204382,413933
track_01095,Metal,166.14105805289685,0.4624418482239261,0.9812275175134468,-5.799160930247094,0.04987578757706178,0.18956100367249365,0.04993001855166055,0.2883072492076985,0.586170738338775,185164
track_01096,Hip-Hop,83.20079769609806,0.7470142859288826,0.7075872316515582,-7.944950035082535,0.5286362926123226,0.16803154490164035,0.09006793870200173,0.1062062065089891,0.6085562735065281,216250
track_01097,Pop,103.6111594476323,0.7787063204904187,0.7984394132769383,-7.833096483326926,0.10023398778085904,0.20083882604559022,0.04739256442670662,0.20764404427222166,0.5133544730525125,199039
track_01098,Rock,147.76340367916757,0.7898935574658458,0.9191118979732641,-7.8966469741947645,0.09903207531766395,0.2797304066858789,0.007004448234963067,0.1536500083747666,0.6207107753248912,231894
track_01099,Country,113.15125335225099,0.522525819929307,0.666500388033628,-4.543005742355704,0.037349326258759454,0.697219730912733,0.05950591067909779,0.11682033422632121,0.5015201343491786,242678
track_01100,EDM,122.93753014898193,0.9263516162146068,0.8706375201525975,-3.9461653367907794,0.060885980640830485,0.035376588031890276,0.07612461611846758,0.1201288788623925,0.6071497264298678,292661
track_01101,EDM,126.20802758485988,0.8244975319386921,0.9084391289772148,-3.4968654673067574,0.056690385839293964,0.12901690070596594,0.17334645188148415,0.12275234434217533,0.6907871564383778,290443
track_01102,Hip-Hop,75.52582816208894,0.8228339047935576,0.8346808051806683,-5.034288131570905,0.3334529713108706,0.03490206697323186,0.09485831396330013,0.14271260169157524,0.8263699964087905,155605
track_01103,Blues,88.85839054322776,0.7127404438836383,0.7999614314822402,-7.490753368814358,0.08165589580375682,0.4965816574272207,0.07089791015650597,0.2625905967294412,0.6484796973017709,180818
track_01104,Blues,81.81738411800117,0.6615726582067021,0.77009364232719,-7.978266196116455,0.08456220628916089,0.5295543469503569,0.03884735160132982,0.2189616631559783,0.7266164231916575,213457
track_01105,Hip-Hop,85.41101463131399,0.8028590593566656,0.8765503529901322,-5.0026261331585875,0.5126925437818017,0.06566054769886405,0.07609735645316533,0.24419106209673447,0.8616326834165233,185059
track_01106,Jazz,115.02609331602682,0.6726342829633519,0.5737887934129433,-18.28042785504864,0.0673831293332297,0.5001432371964551,0.8519387754111017,0.47727318030313726,0.3796409161592693,309222
track_01107,Rock,146.10236006004664,0.6501619031396376,0.9912542204455028,-9.0924471965621,0.13751987420170958,0.3073721233409831,0.07769882198988981,0.3705007436896881,0.5717179671444054,258807
track_01108,EDM,136.20376129136378,0.7123695477635348,0.9763070596023363,-3.283751545972038,0.06425349299342831,0.14033127374896878,0.2298517767891543,0.16290889890778454,0.5910975759336221,189764
track_01109,EDM,120.8413515173763,0.8253742738840159,0.8495373756893203,-1.5741939969290693,0.058170531472813834,0.07159356511193311,0.2643510265422523,0.22880464332710956,0.7852157101034527,294621
track_01110,Jazz,162.36250514104094,0.6008412696434817,0.38428434773991016,-12.155683172223227,0.06100600829267139,0.6605695201982004,0.7740906543910636,0.32270206954802017,0.5640120442520091,280225
track_01111,EDM,123.70068765424702,0.7056663302672525,0.9845354639396727,-0.9480760302468294,0.05776621492502233,0.17303816262998895,0.24085452689091857,0.22944754419727845,0.8389369303073477,278637
track_01112,Country,99.58987382008112,0.5966394684328732,0.4613960588938981,-9.610058437967389,0.03556442238468812,0.6280141617882932,0.0889605982073266,0.24523622440000306,0.7046861365291093,253030
track_01113,Rock,144.422736307002,0.6931902797760567,0.7843454510243937,-3.1003732978023697,0.03769994617333019,0.2823616032974555,0.14386317823715672,0.17364523214418243,0.4654206845291786,282255
track_01114,Reggae,84.4653758351635,0.7792874871437474,0.6756410087068668,-5.45881019266053,0.060749569827140755,0.5708579749316652,0.04093833492435808,0.22366806345598822,0.5388757190029954,203363
track_01115,EDM,130.17544903366056,0.8125534827391443,0.9498839010802381,-1.7696487036427087,0.04891767454166859,0.009962459960640935,0.22252494148718258,0.17265028942429259,0.5897978753609684,293655
track_01116,Hip-Hop,85.79709690724536,0.8770489844931341,0.6990983068099663,-6.918598089089233,0.4531186867560297,0.1515191352539988,0.013701102868842841,0.14037921122657798,0.663265865960622,285197
track_01117,Country,101.93809008331118,0.6684135826955608,0.4206572612822625,-9.293690805504236,0.09412775907087464,0.5890156606448885,0.16863672533147023,0.27965392992676885,0.6343826033847159,192869
track_01118,EDM,127.9679962369843,0.9424154396881914,0.931209173897761,-2.4226571549199583,0.040908969465056934,0.13161977696150065,0.10925035886481382,0.2404988325324979,0.7730287681227057,183774
track_01119,Country,75.19025432698399,0.6611195064949709,0.6811568646627564,-9.352813969334544,0.03694821045164364,0.6558418333272706,0.10127934093049183,0.2532810047136884,0.5646265710821844,202129
track_01120,Metal,148.67123132152588,0.41843477172519256,0.9839226985506461,-3.3538083171144497,0.06525384809646562,0.16924920945240218,0.047098879144903676,0.1338933170389059,0.3205520416773018,345680
track_01121,Reggae,88.15833644980412,0.7154269669738516,0.5794942318750649,-7.370562555816562,0.07648422686194489,0.343259839205305,0.13120291591830127,0.284790981964986,0.5483329715557499,249231
track_01122,Classical,65.19640327508645,0.28520855358520947,0.25096541522356497,-23.04530288472769,0.07829434902405617,0.885156375212836,0.9231174871188043,0.2533102444368599,0.5980725303313302,549126
track_01123,Hip-Hop,88.80060404527721,0.7950264996789509,0.707972378248102,-5.216320749667921,0.38279491010135724,0.05401496999003563,0.05566058981802935,0.2685530872300602,0.5611312710903569,233725
track_01124,Hip-Hop,73.77569866705373,0.9058690939970533,0.8034869245731546,-2.965588547493902,0.5158462411072836,0.2690803861526748,0.015039827261328033,0.1775483056653747,0.6856443175563277,194391
track_01125,Rock,144.3660437857349,0.623744659780783,0.9824625893793899,-6.382617649991603,0.09270187521792614,0.28006586220332697,0.0804993195357976,0.21500815574051113,0.6212949811541979,297328
track_01126,Country,102.38571092288942,0.6791317940553512,0.6048163533205908,-6.645981579551016,0.03881596914467659,0.45677059328478103,0.05789393773450724,0.27803127251467885,0.5518908573809226,272814
track_01127,Jazz,105.1403407448057,0.6096951882025103,0.4580375729554151,-9.9128007562624,0.0901499956545904,0.592114565135992,0.8840652731007279,0.215633398582951,0.34084603557961474,384679
track_01128,Hip-Hop,90.86316030258087,0.8605817229876995,0.7366103200510691,-4.677464981972609,0.3367094486298073,0.24063493414887002,0.0784094700579848,0.10431798222853508,0.653406037804122,261789
track_01129,Country,106.6208695017501,0.565223076299384,0.6187500108431754,-5.700708700512278,0.062154164214112066,0.6065918856561127,0.08891618060301305,0.16710911921157443,0.6399472881010748,259018
track_01130,Country,109.72498024238385,0.5679451252977993,0.6709963315807763,-4.00783448181734,0.09435089068643722,0.6333677427499462,0.16247376057475615,0.2147488485089173,0.5570461588737832,215271
track_01131,Pop,141.4890362138596,0.8195158851324796,0.8078332459020783,-4.7686952768388196,0.08947350545642008,0.24950770192508076,0.006893910961597378,0.2917155363289728,0.6847369169301231,196494
track_01132,Pop,125.34845103389074,0.8253219418309252,0.6171026212449573,-3.7249449549813427,0.10579180203396851,0.40977143276393646,0.0010991353367204193,0.20530377028208285,0.5217073482929747,205230
track_01133,Classical,63.629039746023594,0.23897662109545773,0.23485985379559218,-13.7689413864436,0.05201533636281806,0.8672243071669298,0.9331991563423708,0.4692459560022752,0.38114863383405295,355881
track_01134,Metal,163.68035574550214,0.4092973815346205,0.969925410988885,-2.195061717336954,0.041045660139829986,0.08261132464270066,0.039315935216349775,0.2908433633669414,0.4794353635606607,271471
track_01135,Classical,58.75344311667006,0.16639667890865767,0.2690976098905046,-15.470581356391136,0.04891345316344907,0.9051189979656747,0.9138945935942748,0.47440727741246963,0.5714896791968178,528861
track_01136,EDM,125.52175623560329,0.8621409254839163,0.8051851788598582,-0.7588543372357561,0.06804171889903157,0.1324246881270576,0.15380089595280064,0.24514621787261423,0.6305445152898468,242284
track_01137,Jazz,113.98701997485446,0.49590084137037693,0.43897324364514234,-17.796882305467598,0.061423968325198364,0.9288087498841393,0.7113851458782644,0.24526341404738136,0.3500464638597942,251774
track_01138,EDM,134.4981564265172,0.9492467252227154,0.8346715860422765,-4.272586752003699,0.06660222919104619,0.17641010339319316,0.009672110998966333,0.250341192035863,0.7621862805905719,223375
track_01139,Blues,85.19878965797918,0.7669749012537986,0.6257348651806517,-9.049741860854837,0.06661542798280912,0.4666138024482458,0.06531309099176967,0.15726788851095796,0.7645879029456324,288314
track_01140,EDM,124.1907745151093,0.849799272755277,0.9271302142317878,-1.433734843743646,0.06080157262728493,0.12701021404049784,0.07115830534018065,0.27480918286823286,0.7928479201642521,260220
track_01141,Rock,139.76627945853784,0.550720118349384,0.849849011640412,-4.92299961255537,0.03999250575696888,0.2902860743863144,0.25742337702797885,0.1785344448076263,0.677249284870683,207005
track_01142,EDM,128.40994109331666,0.8802207686270309,0.9994298879516333,-3.703093132958047,0.059418290067016856,0.11028089498118013,0.09389675474816282,0.13211737414462515,0.8583535348270188,296045
track_01143,Classical,69.63726513700897,0.24577674153443732,0.3932365805004884,-14.331553968557888,0.054832959312022395,0.8052705824459095,0.9825540691507355,0.25314351017876335,0.22224260567471618,373247
track_01144,Hip-Hop,83.56805327383611,0.8191470447299086,0.8891426908862998,-5.626404908901036,0.307888332200516,0.06730415591152936,0.09452962449373847,0.10275293866708,0.71839765416919,171294
track_01145,Hip-Hop,82.57324344607214,0.914882155278264,0.7773212128943118,-2.5873612056901223,0.5065059598620685,0.2913087393735299,0.05098776547604066,0.2277421163525749,0.7305235279556226,182208
track_01146,Pop,112.48310509230947,0.7801885996296094,0.6018496320480948,-6.257162466596355,0.09252050746266152,0.48076478001786815,0.020427436623783237,0.13259445309586526,0.7136876391867413,249914
track_01147,Jazz,117.384557453812,0.6464765084457441,0.5532168998361406,-8.945306064182725,0.09381269450979687,0.6614299720847263,0.7264463932756897,0.21744590839695505,0.6408530878477545,362740
track_01148,Jazz,109.11573815155069,0.6630675033448978,0.3356512166701473,-13.775622466962206,0.056304987203231543,0.5074644836180089,0.9365338782378996,0.44398526395030313,0.38849162471012655,310459
track_01149,Rock,138.82985744651427,0.573948676230731,0.8534066927465502,-7.306037839937122,0.05530683658811895,0.3253575368671943,0.045109167100746826,0.3396706944461312,0.6245785534761169,205294
track_01150,Classical,58.463743391095726,0.28032883555406185,0.2636930854972941,-12.627454690409365,0.07296421033893467,0.8889933313470177,0.9507659996451231,0.32472631630268056,0.3797747101232182,323855
track_01151,Pop,119.95512357216424,0.7718303708632679,0.607057763237267,-7.566133589705025,0.095468727458434,0.2604660641308108,0.02836548154207931,0.14621552452442574,0.7597668694572768,185044
track_01152,Blues,92.39763754334385,0.7425811580729675,0.7332725081117151,-10.0993839558685,0.048807625566217774,0.4167178586894901,0.10150766501841511,0.1684282634594078,0.6705088276542781,228429
track_01153,Jazz,85.50963455644407,0.5604000264678647,0.42676000646549306,-15.736612240436862,0.09424647432745814,0.5923824942106785,0.9044096726741679,0.4773934137747242,0.5154679838741731,260100
track_01154,Hip-Hop,85.84913336291844,0.7342630094380145,0.8318269315968203,-2.8656254951495557,0.5354143291893276,0.2503727594984859,0.02765703154282998,0.19321315686374713,0.6836797533581548,237200
track_01155,EDM,124.89420378277386,0.8137963445085958,0.9549619441684507,-2.783021670832796,0.031086452058146134,0.14202081891856627,0.2654489085437015,0.20278094250993456,0.7324434086794022,193269
track_01156,EDM,118.42065486845776,0.8617090091493835,0.8774446610140357,-4.057389444457666,0.03891202149633921,0.16053424406317585,0.2680446114959515,0.198615131178629,0.6427978109837026,198565
track_01157,Pop,105.04650415653843,0.7177334532530775,0.7411821500997486,-6.790825025227672,0.05552322908092076,0.10976572592888885,0.012562958173356354,0.11831840682889375,0.6345362554083067,243737
track_01158,Classical,90.45893295523032,0.23641654061718928,0.2851673758274189,-19.93899481706318,0.0711769732603733,0.9417379720286336,0.9889555114502007,0.2844811247309148,0.33925100983784084,313348
track_01159,Classical,66.0873228509246,0.16386006406535142,0.1224038298450129,-26.954797397762466,0.02269150017112315,0.8584808987121028,0.9866656924028907,0.30183266172121537,0.2494767328269517,574801
track_01160,Metal,151.1107519094023,0.5994061544461569,0.8277475822453556,-5.043372486547716,0.037775682200434445,0.11781202283319277,0.027060214446804023,0.2312015417809071,0.5411322152592657,243000
track_01161,Reggae,94.21076883613014,0.7139131835155003,0.5625816656104602,-9.597643410896467,0.07179074820036811,0.36195907419583395,0.12250396707137386,0.2998492183768051,0.6957604894822893,202074
track_01162,Jazz,121.85740619644392,0.5894497320020493,0.41562093555540586,-14.636007114703101,0.04005993953601656,0.902146731888557,0.9668012836064345,0.4908390588637496,0.5877085540276862,348327
track_01163,Classical,63.753951011672456,0.15108227519654163,0.1650441177513169,-29.877196746706044,0.057850566884242796,0.9228897884632238,0.9188025237770728,0.48309502154335526,0.3638283607219032,454837
track_01164,Hip-Hop,75.97620951883427,0.7549429793162108,0.8076202452813585,-6.790280607136428,0.3161737376628168,0.18531186641840186,0.0518354790594183,0.2522531672196907,0.8090525554176566,261902
track_01165,Pop,109.73452593028036,0.620943807254501,0.6400633984839428,-5.864021986012652,0.0577123327913083,0.27853349617633116,0.028076795155066836,0.10006659357702159,0.545698252316791,231929
track_01166,Blues,91.4051765317333,0.6391217992504384,0.6831426534061036,-9.059103447030672,0.09313594569099012,0.6020674369181311,0.11939027925236317,0.1021477963595965,0.7639385622480379,293212
track_01167,Metal,156.24017678995392,0.4321961060782324,0.9320132003267,-1.1074343269634381,0.07759041940346212,0.07914063088798376,0.12318621444501852,0.27816302947231697,0.5493138742128589,266488
track_01168,Country,101.24822585417833,0.5653103327229059,0.4411299840396499,-7.072119069500445,0.08059921127403025,0.6909309139648797,0.17236298096461777,0.14084819104963234,0.715933438046741,215377
track_01169,Rock,155.08234931581174,0.5579116223881333,0.8687008982175334,-9.477666611019043,0.07177068387020197,0.16775865448665112,0.21567294459756328,0.24702720736430847,0.7004281915392042,206328
track_01170,Blues,88.76196426041076,0.7775316656924552,0.5998821081266574,-10.657403097803854,0.0829333297477057,0.42762790194747424,0.06667332761523925,0.2477953191877072,0.5754958446824918,184370
track_01171,Country,97.0740525009239,0.7494744631885543,0.5292980026204508,-5.642544468955775,0.07853779183907743,0.4613445850751739,0.011701430289887283,0.2092013503067175,0.7100916776943429,273679
track_01172,EDM,118.05482901914353,0.7626829943780061,0.93457359209115,-0.08880122073246355,0.049048899021569406,0.03242837577797908,0.03100217443625357,0.1538512365197963,0.7277768076084974,244414
track_01173,Rock,129.39097533235477,0.6443538977336578,0.9755627005297567,-7.066614645876376,0.05678752702331198,0.14893927449453143,0.1371046107817445,0.3402032307190449,0.5165409618897558,224802
track_01174,Jazz,103.57734382159941,0.45583016858177244,0.3869278806085968,-17.240784407590674,0.08045260962325887,0.8431180140579091,0.8957529978360259,0.32468044005940033,0.3400684028805733,397922
track_01175,Hip-Hop,73.5657589473818,0.7900349665225015,0.7084885378020788,-6.345378735696579,0.594189037543964,0.26123461029057354,0.03166730049572162,0.16104580892996712,0.541413594874022,221713
track_01176,Rock,126.68329317209086,0.6450407192970053,0.9068438781185792,-3.3391632042628228,0.04346382773646769,0.35006037013277724,0.17520575396035376,0.1438496061435512,0.5188597274755967,182478
track_01177,Reggae,82.15691455031701,0.6515638954173636,0.511929911068885,-7.0540356182589115,0.062329445691715724,0.6285016655115059,0.07277369212446375,0.17466583848500605,0.7337543019220268,290559
track_01178,Country,113.28975586807758,0.6502742653431273,0.5887600472348982,-7.1413255822370285,0.03874183192684523,0.4511492565363683,0.17042959677040184,0.27358222634785223,0.7021695613582161,192405
track_01179,Jazz,113.74827317373268,0.4993925662970186,0.30098796865916544,-19.298501476207495,0.05866756767865136,0.6111782265959561,0.7350720215845467,0.2462484969061874,0.6342147845520345,373135
track_01180,Reggae,86.38659731042776,0.7846478767456375,0.5288033036340954,-8.478793634423095,0.06737458155077768,0.4640820021134129,0.167117721778585,0.17612922933949146,0.5190989999723022,228643
track_01181,EDM,127.24451097495361,0.9457200729222381,0.8071688304649122,-1.6962472254335093,0.04064591217057635,0.025892619319063927,0.17326047748315399,0.1612700616370389,0.7667301375244604,192965
track_01182,Reggae,92.66317871651174,0.7955694174656114,0.6280524228106934,-9.257854326004153,0.0678560141455668,0.33048735737801926,0.11063265593427801,0.16573947744345272,0.5364266366993787,219441
track_01183,Metal,162.62650604632742,0.524900550631587,0.8861118927959989,-3.7135180002273978,0.05498160038748712,0.13186283887576258,0.09319164684310295,0.23723582368784868,0.39875634199435434,349461
track_01184,Metal,159.77175244144763,0.3807153165241457,0.9400787159270596,-5.367545203398729,0.032653639108568354,0.15353508660745585,0.13318600624413598,0.1997052248292796,0.4403369311417624,334175
track_01185,Pop,119.26459618129469,0.6885494235896109,0.7055813311199008,-5.567029122564856,0.09159722037452833,0.20042052977570615,0.008157007177747977,0.1797126775588053,0.53281048994224,185403
track_01186,Blues,82.53994528454899,0.6906707075828391,0.7668789389408581,-7.125471131584692,0.09391938302526674,0.5836547966237702,0.19419842970476284,0.22714735565105382,0.7890650414489164,299392
track_01187,Blues,86.78612925986542,0.7171282425276834,0.6757646637058375,-8.543359208969001,0.05866120883295303,0.4474323560261685,0.0641006787347476,0.18522928165610036,0.6025364316443678,226072
track_01188,Jazz,115.95705869032254,0.669088936513185,0.38747561205365855,-15.099144752831025,0.06229247346697532,0.6972763891968227,0.7300958497579838,0.4285888516667868,0.44613570544428016,373286
track_01189,EDM,115.98380104509344,0.8296295331524282,0.8649249447956889,-1.8865609315172587,0.033719211057791645,0.12422452058236205,0.08260345504153323,0.10352696581046927,0.721082306465151,255507
track_01190,Classical,74.43616800641388,0.21144952241565138,0.29428109840814676,-12.028336391844906,0.04701138955865687,0.9550666453178425,0.9167530488304276,0.24685894362014751,0.40991920548797206,417201
track_01191,Metal,172.34456978764692,0.5247024162745434,0.8405938828328368,-1.688537352228943,0.047127108282967546,0.1893016756583883,0.014349592845142745,0.19724173770396852,0.47913731315326474,310856
track_01192,Jazz,126.41756790804067,0.5668713177100871,0.40627205959013624,-7.441851345660973,0.07168887284772185,0.514905361426913,0.9955285859019216,0.22228956147078027,0.5783832755600279,356958
track_01193,Classical,78.0518762888893,0.1251794707409974,0.3574740095369475,-24.98776028173736,0.04168721950303804,0.9265287272608392,0.9001029315565366,0.34182458431666013,0.5576995686006685,314075
track_01194,Blues,84.28062392250689,0.6775800729877269,0.6981273284433056,-5.444014025676623,0.051268319010159005,0.5127232035354669,0.04694751624261906,0.2708449278341409,0.716315075480469,265950
track_01195,Pop,115.39848239515324,0.7163463266174629,0.6398943081966784,-3.55724308648316,0.11935067373876444,0.32743287227599915,0.0387338384186727,0.27180767390925986,0.7803928024087308,226993
track_01196,Reggae,83.78586970835087,0.6872113661035735,0.7846690409106305,-9.500786199107953,0.08557333621040998,0.5332370973856142,0.010915218389935255,0.11687710960188968,0.560946946456997,288157
track_01197,Metal,169.866912199945,0.5800686934808199,0.8418142570600698,-1.027172158957117,0.0686740601689271,0.14531414166555875,0.07221811579905855,0.2091554970811221,0.49617533648200407,239529
track_01198,Jazz,133.6912466987077,0.6114953915432741,0.32471452172352316,-14.66527350752455,0.06604000099572863,0.6303146489374832,0.7517881810807671,0.24167824397385884,0.44655335690263404,383857
track_01199,Rock,140.50632074949772,0.53094579822997,0.7484624379817808,-6.487927472516718,0.1409849002395279,0.1741753269651345,0.24767406057373176,0.19368172604070255,0.5079588758223113,289777
track_01200,Classical,71.0645441032767,0.2701625332940244,0.14652828125821285,-29.695669406180457,0.06141400000487139,0.8196622920474476,0.9115433639983509,0.42340421792735916,0.3082139376535956,508436
track_01201,Reggae,93.49413035805769,0.7027494581141515,0.543455633067628,-6.825106543037602,0.08822706271155584,0.6852172089576858,0.07910777527222788,0.16754698709631086,0.5576787968059815,256831
track_01202,Metal,144.9865594556678,0.5354319609427153,0.9061274513331304,-5.487789418836733,0.06548836419707768,0.07256574494537471,0.017130078783082037,0.26849328144252516,0.40146495515475167,184991
track_01203,Blues,83.8788749582221,0.7159257055166288,0.7200324481431974,-11.557955586651955,0.0756006194313083,0.6811280247134326,0.05241877943599074,0.28176544281938676,0.7850505022289281,262138
track_01204,EDM,121.21150636566225,0.7435168459158426,0.9784984920006619,-4.4008377664681095,0.04100509637517332,0.16164228953004733,0.2702053644862835,0.23682775767461142,0.5419303398089971,233861
track_01205,Classical,73.5623312286764,0.2645900640044432,0.23075189168036586,-19.26758194290083,0.03677167312470914,0.8326131734720128,0.9482081158232274,0.3390504698501555,0.40877198112150404,496690
track_01206,Blues,90.28083628233558,0.7404747480212082,0.5405928208062913,-7.815104530035159,0.08793715074501435,0.5382195585156826,0.10229278486550351,0.26765991064056815,0.795626105000365,214462
track_01207,Metal,146.05440486673925,0.5068467468980872,0.9805953447234913,-5.1814709093079045,0.034315913674308224,0.14764378110806844,0.054640366334596416,0.22477250832346585,0.5087275013976542,228754
track_01208,Classical,71.00675503098934,0.16133945407739964,0.35738902959970154,-17.911943365782587,0.03011816669849763,0.8843021063038343,0.9928231068105708,0.47036107236930635,0.22804391708972435,551267
track_01209,Reggae,94.82208729060174,0.6935080524533739,0.7549139133741183,-9.709752333864774,0.06037420436831514,0.658224692130751,0.08516342930234032,0.25795309755893325,0.5709930643645704,220059
track_01210,Metal,158.5676445808644,0.5051541624395063,0.961511428295558,-5.042773541453641,0.07233998004073808,0.01157049819981828,0.001278750415203911,0.13168542988123588,0.5936001560919697,204941
track_01211,Country,87.41703614749095,0.6824995777474926,0.4553535986796135,-7.920161833780683,0.07642964458004728,0.544626803357344,0.14771420772697877,0.2922415802445719,0.5349640063145592,195055
track_01212,Jazz,116.73576865923499,0.6271288251064959,0.3681062476660536,-10.077210772835159,0.06352664014812144,0.5348767426601696,0.7606427818730156,0.43820112176146775,0.6583722792321828,304430
track_01213,Reggae,90.68554529802144,0.7914060210086321,0.7591547548911666,-9.616733851167146,0.04676098274533041,0.4996227179440551,0.005362759563534204,0.12998332562868992,0.570029788704525,298951
track_01214,Classical,73.3386849944149,0.25708900617044783,0.13374938734416564,-15.515435253863277,0.04313952138656496,0.8146756779487553,0.9812730049431586,0.373889171070984,0.2943046051454292,419645
track_01215,EDM,124.39923975206258,0.7695384792090336,0.9998965408047704,-4.50232169444592,0.05025645228088643,0.16986675092291545,0.09019556190154918,0.1521417277987501,0.8563172206761296,267498
track_01216,Blues,90.02707724942665,0.7820454398564896,0.5130639733530126,-6.639371383783786,0.07434839367632254,0.47017964662072675,0.14881608882101202,0.2931648848883265,0.5687618633488073,184808
track_01217,Rock,146.21172632278606,0.5225385324931455,0.795388878374618,-9.189347427790915,0.1439931128265048,0.20162623366730864,0.21396469393297493,0.2713955307358382,0.44300456522285475,197674
track_01218,Blues,85.483858593462,0.68399715969119,0.5458987360034524,-8.714012738387291,0.08145506931646197,0.6197135230670598,0.09866525535930937,0.13304757804208017,0.6244063128948295,216636
track_01219,Classical,57.795342506138496,0.21991913245203148,0.3896045340028922,-14.135140359975322,0.03997416827867036,0.8944799937678729,0.9200673902101003,0.20471600309103496,0.3158861592499433,402409
track_01220,Blues,94.82754960046844,0.6999124311869848,0.7120702705027163,-6.7867451486366654,0.0836674893215738,0.463823493166702,0.1263379574453125,0.21538904852879204,0.6264685268350759,240992
track_01221,Jazz,118.83414900819346,0.5807903460257465,0.5034750181389412,-6.733137866592303,0.08604145966256473,0.7876889096649953,0.9473846982235026,0.49607688695108004,0.42007280835731786,293639
track_01222,Metal,182.80894135025778,0.44979454442437344,0.9403746708908622,-3.1653502391015773,0.05939711191941323,0.06619521388749426,0.09241692092497936,0.11562428615794884,0.4072046074993777,299123
track_01223,Rock,148.28361957523848,0.540016516795135,0.9674752934425077,-7.255117980390428,0.09712876948294767,0.25848763153849275,0.1847937523231335,0.3826369941272513,0.7804508129069512,188722
track_01224,Hip-Hop,84.08087144214498,0.7124617185286135,0.8495611228052892,-6.138019957192622,0.31893156745760354,0.022436449350859554,0.025175879878875363,0.13560318944430524,0.8097200471120604,273574
track_01225,Classical,74.22082903682656,0.269026705104099,0.12479651853694633,-17.303573649403212,0.03299132193410031,0.8232127301301349,0.9892871252328101,0.3918934831274161,0.2974186183687695,572930
track_01226,Pop,124.4072022348725,0.6699906862674874,0.7582553048845047,-6.700601867750965,0.06331679186661593,0.2835209261433168,0.030679903438470574,0.14971154140334808,0.6202764746894969,194567
track_01227,Hip-Hop,83.27832337081198,0.8608838695714327,0.7181116268787013,-4.8467375812416815,0.4664035576304817,0.11890303374931102,0.046389402044042675,0.14166845358420224,0.7430585533045887,172254
track_01228,Blues,93.03728900210278,0.6859482408246549,0.7933040264612207,-11.59941514811972,0.07534964090483287,0.5334403093775048,0.0072592556821498904,0.1449140344795476,0.7716627750948697,263375
track_01229,Classical,72.00925706565246,0.28240605129027485,0.39169861309311804,-20.058035126452616,0.034059146482881573,0.8387457572393179,0.922291886168584,0.41257799228660086,0.2161782912492003,573862
track_01230,Country,105.11605090369021,0.6520357355957875,0.592617144021222,-6.00842245406524,0.05603163532120139,0.6417834666142459,0.10672491754532352,0.12109312600188389,0.7391297921202036,196410
track_01231,Pop,115.6541721286859,0.7590450960863739,0.8253164912508255,-4.819275957803841,0.0875681888303941,0.3996594094723718,0.011754855763537615,0.2756754839391199,0.7125660961632218,240938
track_01232,Rock,149.1990722557464,0.5662110561652717,0.7142045214239707,-8.315012991524135,0.0714532331352617,0.34994359115872764,0.10991780001444158,0.32638653482968194,0.5757769125181951,254041
track_01233,EDM,123.3674120175819,0.7006171257464989,0.9835298160043717,-4.601815014433329,0.06591467727768002,0.07984297487728223,0.19591677239852012,0.13712293814127924,0.8295668111309957,255592
track_01234,Country,102.81603037417958,0.7475815236317164,0.6214125415042618,-8.035926751605901,0.08790433600607148,0.6306952000529219,0.05632715867069136,0.10286149795884694,0.5354487915601849,254613
track_01235,Hip-Hop,88.27741136955535,0.7957609532125208,0.6455659206052087,-6.922142106097752,0.500949585689166,0.12225792692358495,0.015631459834181773,0.1584453709807216,0.7122420288130994,270357
track_01236,Metal,161.9020170477862,0.3010327496833229,0.9834596094991226,-4.475694046109572,0.04107490726714931,0.13969616194563778,0.17068054443617567,0.22645575346870483,0.37634482622955945,194245
track_01237,Jazz,121.50666745289672,0.5523460044072407,0.5518181913359737,-7.0135590515475865,0.07133562427174096,0.9636311628968186,0.7194213298229442,0.23396773767536527,0.5387152920057761,243960
track_01238,EDM,131.0581789274917,0.8330742043707988,0.8172673379303206,-3.8491268305210284,0.060649266488148675,0.1322951221368852,0.0499556131601584,0.18760303525161623,0.5567968823720999,237614
track_01239,Country,91.48885213165613,0.7108148701619357,0.4081862951951697,-8.618912326772454,0.0933442894240987,0.5919689308249756,0.045369419100211285,0.14382899364651608,0.7587854305278292,264698
track_01240,Metal,147.77774280408048,0.3431659123066017,0.8198192900724863,-1.6925068857298893,0.07185872851722219,0.13626366080927269,0.12118114906310765,0.1733743412964777,0.367224777473401,221813
track_01241,Metal,163.42853465781647,0.5563757306428443,0.816231849824943,-1.7815379828096658,0.04466473266044111,0.13097113343363662,0.008025757815651157,0.22191625926072012,0.5151815067562008,338183
track_01242,Classical,88.18464378381593,0.2980914014807503,0.2341486331916541,-11.663388485731065,0.0657106885270241,0.8661956850476106,0.9503062183252985,0.3152987665291104,0.25448930966638594,575727
track_01243,Country,102.98580751200856,0.5693952685754156,0.5103739939292615,-6.301396461960869,0.059129787050594115,0.5509132349093688,0.13963368221919648,0.19345016962880413,0.5572909369001587,201882
track_01244,Rock,144.59712632538998,0.5367232420059701,0.927735728675278,-5.831155037159027,0.10308794031053979,0.16554112930583909,0.19535051673812515,0.3296375341740592,0.5431554122902758,251210
track_01245,Blues,87.85262969918858,0.7127638250135281,0.5614219449041291,-5.588995807079464,0.095390226144224,0.3584281535833415,0.14483178984126643,0.1150477015503826,0.6795642853940294,196110
track_01246,Pop,127.02798452892992,0.633831167546746,0.8366918213742223,-5.3489047608950315,0.06980495503580328,0.2400860520526038,0.013534859046107385,0.2203619617713961,0.871985430312204,198665
track_01247,Pop,99.33471503877595,0.6572401798890869,0.7129795188156656,-3.297553564469359,0.10471270344613864,0.1528445605454668,0.042471486985882365,0.2874881057974886,0.610785712336883,245117
track_01248,Hip-Hop,93.05043551340772,0.700630440425705,0.7125176832339318,-7.330586045691037,0.42485629828010874,0.2370080284926854,0.04387115488838005,0.18638502426918452,0.7227157907675387,259718
track_01249,Hip-Hop,82.92053125317942,0.8174379863248602,0.6799087388052055,-2.312182606733015,0.40796955293817677,0.030037109615961108,0.004149149077157111,0.1530811775189813,0.5715514955530571,233110
track_01250,Pop,116.74461388751976,0.7724737752533701,0.8300039442490017,-7.7679782071042265,0.07398279593230314,0.10912306427504924,0.013612590754898492,0.27240129445371764,0.5146438863368803,254655
track_01251,Rock,137.89672227134508,0.7516554752793132,0.8869213100207557,-4.842705582680038,0.07189249385394972,0.3833193085030425,0.21277862813385004,0.2265396457853593,0.570585920090822,238092
track_01252,Jazz,105.49117893028401,0.43392913842887737,0.40843044453795074,-10.105679472867187,0.0598076612757263,0.828379197878984,0.7734338393982285,0.4163620341599201,0.44383582956797163,304274
track_01253,Reggae,93.08121904849271,0.7896325610040612,0.7673309432503108,-9.74994978285088,0.06436034639692456,0.6233609199190244,0.11902342616492077,0.20958288873532982,0.7779925902600335,241061
track_01254,Blues,86.94209714826702,0.6827256836219708,0.6900586151525794,-6.025279898301373,0.06799830183718517,0.645920547584427,0.018759666991809976,0.23061684439861976,0.599954018396259,296354
track_01255,Jazz,143.00434268599383,0.48896032880644374,0.5501725121773557,-17.512550359407594,0.04318897553037687,0.5958016787592662,0.7803211656323694,0.284693317356262,0.568205439447507,336896
track_01256,Classical,85.30047441561629,0.15232980264892007,0.17174290675044607,-12.308605088469172,0.06644782286371102,0.8149147046499962,0.9832665949827086,0.2110555462177375,0.30127991639320506,497874
track_01257,Reggae,97.17532706001056,0.6294240690135169,0.6631216868491786,-9.29752446583792,0.0665522329466376,0.5094402292236949,0.02567923436045032,0.17189754677042396,0.5190348682629811,280307
track_01258,Reggae,97.30409359144556,0.7318604187943459,0.7197667582151102,-11.724915167398375,0.07627603045823128,0.5755970273483908,0.004075429416046328,0.26877179759125114,0.7784855034952224,271991
track_01259,Country,99.13405623361805,0.701659030431315,0.5757907536099687,-6.36192816709233,0.04404088210582682,0.5031681529757099,0.1690484207681664,0.11757123686530291,0.7573791961005601,252735
track_01260,Rock,133.7202326710338,0.6144559580917972,0.7700479834929251,-9.296279144496467,0.0432344482108398,0.334021419551215,0.26441935575674025,0.3781387358297512,0.7415784689321819,282657
track_01261,Rock,141.5184754964157,0.7168222303314864,0.9882658387674921,-7.165379534407969,0.03303496907875597,0.2808689018339221,0.08690880617963155,0.2298841363586207,0.5953877928999741,261313
track_01262,Reggae,86.5696923672816,0.6971963569128206,0.6278959000412945,-7.012190142993847,0.07873995467274068,0.3740862872602244,0.0412277836420794,0.15020123575487465,0.5536851320891532,253693
track_01263,Country,80.8196324054449,0.7184748418753623,0.6247966514749703,-4.85130170080452,0.04132662716340395,0.6077235876821023,0.19502034708377147,0.22238277836173845,0.5514093095886459,275949
track_01264,Blues,88.56534824476007,0.6264913581733756,0.7296764712931045,-6.267361379820629,0.047494236677630045,0.6907445875186254,0.1971024580776957,0.28734389586547027,0.6488104428218793,226876
track_01265,Reggae,85.18041667197052,0.7419910210459659,0.5535864221088806,-11.257266009992147,0.06321637246202527,0.4834614465636551,0.125677010443501,0.24150626026018782,0.7667833126500799,236439
track_01266,EDM,121.22291777154263,0.7156680336754915,0.9929475119203935,-4.886892214364496,0.05359842585904355,0.15527349235981117,0.23636889391341687,0.10685702711864076,0.8625660530561757,288039
track_01267,Hip-Hop,80.71466035126782,0.8654012204052274,0.8860158217593003,-6.512823220668178,0.3737779783594751,0.05586966142926416,0.07239867499737504,0.170637847634268,0.8954772535948523,153101
track_01268,Hip-Hop,93.36876249000636,0.7918442216618461,0.6447558102190394,-4.447851100833667,0.38847097592892765,0.271652724388886,0.044140439987647474,0.15852999290771083,0.7354207258282723,199887
track_01269,Jazz,137.08403731466925,0.4484921007012323,0.3039075840938773,-11.057053299162614,0.09654288188405233,0.8047039584981523,0.9348764958822685,0.40183721283980905,0.49897466140920643,276979
track_01270,Classical,60.027084889020905,0.29597819421306865,0.1417835419432781,-16.19140485880815,0.04411976824271338,0.9023453048649027,0.9762393905856196,0.2472126327720443,0.5054340850545969,378508
track_01271,Hip-Hop,85.24358339696904,0.8338622499118585,0.8582403609996638,-5.05683957784716,0.5044672603888185,0.025693399762218214,0.017863171312688532,0.18087524014324913,0.69793562712795,190963
track_01272,Metal,171.4189653696801,0.5601492289853031,0.8323233296209557,-2.842619740812917,0.07616266440203073,0.13487934230706114,0.03913621709000306,0.1304567903526466,0.3756916593301773,329631
track_01273,Jazz,126.22814589006397,0.5071106027826666,0.5808260207738178,-7.36263703947014,0.0945290957681012,0.64724635750177,0.872119463146657,0.29643485541270725,0.402779404632339,373662
track_01274,Hip-Hop,82.6240127491675,0.8179598659612152,0.7495794097191046,-2.6953758623107333,0.48117848531559293,0.20810311093557662,0.0389413542549104,0.10581752371779488,0.8723891656971378,283142
track_01275,Classical,67.55038415173182,0.24253228726274062,0.1301999159558029,-21.112249367757155,0.050198046535497705,0.9515328155970121,0.9288824650579827,0.2792565717651581,0.3211870680783325,439355
track_01276,Rock,146.53563523708664,0.7603483741194108,0.7279634412324608,-7.660713103371712,0.07211439896728555,0.11548076293269406,0.03572829905602649,0.15794956333653132,0.7351262363240452,252956
track_01277,Rock,139.01551733964934,0.7189776823571945,0.8565269312716344,-7.080986905732186,0.1275687981018866,0.3300127786582734,0.23581296292018936,0.23791804718476062,0.40777969699681255,256604
track_01278,Blues,88.66924300967527,0.6973658855874842,0.5746147045936587,-10.823251971557063,0.08405951880969995,0.5152387741891348,0.043237066475733554,0.162000002242309,0.7899961013983228,249700
track_01279,Reggae,90.33823599193421,0.7045376131293286,0.7020068691151613,-11.482487264692905,0.08892124804902195,0.5587518173276804,0.03423833591810504,0.22614308423988605,0.6788623887697611,193440
track_01280,EDM,129.79728228991215,0.7917822723592299,0.8249807810648406,-2.9758393300738732,0.03158645219897082,0.05450987901232909,0.1202205765341051,0.1956330726553383,0.7174785433900568,299178
track_01281,Rock,149.1950589204439,0.7542678474996494,0.8896219331701107,-8.841071107838394,0.06776984393501553,0.3200080848053214,0.221514714908106,0.3961026250926878,0.6507899513609227,218907
track_01282,Country,117.98289207631683,0.5945557263765118,0.4842582000037037,-6.020092937953114,0.09865716077467127,0.5880145240311546,0.17632298819796766,0.16582068620955373,0.6220861347422767,288407
track_01283,Hip-Hop,79.89935055369166,0.8088831103868115,0.8897931004654966,-6.829134380918681,0.3102049646538097,0.1281610016934128,0.057769558769015496,0.15950354700627895,0.716707201350677,290921
track_01284,Country,102.80920261176584,0.5241799583877824,0.623128802275867,-9.343876399870162,0.0583442399358164,0.6413867324621213,0.09351407232265939,0.2684031039437016,0.6025643966168345,288274
track_01285,Classical,59.09373002488194,0.20605863069293473,0.26317149024771513,-26.460940614002926,0.06619808731275742,0.9110939242020678,0.9270194459496994,0.4812144639696297,0.20510948400162243,343347
track_01286,Rock,161.49589758044522,0.6143705556971312,0.856763449393392,-7.959431753880929,0.06855026115160238,0.10454986438327042,0.21895352661357068,0.3132395232402156,0.6617432801628889,270162
track_01287,EDM,123.20775309372596,0.8008274719982278,0.8941598829871616,-0.5231922857370748,0.05239761756146706,0.05843619988360341,0.22279028486025626,0.20116638742781418,0.5648527781100681,210261
track_01288,Classical,64.2494180381263,0.1711880950799503,0.11256580913653064,-24.41964632469267,0.03769137876201414,0.9731744096979182,0.9352116007131702,0.3341650219680654,0.35229522395215546,591969
track_01289,Metal,164.71809099253733,0.3410350031761558,0.8289817680812347,-5.483902042721105,0.060814833344637165,0.0231125592946672,0.16852543977252663,0.2985930003638644,0.40990445541259957,275502
track_01290,Metal,170.97177550382295,0.5135001530957036,0.9874306012651531,-1.5295311322180742,0.03287959143749243,0.033814360511353,0.15091943971155847,0.23777862160648947,0.339965578212037,295754
track_01291,Country,93.2184095695298,0.7178219089336666,0.41589153244611043,-5.306829489591557,0.07310732298529092,0.4945598039963047,0.14418650966838228,0.25647315903023193,0.7801696913911909,211512
track_01292,Reggae,93.38591571558213,0.7824980269164097,0.7019616229890651,-8.178048814263624,0.06246043692100785,0.35394396186818866,0.14150367421226442,0.26273116400581187,0.5377456549814937,237635
track_01293,Jazz,115.11153573171188,0.6444105277199963,0.4352658574395311,-11.620204821049857,0.04016505973323526,0.6828502650975368,0.7416371417052909,0.4069066041986873,0.4916107835902935,391023
track_01294,Reggae,100.87418853531591,0.656344854720066,0.5046382324113831,-11.193863190279012,0.05499646507711356,0.626648946460922,0.09306256518156174,0.28367910529181006,0.73674453783449,226408
track_01295,Blues,90.50083629942755,0.6683486069759277,0.5988277059987942,-7.189542697078188,0.09100622966937423,0.42887020213608057,0.06500276440450017,0.2067702078584774,0.6959550806241319,287083
track_01296,Reggae,87.85946925863365,0.7754896967301952,0.5890388421440493,-5.020475861607994,0.09725144382008716,0.676212286672786,0.16222552081279473,0.1441226663367085,0.6597898232086347,185507
track_01297,Blues,93.34281308168563,0.6081667090706127,0.7908375700462124,-5.569287791954249,0.06284605432946319,0.5061689792027652,0.0932238838535518,0.27643995572349395,0.7065805628948334,199569
track_01298,Blues,82.75937612361565,0.7521085969311614,0.7853006037227049,-7.478135252629622,0.08065391354649257,0.3411544981288204,0.09484398943278019,0.2773510812173575,0.5722729508692155,190376
track_01299,EDM,138.64577931204963,0.8408407618902459,0.8138895652108802,-2.0208255154963877,0.030544565890244034,0.06499748191141723,0.2796877727619501,0.16080905392716152,0.8759306570576992,231055
track_01300,Rock,141.46305974540212,0.6272662765858223,0.7688009715715218,-6.988944729183698,0.13455563798670866,0.12058199096198904,0.1105074741845736,0.38870182690514965,0.4059327369818324,245783
track_01301,EDM,126.7989556449874,0.9081892639677593,0.934333109960739,-4.12029183760869,0.06672190279525794,0.04910347809769194,0.07324203560849972,0.2628357793274761,0.5423493022290085,268154
track_01302,Blues,94.65505927434552,0.7774927847142183,0.6647384542908006,-5.374433211740942,0.040338727033586014,0.35360732886564905,0.058633196146183036,0.25780488839084736,0.7656167420401572,183901
track_01303,Classical,61.64761634874951,0.12242203083768394,0.3129211577576564,-10.145253910490261,0.064205635683926,0.8033422187475453,0.9496259978041839,0.38439398974487116,0.4758696804411372,312746
track_01304,Metal,179.22993454828492,0.5873110239729888,0.8769827543827902,-5.482603866731135,0.05318010897816719,0.12960967469561374,0.002422623219978304,0.1664681120030361,0.41805432603913495,312128
track_01305,Blues,94.24944323110445,0.7168389270669124,0.6901483360831828,-6.979019196475253,0.04114193521556431,0.34203423806897715,0.07189669036544254,0.13097199950431634,0.5225960127633662,195876
track_01306,EDM,120.88869908894915,0.9399135489302435,0.9128756921777527,-0.03468141641319633,0.06082188179071443,0.10347603669069011,0.11679932014296672,0.21857264189870362,0.7063208406661917,250148
track_01307,Classical,82.60172324539926,0.26272476462764827,0.12142188205173704,-28.259864653787375,0.059588606888083775,0.8518216013470603,0.9657527034697106,0.243387768294059,0.35882729088232157,528821
track_01308,EDM,127.82106443679278,0.7834436980673913,0.9709449188236872,-4.250725397073528,0.06783711445184304,0.1014948709326815,0.2779241635751093,0.16735855774516262,0.7863835616557588,291670
track_01309,Reggae,87.33218325592019,0.6189665227638418,0.7630704403492184,-11.782158980077261,0.0983396410538302,0.5688535520256451,0.08392260428012177,0.12827506527621105,0.7169693452864137,186044
track_01310,Hip-Hop,87.14855839210381,0.7715280058069657,0.6776752853794147,-2.478424412030277,0.54165805872151,0.042323676455812316,0.07693245039036807,0.28260661961075817,0.5314044872842976,234533
track_01311,Country,107.75661124366798,0.5597544116766273,0.5808287956516514,-6.1157344266430504,0.06657989459774993,0.5564061925560467,0.07394957461252785,0.12467887275064736,0.6156451400151274,299931
track_01312,Jazz,141.3503669220731,0.4940982727527006,0.4362280633812997,-13.568738880525327,0.0863501179410824,0.7405721798979877,0.9366875005031038,0.22205248304080258,0.376637587161198,328383
track_01313,EDM,133.283220991762,0.9264208414427062,0.8511402881130471,-1.1821304326671225,0.058417432329634776,0.031941752428433424,0.14383918337529839,0.1963010186355264,0.62184472586266,240539
track_01314,Jazz,95.4758253645121,0.43726098818913217,0.5831414126975218,-14.884337972146863,0.08279012578001699,0.7621038594738494,0.7668274340641319,0.45386849693462333,0.627295211276772,303258
track_01315,Pop,125.35130863583862,0.6385622032504937,0.6668570181523017,-4.595019815710234,0.11873293381345984,0.41885553602815695,0.03886588114071937,0.16853253273822738,0.7645372286685896,259430
track_01316,EDM,125.80017322932208,0.8907974676798737,0.8482741276008008,-1.4651591004367215,0.053138836920548965,0.19724997129437688,0.29997029310276946,0.273905216663466,0.8039933477195005,232900
track_01317,Hip-Hop,92.3030073387473,0.9174325837771635,0.7717962316277035,-5.395931532136228,0.5923142347773136,0.068644642799691,0.026271801768318327,0.1169539309597216,0.8901267268619777,151475
track_01318,Jazz,142.1428541780947,0.5139370784433865,0.4795539238400326,-11.297183550432015,0.07818612067440883,0.6759089577100705,0.7947494485459171,0.38348536482624895,0.35314469937100995,415311
track_01319,Blues,95.7353494017652,0.7261855292996922,0.5291341602540977,-5.173746046217162,0.05420907487127334,0.5511459079775476,0.15943561165226225,0.2878472019813023,0.6812031587767724,269976
track_01320,EDM,131.4049866840339,0.7824116241869312,0.8145030992675125,-0.029720216159432766,0.06480090108756686,0.09318655666021847,0.19991295725772115,0.23424561557133403,0.5777928922921841,205380
track_01321,Rock,147.28344225330852,0.681295440474585,0.7627984869738417,-4.82723053943284,0.07896543206580811,0.253226085137902,0.2692922079978964,0.23735725712143765,0.6505464615405963,268219
track_01322,Country,107.83744808554262,0.5337736391488275,0.5990946968512115,-6.87017082045609,0.04132800628878034,0.5605718010744201,0.18253847468888318,0.10311751695507279,0.6927901320457563,229444
track_01323,Hip-Hop,82.13611993818178,0.8544480105522749,0.641284674314424,-7.776316177346262,0.539543950336423,0.21475387330557502,0.030960164813298354,0.11169827555491384,0.694508364339231,159498
track_01324,Jazz,107.33816604469934,0.5015673437664938,0.5380368194147259,-16.817323173366383,0.084305506074573,0.9741922131363083,0.7041231504072871,0.33210917935363937,0.5591083953656018,253638
track_01325,Hip-Hop,79.46269609825114,0.7051306279281288,0.8349792596369328,-7.5217715633272455,0.34231527632107095,0.17244900805670718,0.06035055034496198,0.2373774237184797,0.6574056050654483,295707
track_01326,Classical,73.80301802444829,0.1101902171587327,0.24931187541282537,-23.350575461532383,0.05784237992546051,0.8087399448250038,0.9034934808918159,0.328175480418889,0.5245357916806048,398113
track_01327,Country,95.92203111797,0.6466789209804499,0.46493805216918693,-7.704914653166214,0.0708760375795635,0.5150305911704947,0.02863388427692644,0.1983322251076447,0.5971982587861416,274913
track_01328,Blues,82.75822035889635,0.7172300648326053,0.7833689790746758,-7.977826252069693,0.0474344818358168,0.3683481735353902,0.19781479527356946,0.24511303946617355,0.5147836250087269,245015
track_01329,EDM,133.09511558723037,0.8754884443321466,0.9416777936218738,-2.406012562519261,0.0636121616631256,0.05088496104833913,0.2722053814550607,0.22735517100719344,0.6754835605970103,232268
track_01330,EDM,128.07014970863884,0.7752438788526023,0.9867258888066128,-3.4473521532899714,0.044418375484270065,0.09463300964681431,0.16850801245544242,0.2617417289641488,0.576128489262407,230510
track_01331,EDM,128.96842923367421,0.7141783991582776,0.9327973723734031,-3.796294309421901,0.034761063117722854,0.0818991699582956,0.13978488790966911,0.13409697277921423,0.5166141083824529,281376
track_01332,Country,89.02625418107,0.6804425693294524,0.4517595102061326,-9.830858107020783,0.05857984592562379,0.5748156106399066,0.14120048191343823,0.26198900183058055,0.6831612281920197,224029
track_01333,Rock,127.8893146322558,0.7880055254077567,0.836946206998085,-6.00725506160266,0.08438017107616796,0.17587572302915927,0.24312378394229606,0.10854136776304635,0.6760973720366775,197232
track_01334,Pop,109.38840451181703,0.7352458234376027,0.6324513896664699,-7.45111052471304,0.0953263291109332,0.2750838585666957,0.004724193758948181,0.24807291443121893,0.819730066903448,234969
track_01335,Metal,158.59718533615046,0.4601869225741687,0.8484552387969377,-5.135726302906069,0.07115005874456723,0.15966883210896607,0.15547196568737842,0.19267186127952696,0.5593523282533677,281241
track_01336,Reggae,96.60489791734969,0.7898009573345547,0.7823102911368635,-10.733881732450119,0.0511087925043671,0.36535258258582015,0.15778438648282067,0.10120440807368128,0.5381531594575633,292871
track_01337,Jazz,101.657438019659,0.6973001920280113,0.3517809687723389,-8.727389591436353,0.08748177244330954,0.5725818541806363,0.9799490534649641,0.34632762878831846,0.5515531834270746,391074
track_01338,Rock,140.53359864525675,0.6182813104352842,0.9096859793559209,-9.385000904930582,0.1155049266652338,0.3918573188454225,0.16124644585025746,0.24954706811032432,0.47492744788076413,193554
track_01339,Blues,98.76105578602804,0.6052166573369443,0.6646170465047221,-7.8354560955183885,0.05245180812476813,0.3833331429954144,0.055243633702189966,0.2423443183454475,0.6818798190597115,245234
track_01340,Jazz,135.64490436988564,0.4886975715529295,0.5736204179664954,-8.844407570249624,0.06370070020082182,0.547631032812728,0.7770950987462447,0.4870304651644551,0.4241453503536317,265530
track_01341,EDM,132.63176886171507,0.8300698281743456,0.863885471716908,-1.253362431587722,0.058591623137512296,0.056139295416088086,0.09696851783337525,0.15750403972642552,0.5515404666044862,199504
track_01342,Hip-Hop,76.16759477923769,0.8995782834408367,0.6303374517349463,-3.201927180351115,0.336075532045973,0.037417131015677396,0.09478627716349608,0.26387956894110826,0.7209641867472034,284175
track_01343,Blues,89.86062326644681,0.7609083602024591,0.7119231598550686,-6.43055295478573,0.08600651197155931,0.3821471534954928,0.09991180203095791,0.2920828374252772,0.6030598833744475,286548
track_01344,Jazz,133.11624221974097,0.5749485134301208,0.43848342529973316,-10.133638024606968,0.08895035027066162,0.6971040774253746,0.7098862525343913,0.41264188939112345,0.682466713798954,295627
track_01345,EDM,125.04091568785591,0.9274376796578435,0.8027124191208942,-2.256266672682913,0.03634710580775823,0.05655288704341588,0.09209449484797803,0.14385654954766552,0.8169408250824624,288813
track_01346,Jazz,109.01314225454554,0.5656557217511944,0.4757281075112674,-15.46316930253484,0.0783906103766738,0.9147463182425115,0.9994213760776711,0.4515333158516643,0.5229995038719789,279433
track_01347,Hip-Hop,79.29945569904854,0.8870477613282697,0.7806274099409483,-4.609835945859169,0.3447903597430623,0.052788395598295686,0.028178777592402428,0.14136778693638738,0.8885778980185745,230481
track_01348,EDM,124.00535187326236,0.7859957440152742,0.8580502440381814,-2.7225991380367907,0.0434816675395258,0.10958926081412189,0.23205517568138825,0.2348922566888747,0.6177827571016469,282952
track_01349,Pop,109.27294549347901,0.8587809855005829,0.6708979415822216,-3.423783449861589,0.08240353818833016,0.35882800741559306,0.013220385702797538,0.13120276320470758,0.8477827762632197,219109
track_01350,Rock,124.12167485966137,0.7254122796074032,0.7250929271749801,-6.042953133374717,0.0962274167398975,0.2165155133940222,0.2533713443005702,0.10131119343580368,0.6080717607594084,270133
track_01351,Classical,68.58768708668646,0.12192236159973545,0.3866439420836245,-19.538640851845443,0.0747930791165986,0.8044732445931532,0.9637653283881898,0.29208635057798604,0.3727315983860945,474022
track_01352,Reggae,85.88573449863082,0.7062307461798505,0.7191774299289851,-11.339731323437594,0.07171934993061138,0.41651059672657814,0.1945238926445946,0.27142359012478035,0.7199827087501931,185599
track_01353,Country,96.12760489086955,0.560765797878128,0.5716297978150771,-5.183203410964449,0.0831588012820817,0.618024739685043,0.07505297514711717,0.12792737632556558,0.5631750660885798,217628
track_01354,Reggae,86.19935793391264,0.7085621791296219,0.7371668716287912,-10.591154784173753,0.06910316008572837,0.5429715043684603,0.032040950879109076,0.2557110919823077,0.5898009371568096,285389
track_01355,Blues,91.3423167555798,0.7699411846449236,0.7602046065612073,-7.825385285328137,0.09506164920370144,0.5341793165938491,0.14251301557567506,0.18321609543376655,0.7742203083412962,200729
track_01356,Reggae,94.99044095748894,0.6950967612366574,0.5207103250392999,-7.091046957092052,0.07110149597811602,0.4985499231891416,0.0600890759100045,0.2809346875063473,0.5271458875548658,231534
track_01357,EDM,125.2595827863865,0.834384801106083,0.8382678406002682,-3.716560906487097,0.03499369999235178,0.1426762819771497,0.1084655779608399,0.14405323063675768,0.702929659672381,231544
track_01358,Pop,101.17149218768051,0.8239954298512785,0.7800613501937455,-4.702400226650225,0.10363672312224957,0.33003428235694915,0.013039569276222747,0.2824753227461436,0.5072856123727911,244810
track_01359,Classical,76.87984010715627,0.16891675893192648,0.32445811793054846,-11.847074680233398,0.07889830587723759,0.8719618954537267,0.9367525834640547,0.49441632103545635,0.5446112521192152,506297
track_01360,Rock,131.97776158857286,0.5062954945268854,0.7818864602921414,-6.8562269139432335,0.053753973965874016,0.12620439654442878,0.21531836017638076,0.36838608072042023,0.7747088278748343,256323
track_01361,Rock,144.38455878592936,0.7860721873717651,0.9207150541314812,-5.181645561340743,0.12058812951373879,0.19675185669634596,0.21877568082097085,0.1698564254340748,0.5712411083631014,204564
track_01362,Hip-Hop,77.32516868528992,0.9311921716089754,0.6538631612382501,-2.5706203311612414,0.3937987630037731,0.03904907816330062,0.08266830272711707,0.10049909072016583,0.8328353270723323,221678
track_01363,Country,103.3829902570982,0.5916684928635499,0.6285813325481183,-8.847624309506726,0.05205514231296826,0.4285512843107998,0.028695853949121643,0.2766366980705466,0.5327337932556733,273946
track_01364,Jazz,113.94858840351165,0.6821131932509978,0.4937710378982303,-18.48626024668371,0.09830300434396308,0.5735500052516486,0.9299037175856284,0.21045540849187594,0.5498167189359245,291450
track_01365,Pop,125.7559490819833,0.6143694064402274,0.799967151132136,-6.027612795089407,0.0611643443681847,0.17043859210698364,0.045938227184711314,0.1221211503881329,0.8467131148462628,193796
track_01366,Jazz,124.7143397321806,0.41171685364493177,0.4393428437152015,-7.738257282855491,0.08357216725834603,0.744391208842359,0.9580149639088651,0.2361094285340689,0.6639764213569475,264300
track_01367,Classical,66.77228706401077,0.20151412419053238,0.33387732880226323,-24.711000984818032,0.04229488627110206,0.9662311309112024,0.9770085649620484,0.4913598703748267,0.5983896234058601,394035
track_01368,Reggae,93.79168677208607,0.6245775578922778,0.5965585569169719,-6.036089472706606,0.06286484623853834,0.5992014595875477,0.035039570847632255,0.1848838318335283,0.534456820800553,223906
track_01369,Rock,151.60959614738232,0.5743835431262243,0.7900506396015021,-5.0388912697548145,0.04233552275776428,0.23407152754105226,0.28252035896466726,0.21909149872426753,0.5736804111909758,242734
track_01370,Classical,54.97968590270109,0.18599850800486134,0.2719211975550795,-28.187511265595703,0.07580114352916974,0.9251284137103756,0.9183978497610908,0.3687743161293988,0.2533026023332047,526610
track_01371,Reggae,97.2350230879253,0.7167393165606831,0.555044961308007,-7.775990990536631,0.04339065645547119,0.5436953422287689,0.11080340382152376,0.2310509661678199,0.7686426817257181,250031
track_01372,Rock,152.71918303422365,0.761490651176842,0.8635602205460691,-7.052158009959475,0.0941138094273981,0.310993924440333,0.20851436270978102,0.20727313028734384,0.5541033120425043,235171
track_01373,Reggae,89.80818346547024,0.7629213368749842,0.5938754811965659,-9.21645099173891,0.08201120326071593,0.6661306947728373,0.017552294895777188,0.2722956289269213,0.7379038174638096,257467
track_01374,Country,112.52055091558078,0.5030344992041897,0.668977186187643,-4.526509179961357,0.03429922091506741,0.5565445969154081,0.030514891734721973,0.2517375109296548,0.6996174415298441,230123
track_01375,Pop,103.57518101881577,0.8485985413363258,0.8169949431099368,-5.383362031434784,0.11387904403150619,0.43793144998183264,0.03656620883372191,0.24681518313872572,0.5421573895803453,238923
track_01376,Blues,92.44260069237005,0.7934090107808728,0.5535943362675075,-7.63834810880266,0.05127959917778107,0.3839826880996047,0.13385157674147338,0.2831908169943965,0.5477132741297724,189271
track_01377,Classical,70.31368416099708,0.11647625040425567,0.3011913238979337,-17.06146604068629,0.033127324748455006,0.9516893400015152,0.9087064703312967,0.34683355436937435,0.2039692828652352,455934
track_01378,Classical,70.63537955156816,0.2503127263553818,0.14765562284789682,-23.166519200974342,0.029633742668490577,0.9533234928258629,0.9058896325427716,0.45212199666911423,0.5768785355342919,365679
track_01379,Metal,156.3945097382798,0.4813874316606761,0.9337326179623375,-3.228926423405586,0.047565696041092786,0.17818345611298061,0.01627841160359165,0.193251210848699,0.5326694515402441,268519
track_01380,EDM,116.9182552198703,0.90817907285939,0.8557600525315279,-1.8942780546534328,0.0491836279669216,0.05771580812355433,0.15310772435839418,0.13359247927917545,0.7558310239394073,184716
track_01381,Country,86.78766262336309,0.7324243746663615,0.622178259842856,-8.29235672903775,0.05652170985813688,0.459828657491187,0.19421479965316438,0.20345929917801464,0.7688170062493954,193696
track_01382,Country,109.86514003804201,0.5046003886700452,0.44068628785137876,-7.810153991784588,0.03762359733762149,0.5803383976888722,0.010166419706824659,0.2719525989178686,0.7283923996267947,218315
track_01383,Jazz,114.88496672783175,0.6594998837818159,0.5335738362405648,-14.097999218895811,0.09074351397472732,0.5234770196162007,0.934613890888897,0.2620297578301102,0.41444836312951483,280100
track_01384,Reggae,80.4688965920345,0.6899469002139949,0.6561710320609643,-8.186570830295834,0.05989166146188982,0.370091005206812,0.15369624585746122,0.1799952298174284,0.6517522587377177,235300
track_01385,EDM,124.61493640681283,0.8089019943875432,0.9950761747934824,-1.169318519929237,0.042632850251342364,0.12387385661839,0.014907625050832495,0.15327898332419393,0.7873561958414459,288262
track_01386,Pop,122.30036013486756,0.7972664627500017,0.6574551051312612,-7.475328907427978,0.051906597180894985,0.21695204508610552,0.019788541608351914,0.21041533925624956,0.6170999300748026,199944
track_01387,Pop,110.00991735570211,0.6309828496595701,0.6651566283342689,-7.758339301055044,0.08916560434061296,0.40042587325297274,0.009785490716803397,0.17358218756321414,0.5066464906908642,240112
track_01388,Country,82.39363556662497,0.7312311786785042,0.47176001235079923,-8.135263724705535,0.06806440693788277,0.6699077860832818,0.1562897779438029,0.10875678413397499,0.7079089006695108,191339
track_01389,Pop,110.15839494731408,0.7483296602486965,0.6891828320280764,-3.072126850478269,0.09954322140777826,0.27957257817340453,0.000605763505480117,0.20409668287810967,0.8935712806806472,228408
track_01390,Metal,173.89985043272404,0.4064111274372627,0.9836456111393214,-1.0172294591205953,0.07726839874060012,0.14588399865085136,0.11162854568813106,0.2181372292764504,0.46169760272758825,257538
track_01391,Classical,79.00390233259206,0.1227327169799985,0.3300491026022181,-22.261083001493954,0.04819940532911521,0.8333614640519146,0.9018627688524392,0.3998592479384845,0.43508731336016726,384388
track_01392,Hip-Hop,81.93217194026063,0.8074437086103414,0.7396017680196153,-2.6791408060435895,0.3483252740751335,0.03110074064467103,0.0002728744513015746,0.16280007512242534,0.558965506593771,213534
track_01393,Blues,96.578967063598,0.6742802729199999,0.6818747260382045,-7.4725229199578695,0.06429956625497357,0.5051141324550978,0.14526267438383367,0.1952610537389724,0.50419414552555,290721
track_01394,Jazz,106.4785469884051,0.400801298010299,0.5386134933991078,-14.69592085645271,0.043819082220077646,0.647991606858104,0.7965209548938886,0.3569732717927171,0.5644335069075419,378192
track_01395,Reggae,98.69939777331724,0.7752035339301553,0.515442705220141,-9.89286226781015,0.07413915087786763,0.5473252325504734,0.014005487699972164,0.23281574756841464,0.6584193096825723,270962
track_01396,Blues,85.97814867595046,0.6977162289950091,0.6250609350093312,-6.20171627735078,0.06790012078160157,0.41824574408433834,0.15497205373933037,0.2708840818762789,0.6261286868421354,278470
track_01397,Reggae,90.74290665741202,0.6974933148100692,0.5333171398100052,-9.972954658489869,0.0923140989109883,0.6388265512661253,0.1800678966881075,0.177705754547404,0.692402288446999,206623
track_01398,Rock,139.17975349395752,0.654355999486503,0.7336357750488096,-5.438851754634927,0.10313601637277674,0.2546925602202348,0.2779413613678974,0.256323908831205,0.7962060461800851,233709
track_01399,Blues,80.44775008009142,0.6817216279839408,0.5777579447562996,-7.10976725181993,0.08549098661621002,0.6292451563409058,0.06825791667199342,0.25292537820555894,0.6913026072430446,283024
track_01400,Hip-Hop,79.82339074149985,0.8061962916746368,0.8976929183650064,-3.557635819952772,0.5328833264876992,0.0077114580328982996,0.04973983513360965,0.20566734246240503,0.5162400407682398,221880
track_01401,Country,107.57628572597544,0.5451267799610993,0.6854626440266495,-9.645163527906446,0.09886334941982315,0.6573301278599225,0.13205455655243425,0.2469991000528843,0.5218076017756389,207793
track_01402,Metal,164.17934660623507,0.5866334731171261,0.8002469049205777,-1.786391699784204,0.05530525744536667,0.09228112676770335,0.047735821374876225,0.1894650082223273,0.5851281448890412,322775
track_01403,Classical,58.821056612797925,0.16849125705932705,0.33899751215495133,-18.27446303160763,0.03521231975115052,0.963569288612086,0.9054759386110307,0.4097550124970886,0.3756403222997243,428081
track_01404,Classical,62.15888465943761,0.28549225604868533,0.3250102293840712,-21.160692893772353,0.029058540890832846,0.9612701951610867,0.9460705526921371,0.22259369703713894,0.4876221591107464,558153
track_01405,Metal,155.56866939397503,0.574006859260467,0.8952386927113112,-1.3970814045545676,0.04671693902076178,0.04530572904539987,0.09904060177020711,0.22309537805237772,0.4174496995840668,275381
track_01406,EDM,122.67289737357734,0.9041150633582087,0.9543140340969067,-3.2654333981455137,0.05761158119734333,9.624778862349359e-06,0.27953929633979957,0.21007664706167456,0.7481355456247998,253352
track_01407,Rock,134.12730757229056,0.6253982773640048,0.9006452781880497,-5.844827055362454,0.06345635548632361,0.30642667691460823,0.18918731215959972,0.15165189064869058,0.46485800142729805,192493
track_01408,Reggae,89.19152696474308,0.6150393108419158,0.6285777821285514,-10.326332249093694,0.07782558788281943,0.6227246734992287,0.19326214177848255,0.19091922139094403,0.7358654691927813,253425
track_01409,Hip-Hop,79.48152614922856,0.8519635377769478,0.890985614345156,-2.0746770268306074,0.4927079471150334,0.2660963273615968,0.020034936384860282,0.14921572099044336,0.8811550451539438,252178
track_01410,Pop,122.86478518960797,0.6573319314280437,0.705137149780013,-5.052078561233248,0.09226720532777902,0.21679040346622577,0.04603069489751741,0.28301998152157254,0.6568272212209489,193302
track_01411,Blues,95.07133493984954,0.6764594029921924,0.6242732754563011,-9.563727396049227,0.05412310041719848,0.48325534516965585,0.1372868263805081,0.2483933410628586,0.7336620944767889,208645
track_01412,Rock,152.60069396170175,0.6363630207582622,0.9699850440170981,-9.390340243731815,0.12394817393473183,0.3505038014725851,0.282863144146047,0.23577998648131343,0.6000260767547667,271611
track_01413,Blues,96.81772973319806,0.7961485450450396,0.71167046062267,-7.986719652776555,0.042249156827520416,0.449791159301835,0.11308854670302367,0.2594413143412065,0.6314314368942728,204854
track_01414,Hip-Hop,86.5096531750151,0.8301863403465481,0.8885231064511102,-6.293233048065092,0.5284955966904502,0.17243287370168123,0.07007984615580384,0.18356349035622485,0.6116830155857074,159363
track_01415,Jazz,121.88086457710108,0.60438355909444,0.5957404052245565,-5.861146785846326,0.08274704588271867,0.7608947056222329,0.7484571766897783,0.31525296656132523,0.5340489300228617,419105
track_01416,Jazz,110.87769672569385,0.5727343044476201,0.5931155578362706,-5.385294694920722,0.04758792268974808,0.8856183333089249,0.9408499132750622,0.31062343529499803,0.5634380724753885,241280
track_01417,Rock,138.14315503871356,0.7747869786397035,0.875781168906252,-8.52917619637349,0.06409080723825686,0.3761339871687358,0.1281431775329935,0.27609564490203686,0.5839728786501556,266416
track_01418,Country,84.32953427193993,0.5916317146705075,0.43800718267155775,-8.992274773795515,0.09442522197397021,0.5369851100199167,0.14443678387185216,0.11610327053170665,0.6930393632379451,224690
track_01419,Hip-Hop,88.90714459732764,0.7496350507069734,0.6010405377730486,-2.7750361384901927,0.3979348325254108,0.124349257541685,0.0446334025720638,0.2696549201334457,0.6351568578373842,179811
track_01420,Hip-Hop,82.87403523363558,0.7049390822964517,0.7269262109561713,-7.373815402733632,0.40514634678597383,0.048566047006976094,0.03287937599934202,0.26385240094440576,0.5642797305930815,287213
track_01421,Metal,133.56174562036506,0.5367788990973854,0.8849678396218541,-4.653290001251225,0.07310154371467549,0.11936564427304806,0.11830204395380035,0.2221644414327853,0.5156519244617,260211
track_01422,Country,103.7445880719912,0.5587652512525103,0.5676385346291806,-7.688495689828469,0.06217976779138581,0.4461868906370892,0.06315351184503411,0.2715294242844374,0.7692675229658492,245047
track_01423,Reggae,84.8600296339128,0.6743255236876804,0.7790718473129161,-8.903276180247802,0.0881526141385934,0.6708738980240836,0.1948691649954573,0.27966440393827385,0.5952215987476908,257099
track_01424,Reggae,92.39559563891386,0.7629915934985805,0.6755495559510043,-6.587837888999203,0.06775141788463541,0.3815535687747306,0.004797881495904166,0.21182765376795043,0.5483138536644768,194684
track_01425,Pop,115.00820628343031,0.7193574054711769,0.8099852042867284,-7.563297929430278,0.07918594113897415,0.2502803097688334,0.01749256935151964,0.16153844873061463,0.5840299827160312,210569
track_01426,Classical,75.60270477118586,0.28387896824173564,0.2526554935749645,-24.040508953067114,0.02954961186333358,0.9660286730105189,0.9971492056473213,0.30474662044035555,0.3163801702208516,525573
track_01427,Jazz,94.42305529602181,0.5851798861400928,0.4944420368594282,-6.340944473379222,0.0646227025233376,0.7687953300676588,0.7804645368281528,0.28596710724353824,0.318413512624545,391686
track_01428,Reggae,92.14430245162816,0.6127657379181316,0.7891747371757489,-7.630157352367268,0.05038891367117765,0.34670654392813405,0.07402452409550868,0.16152946492376827,0.5837764342743359,291145
track_01429,Country,88.76489654616552,0.6339491615467361,0.4922912824300269,-7.064364880143496,0.04572318415207413,0.4161325383846147,0.15584533021645108,0.22821725679193167,0.6022218067133038,218100
track_01430,Hip-Hop,83.52227599370494,0.9324957044153941,0.6985995393316335,-3.2707059116329757,0.5674240003792839,0.10393481330659994,0.08453117813301048,0.24215473663335949,0.8617123346648025,274390
track_01431,Reggae,82.89165475970483,0.7844646122957338,0.7077691974542999,-10.266477180680411,0.05109998185011877,0.3921470653699264,0.052712777837103486,0.1460366982668003,0.6975519341577189,299170
track_01432,Hip-Hop,75.14639359077215,0.799878574511704,0.7230341649615472,-5.345811205020846,0.5606278160183304,0.18337635192682725,0.0020433166071525013,0.20381984835243672,0.8049805183943018,226552
track_01433,Reggae,89.20318950347676,0.6557170345694131,0.6734120334886401,-8.340358352293805,0.0688674414021829,0.42580494814904524,0.02755995440879815,0.2484752765745276,0.7639570306527963,188096
track_01434,Jazz,110.44369200091967,0.4175856911840742,0.5219726134766649,-9.102448108895564,0.09682657684873536,0.6264572972488827,0.9226537114885469,0.21638788662994538,0.5524982883046476,316206
track_01435,Blues,89.03394999525793,0.6460995035132826,0.6525238098582036,-7.382309701102952,0.04268513315161621,0.5863109406664331,0.1521522375167725,0.13323645686468386,0.5503644285130709,260224
track_01436,Reggae,94.42099808457213,0.7823937159726452,0.7379719099521705,-10.767012062880763,0.08904588455283219,0.41062592496624983,0.1844796054865018,0.2418173362847699,0.735580268302666,225021
track_01437,Country,98.64624388466643,0.6593571190938173,0.5847530067606979,-7.851302700974379,0.059664022274566526,0.4954770332899362,0.1999036262830906,0.21601289079687785,0.5276165963292387,193654
track_01438,Reggae,99.13936058586879,0.7569824308901458,0.6154011874392302,-11.250212392794134,0.08576006898325853,0.6396652280574482,0.11747723815176148,0.13224736168692913,0.5045667414474473,297401
track_01439,Classical,64.37482470717605,0.2501126197176943,0.36358571671149387,-16.750252079290828,0.03966220093070713,0.9846264638681146,0.9883520093674169,0.4147475956382113,0.3454672453748692,412716
track_01440,Jazz,130.20139034250164,0.571628382018452,0.3892834274164278,-5.043295489808912,0.08084902539721217,0.7042183384460283,0.8679510408560769,0.3247502150804089,0.655322060918659,310713
track_01441,Country,102.12233779581162,0.7033137377804748,0.5463261128712935,-5.476255035927398,0.09074187410701864,0.5174170079409999,0.0027139139808031844,0.1509853132041818,0.7744745123253227,230442
track_01442,Metal,171.15178856388602,0.3345937566546024,0.8318484788019785,-2.245133701664471,0.06554283367331407,0.04076373603697665,0.16938468362195905,0.15625895910564896,0.5378956749944842,336226
track_01443,Country,92.53130425763266,0.656240879273304,0.471587273123919,-5.180123461694915,0.057590932609376214,0.5375675446871956,0.1292844108231118,0.25237422679074784,0.5693345914544335,249820
track_01444,Classical,67.60656486518798,0.20281049105870952,0.3955286570019394,-25.294611243065862,0.06333668594218096,0.8869942751663401,0.9652458148487953,0.26146616860753263,0.38818599304704093,483618
track_01445,Blues,95.23056552923788,0.7130103172580806,0.6845369868954851,-8.484334184182403,0.04101584501545948,0.660038724585247,0.16539576549680618,0.13483353618422428,0.6239819532136608,225728
track_01446,Jazz,148.3216631821878,0.5504219673128329,0.38091022957370513,-14.149294022542328,0.06618606648968484,0.8349979367646392,0.7123263348902276,0.3168354989073051,0.5586218547657805,278741
track_01447,Metal,142.51038914710446,0.5276162602520327,0.8121195392924987,-1.410190096493218,0.03858062739744878,0.03170941734986983,0.16812858895464253,0.2738565846047777,0.3278919940337401,298192
track_01448,Classical,81.24353540151644,0.2817513633866576,0.32188299958099803,-27.860000570328015,0.04628825428217401,0.8262810743610928,0.9987699192761083,0.299911527019602,0.4341322167560248,495340
track_01449,Classical,71.30542292428359,0.2349007557532475,0.23979453461144543,-17.891997324989518,0.025649828531169788,0.9767845083922525,0.9543777308839886,0.21204051513048283,0.567960850263959,489692
track_01450,Rock,142.14864709463865,0.5702899892671164,0.7437364105661689,-7.45192261256083,0.1117064712000516,0.3226488588312268,0.2440256749292043,0.1592631665594676,0.41425307529589195,246355
track_01451,Jazz,101.007061350545,0.6905232366073453,0.36394154260771294,-17.135948234738517,0.07964373820895046,0.6214221515002238,0.9816314833043169,0.20327209859533846,0.3023013049293205,395428
track_01452,Country,97.66301186473821,0.622015614978368,0.44900920657027316,-7.032882622178294,0.05881627736189905,0.6670988576027106,0.0018507840433926949,0.2952539610065904,0.6873178292887527,259429
track_01453,Hip-Hop,89.3201370398978,0.9289409660452793,0.721884182768685,-7.230746288070135,0.3671429775286592,0.22086179305656764,0.06774255192128897,0.29344146032113805,0.5057954722380333,263120
track_01454,Blues,87.06764328559348,0.6162389181640648,0.766921692869126,-7.951853453865896,0.097037468156219,0.35925648708895025,0.19871299987066304,0.22885457319393535,0.6702482598443189,269484
track_01455,Hip-Hop,77.88806081062769,0.8073852938488022,0.8973144518396851,-4.555267437355869,0.5080800668540231,0.20337852673842555,0.08207008362860635,0.2888257198030759,0.7635272392832214,237721
track_01456,Country,96.66266738778239,0.6329356829036603,0.5548905462628774,-9.883506640740606,0.04977284612292486,0.41595560244014484,0.1800309502895311,0.24504463255702708,0.7988345510578737,251827
track_01457,Country,117.23240516505885,0.6756502416974407,0.5841032130030687,-8.133689385426395,0.08583946014411638,0.4330460918738881,0.11379916694073429,0.15466344460282014,0.6847287103019055,207553
track_01458,Jazz,91.73102524011276,0.6249865303312234,0.38537422171429464,-13.700668637783215,0.0630590581275023,0.9260475090235227,0.9314112336616671,0.376692630428456,0.40998364415876126,241063
track_01459,Country,88.5484219745352,0.5694043204432453,0.5940734222620624,-9.906257332979706,0.04261656255674289,0.6789791988627111,0.1327155246817426,0.1611102228446427,0.5135910272183506,264862
track_01460,Rock,142.03830734052767,0.6686669749532632,0.9284521929029571,-3.9367545484846334,0.10236534831594575,0.34477137591443713,0.09368567276677656,0.1685761176114451,0.5722670758131361,189554
track_01461,Metal,153.30627908354748,0.4411338941620893,0.826114666157328,-2.4257661239491477,0.06403144578188011,0.1985816384104227,0.12576196035882156,0.2600275884767883,0.38048635526664976,317715
track_01462,Country,101.19336379026149,0.668762979572997,0.4870460904879924,-4.781357202498867,0.08233046836331825,0.5273312812002681,0.14210583452999243,0.27353777543622837,0.7926956394173814,265731
track_01463,Hip-Hop,86.56724881652056,0.741784197296084,0.6758688820471114,-3.3023477547278466,0.5226398356873913,0.0762549198133185,0.09409646143463674,0.1430570450154383,0.8974488859856129,165322
track_01464,Country,95.46432257937742,0.5981269226378507,0.4391047619987452,-8.076940269042318,0.04356169580255341,0.5865518759482058,0.07137103062759134,0.1590014522487714,0.7271399575155116,217018
track_01465,Rock,147.07106160106562,0.6369360209587185,0.7322497962976726,-8.087162818110924,0.07827295488282776,0.32478787349933114,0.021894814419285258,0.29786409852779194,0.6864054563731374,271140
track_01466,Reggae,86.41250698957789,0.7124163802872145,0.6780294221151664,-6.095571710841928,0.06506429058662576,0.512953885229779,0.19826081188222222,0.20636901667183583,0.6720728263256048,209059
track_01467,Reggae,92.53307829961551,0.6021790946050686,0.7610339123326597,-10.469671681187986,0.06735539642202251,0.6409391203810552,0.16478242549132582,0.2783854956252112,0.782125037789758,237564
track_01468,Classical,72.44007629649519,0.2594599316363987,0.22813990575927148,-27.5920564903741,0.07960498143654855,0.8851292665944638,0.9541552547376162,0.4423885192291282,0.5843504540479734,423652
track_01469,Blues,85.12656840641212,0.6913257978302283,0.7455119161609685,-8.166744097407262,0.09313730940753684,0.5851222369566762,0.11056800175281056,0.25090759523022077,0.5115047152776222,242547
track_01470,Pop,135.0131795686616,0.7850934842601776,0.6724115025951812,-4.0358462394978805,0.09223222128226079,0.37793028218236613,0.018745491900449895,0.18608760130229612,0.5830728331857827,234497
track_01471,Metal,161.88699762330108,0.3703955607909224,0.9520421044384982,-4.373618953791488,0.05202408446492071,0.05487003277107394,0.08472438354425393,0.23586347313133899,0.3331831683915089,352443
track_01472,EDM,130.48563828678104,0.9490192289491495,0.8979571956122533,-3.9012436780796635,0.05029809586947427,0.00791911435981556,0.2714309404265854,0.2637100502388882,0.7903282082777139,285116
track_01473,Classical,67.85229227062578,0.16544862580000969,0.39519579659331827,-28.47020453491736,0.03838635145539665,0.8765444320854592,0.949345899372194,0.20492192861808464,0.23294485272331222,407041
track_01474,Blues,82.52017377360151,0.7108004163371192,0.7303314710580417,-7.194532558295355,0.07402149476335664,0.45889313589106373,0.17413890045123076,0.1919545086516521,0.589775841682679,186959
track_01475,Reggae,85.95087021493069,0.788111852151369,0.5721344376224239,-11.334980667239485,0.04415709408665355,0.5018460440397848,0.1283422964568576,0.16545872871417744,0.7070779225379242,275959
track_01476,Hip-Hop,78.39705350245089,0.9143336612307191,0.8449701629217714,-2.0870223716474863,0.5809514942705536,0.10685914917567842,0.039927538401557716,0.2491929694956519,0.5536331087819932,195820
track_01477,EDM,131.84045216236115,0.7731208607762315,0.9043625757495041,-2.447907450819171,0.04444421917796289,0.14350935365766676,0.1798909445589943,0.20165540078863514,0.8931357247673026,209590
track_01478,Blues,84.7315358803119,0.6119347720674214,0.6416550819903403,-8.382675559922403,0.09128099248557212,0.5929396278591592,0.015860494950677272,0.14183253668645301,0.5935663052644843,238612
track_01479,Blues,86.96217294613963,0.6494175769606423,0.6919012026679863,-11.467654408659305,0.07435179241742704,0.6277144945136413,0.15330475532088617,0.13023433965646508,0.7744195204336416,222164
track_01480,Classical,63.388077443274796,0.16936044395760075,0.39103052929946847,-14.38424308040415,0.036955449952251945,0.9127883539288975,0.9404326122849479,0.34698955289813893,0.3420664765562834,446628
track_01481,EDM,122.06766546861019,0.8434637082255577,0.876913149886325,-3.4811926699111044,0.06423657901728178,0.15076765183707533,0.1036347401919447,0.1869263283230418,0.7766813671501385,236316
track_01482,Jazz,140.35487253585222,0.44796059657113535,0.4418951299956401,-8.559913640351688,0.09983230863845807,0.8937043142154509,0.9631035876828561,0.4243497082804664,0.6581740403024423,317338
track_01483,Pop,122.29843035114983,0.6227198512378427,0.7788107392802839,-4.321556256648977,0.11978376225084408,0.4075421082759255,0.019128685290780337,0.21144971032370907,0.6466203752666361,198235
track_01484,Jazz,117.31007958190453,0.4655367782305978,0.5400201228752968,-12.464517666159349,0.0823645789501789,0.7849545401063809,0.7116070763500715,0.43886413070537017,0.32572967781161977,414133
track_01485,EDM,124.31885838913735,0.9237330946664553,0.9959880509129608,-4.268537486394051,0.04183146169974079,0.0031748843587695585,0.23608964759023693,0.16229286653628253,0.7355349877367325,194678
track_01486,Jazz,120.31393803583791,0.44121059637247084,0.44020761816815424,-17.660972730258827,0.06777068545947865,0.6105014461623239,0.9216193316387209,0.2082704722507537,0.5218985215327702,396150
track_01487,Rock,133.2058043905711,0.6992217103051567,0.8834941998212795,-6.686503190697577,0.08031097181107368,0.3661209288747205,0.07354440596923538,0.219493017104015,0.531646165157931,273730
track_01488,Reggae,91.45290173937269,0.7897118000931521,0.5580067057530173,-5.6937405423527405,0.04849031805401591,0.5030640831504599,0.1287326734528747,0.19249337462008376,0.7855512306250426,273640
track_01489,Rock,153.5280214968051,0.7753481161271585,0.9651532912553029,-4.10627523136344,0.14349495263300444,0.26121375637411226,0.002076028675448027,0.10331631960910287,0.6178556222471433,180084
track_01490,Country,107.5883905635983,0.7404478759528046,0.6501847767838942,-9.34739061067734,0.0316231181110585,0.5496914070611304,0.15516587034294724,0.16278051063344146,0.7103714833712683,205673
track_01491,Jazz,131.88592559123603,0.49856053497886177,0.33076443777739395,-16.027213997262795,0.04786171034873794,0.6473661378883457,0.7785464696742397,0.391313427166014,0.6817984113819118,299056
track_01492,Country,109.94518116028478,0.6859094163899299,0.46089142810731887,-8.788397652154671,0.07875048755842698,0.6600119590568418,0.04824216789942588,0.1382249949952859,0.7010917643872258,239924
track_01493,Hip-Hop,85.40013544173773,0.8713026865846172,0.8744069463433433,-4.752957019171368,0.4509582217736897,0.08719863640447906,0.030519383443995265,0.2593084132059291,0.6796116982343748,205958
track_01494,Metal,174.01578138999446,0.3563507886853712,0.9869589440121056,-2.946587358975596,0.07460790665949071,0.08870403687814993,0.11952866933267668,0.10641890243858527,0.44085066968230024,312273
track_01495,Hip-Hop,87.42796960022001,0.8484648162413816,0.8245757180135408,-7.096398359434444,0.5824816010717984,0.18628992833014757,0.08470711376911369,0.14932135273604713,0.7957651557591847,256691
track_01496,EDM,123.64244702833422,0.8584845900487811,0.8573708867787622,-4.4811601691768965,0.03714567723673811,0.16472064664307856,0.031237428731218164,0.1933854776480649,0.5781092484716885,297602
track_01497,Blues,91.62118650633172,0.76381149113387,0.7662740145768704,-10.183670452997271,0.09096469527695918,0.3779175134550407,0.08266845282976308,0.21165192624971985,0.7141672889222097,267905
track_01498,Reggae,94.72864556325116,0.6367287699736794,0.603710811455218,-6.355147819954301,0.050425341773789406,0.3438656885971193,0.10318780129313686,0.21173939279605297,0.5270723953002252,299726
track_01499,Jazz,108.27996032241555,0.4946914381601961,0.311132553461489,-10.226753255697824,0.09930922870203046,0.8170233837346244,0.8083229351631358,0.40037309034370305,0.5286063684094304,313917
track_01500,Classical,64.0926144641557,0.2218830207316198,0.30280046828257223,-16.084273871531458,0.06373792562587285,0.9302859624392034,0.9094228088940868,0.40859170328068894,0.48991306270975504,313144
track_01501,Metal,159.8086351821509,0.3345649683750156,0.8970776598553942,-5.452783364483656,0.07415927893503313,0.14163002092325,0.048227403542000793,0.2773381386633573,0.49137051871479576,249885
track_01502,Pop,122.01940977219026,0.6721121862094399,0.7709946692051026,-6.525035265080101,0.050629600497220185,0.3533431647892382,0.005663454157946119,0.2318582945576428,0.8702437793427751,212895
track_01503,Pop,119.86338993771768,0.7775813036118894,0.7371934747331907,-5.671175383497419,0.1007594238607177,0.4432216716025382,0.015147904059781815,0.14418355343517814,0.768079666525977,257684
track_01504,Pop,108.78938427311671,0.7044472320432259,0.6681120547943538,-6.869426848821902,0.06781436353876416,0.15397333718412579,0.02983891138041768,0.15616521373225115,0.7459777446631618,247907
track_01505,Jazz,121.42632207498207,0.5534592833428043,0.3814529780213666,-7.593037225691862,0.05122282989205297,0.680330562091593,0.8666535118217207,0.46016333075460936,0.46742039006671066,417734
track_01506,Pop,104.88280372004105,0.7853722272355946,0.8203477496592242,-7.342769916758938,0.1058214244053417,0.1476592773890376,0.020400511574876837,0.164763706911655,0.7342367300881817,183687
track_01507,Rock,137.42638011090511,0.573816452609279,0.7678489751381066,-4.048661027050852,0.0670503583575452,0.2015689026879241,0.05909791675168216,0.38839741543486506,0.49789757623953207,210472
track_01508,Metal,169.4984027223499,0.404342894875775,0.8587957261516137,-3.6237254869598567,0.040744048604639455,0.05684211738381269,0.012415696806407217,0.1607940551942011,0.39621122800907077,356849
track_01509,Rock,134.73100895246913,0.5619316653431443,0.9313169712719396,-3.246765295403013,0.06108024861533898,0.34547764031063477,0.06837979720114631,0.3038801175475251,0.43344538761261053,256037
track_01510,Blues,88.6801658875814,0.6538379782389436,0.7777537846200971,-9.971743778547324,0.0639064416917384,0.6362716444618324,0.08765491650935886,0.1476824503589837,0.6642632962682892,288985
track_01511,Metal,153.48453423023784,0.31756242658502337,0.8802458361961212,-1.9006154408696094,0.03632825119069902,0.1343683943608935,0.0007231723543135393,0.12194748944249,0.405255103730546,246287
track_01512,Rock,147.79874528430793,0.7744462680758621,0.9292005086442173,-9.206335032750983,0.05546367066196835,0.28640654649776637,0.12582507866906772,0.25125231113137,0.780616974040907,216133
track_01513,Metal,157.19771817901244,0.5779864045715766,0.8858246635563777,-1.3056516304534282,0.07957002707760678,0.10533196522228319,0.057608801956970115,0.2581553617145158,0.34779322065750445,320417
track_01514,Blues,87.20640873073008,0.7709440272821186,0.5617517860985829,-6.582055506029982,0.040497508489098735,0.3519233844660576,0.03994008321325664,0.21943987053182756,0.558405501890056,214563
track_01515,Country,113.44959666174148,0.678427025568581,0.5987571731151111,-9.962286724788452,0.03995003193662726,0.46698926473062,0.05439116920776992,0.12928530832978,0.623094665442167,247816
track_01516,Jazz,110.7993655729022,0.4930880257860322,0.4030294145369249,-14.461182887747881,0.06065882671909252,0.8935461487251638,0.9242814003653135,0.20138009086779554,0.4185526093978876,267560
track_01517,Jazz,122.12125458856504,0.4969969298580247,0.44356761452410576,-12.31596873823322,0.06403822265128167,0.9649212468168531,0.9231649332827506,0.2723904926764892,0.5342228749279474,366631
track_01518,Pop,127.13645854196477,0.640869116351358,0.7213674551964285,-4.005115549804707,0.11658272675947931,0.4558296537905865,0.022866834000790415,0.22729822027419044,0.5922784493794612,192135
track_01519,Hip-Hop,90.3619439616369,0.7305024684626901,0.8947638605853366,-7.925651216112985,0.5658360034389494,0.10610177231849006,0.013269058167776272,0.13147163505090703,0.7804714873417083,186469
track_01520,Pop,115.94235078393986,0.7923199061420364,0.8321812428401882,-3.7876060247155046,0.05063222648584553,0.3677718657720539,0.015231734435714628,0.190900002344082,0.5376122992536907,217429
track_01521,EDM,131.12831201668018,0.7012350762512393,0.9571541439459716,-1.7934055991840587,0.03186531050935169,0.15803342744904408,0.06735631054113932,0.15316410814452497,0.5374062729877493,253111
track_01522,Rock,142.1820597302779,0.7113295461942786,0.8363390520524409,-6.78015180542114,0.11037660494859834,0.17631664248491472,0.2255669374925932,0.14593405927172004,0.5583002421143951,189646
track_01523,Metal,159.80263196311637,0.5193813065938002,0.8915074008954081,-5.742946965067319,0.06450145567109114,0.1284665241115702,0.136305946224911,0.1422404982698099,0.5387095227435597,287596
track_01524,Hip-Hop,83.43014552592162,0.83408820264761,0.7637490028962748,-6.279161377572794,0.3750402313011127,0.0014298391444609205,0.03966103420554004,0.19702059678781308,0.7971214982621195,220963
track_01525,Blues,89.15873869110531,0.6733441380256495,0.5145087396785786,-7.428045124273137,0.08253536784339202,0.6715164869159062,0.06736580066304576,0.1514737459756467,0.7178259510712612,239172
track_01526,EDM,129.51111495245394,0.7987978110781386,0.9798444303949455,-3.6966143658275676,0.04572887035216945,0.10098955255801692,0.26778460022670947,0.27375148632101115,0.7297420281215512,198344
track_01527,Blues,89.37190019661932,0.6790067264553505,0.5744180808538893,-11.729309691868329,0.05912931376636353,0.6170499605803315,0.07202181771832852,0.16467395104687066,0.7825259413734754,200378
track_01528,Jazz,115.28704083064714,0.5442602375908677,0.40208594012951904,-17.343549585588743,0.09635486337250654,0.6580398593397525,0.9402074390722857,0.41460410638624223,0.6163670401112515,242387
track_01529,Jazz,103.01136925366504,0.6836673613660722,0.5018911211789681,-19.190787847458317,0.049312406750757,0.6999169988213249,0.7650313037152815,0.2913876708548992,0.6989964643504706,318702
track_01530,Pop,115.75202236660076,0.8044819770504927,0.6760633208524405,-4.304798062507723,0.08240815656019986,0.339017749810888,0.020791999071528445,0.13239658538596485,0.5712118118421454,229914
track_01531,Rock,150.48364885635422,0.5062510478786243,0.719871850626506,-6.797731053879628,0.11852648834018271,0.1473122934135854,0.08149539586475815,0.16960186038454217,0.5596204874684617,279199
track_01532,Hip-Hop,86.77523835727547,0.7580760545145695,0.7590237305951326,-5.938268023237173,0.33435263577367746,0.015851512486664197,0.036534653214422744,0.10946877290988799,0.5416825750151405,255781
track_01533,Reggae,94.71884392399662,0.6443001562018374,0.7709670874912808,-8.561717596992779,0.08073300201335815,0.3583422235534018,0.05156078339839385,0.21722142358744456,0.5957081805120048,238327
track_01534,EDM,132.62288932931426,0.7935012998433223,0.9281107593288096,-2.5642731860959556,0.030184397438926727,0.1299361675890768,0.12663646711505452,0.16833966809804457,0.5376587009132894,189714
track_01535,EDM,129.37424619249137,0.7126500212261695,0.9602005795271186,-2.801923746659731,0.057967858934114186,0.03492644069920388,0.1927072052358571,0.2188141308703387,0.8022645007671776,212177
track_01536,Pop,101.87070755498934,0.8411629131432599,0.6801224093163405,-5.708672588015959,0.10048998840184781,0.27334048277225576,0.03966077680065946,0.23233687124733296,0.6642116455786864,242907
track_01537,Jazz,114.54478091883162,0.5816249753055247,0.4505214663008097,-15.522449141794267,0.09303077798423479,0.9506943077677865,0.7875052030439833,0.24672594217758195,0.35963696830812536,291305
track_01538,Pop,110.49189710088822,0.6398755486204059,0.7183350555238063,-5.690329635700713,0.11188771492439599,0.21848417592001482,0.028032622932048876,0.24869997285681927,0.7383659180199625,232915
track_01539,Metal,168.38413105076336,0.37351691677612286,0.9121505545558873,-3.2834703671667276,0.07947260550700418,0.040901262679824704,0.028198679673195493,0.22233441552608407,0.36710764299961895,275504
track_01540,Hip-Hop,86.06691777180487,0.9431222721298876,0.8839517986192373,-6.613381852136012,0.35126890446364467,0.1682217861487637,0.05867772882231501,0.23245001427613005,0.7965963703947234,172169
track_01541,Rock,135.92968173053941,0.6712766455401119,0.9531556174605922,-3.5551809118121316,0.08829880405815607,0.29190643064362876,0.0008940392346992842,0.1759669922540169,0.5114848414987784,255885
track_01542,Country,106.07255017754922,0.6520338082307857,0.4677109211410329,-5.873173998202412,0.08560807069243614,0.5362800995096677,0.1751442596138335,0.2709633129138236,0.7634173858375501,292898
track_01543,Classical,65.1263105531996,0.24339977161662377,0.12996020587659698,-27.194353828006463,0.029581370747725044,0.9857779653311036,0.9683235545138168,0.39662825033093124,0.4221973985859968,472195
track_01544,Classical,71.61274593803103,0.19798322232089893,0.2629868965120975,-24.401244567394663,0.05256468316744961,0.8337737384299466,0.9745645797384526,0.4470047481211657,0.5423503119677041,365032
track_01545,Pop,131.05690107820843,0.8220016615827137,0.7275533005910776,-3.153653778257369,0.11689896912432103,0.26497179600510345,0.041031112714157686,0.20865356831968307,0.7047023550228698,188186
track_01546,Metal,151.24676432408955,0.43196856060767475,0.9137028826781779,-2.3643514074335306,0.06874299518254293,0.12979643964756882,0.039788123009278545,0.17942460512102382,0.3213672086207165,238277
track_01547,Hip-Hop,75.72007626168423,0.8401744543660665,0.7315503744823731,-6.280306649301634,0.3286210302615476,0.2675515372034348,0.0011373366004648667,0.10033049762839424,0.8307190959054185,168123
track_01548,Reggae,95.45880682050726,0.7454205655427313,0.5045821514188654,-10.413168413320406,0.09830936201571769,0.6234417008695339,0.11335996876094222,0.1473721418880718,0.5043110617780246,257162
track_01549,Classical,61.65238120658083,0.26839983313326554,0.13646232079725823,-20.330803139402366,0.0429780939914553,0.9024574168623886,0.9887482517068172,0.4967265019568319,0.20810854907310336,518850
track_01550,Hip-Hop,84.6013810188701,0.7215416733503537,0.8545758567600017,-4.717888311339788,0.5764776930039954,0.2749870121034338,0.09205077894865825,0.1155570400400936,0.5483831047018094,299949
track_01551,Rock,133.68169310104054,0.7845200526036273,0.9905716045147595,-3.454182795505898,0.07941828027720968,0.3369123021906541,0.196253807710218,0.15391199976567604,0.6142059606708616,224420
track_01552,Blues,98.29520511551125,0.6982545836208944,0.5502118554620408,-8.832709647099604,0.07064697943092879,0.512683598632421,0.16398008599689165,0.20346689969589904,0.5692351767541026,232763
track_01553,Metal,167.00810019092933,0.43707520509952136,0.9315344499751002,-1.1362648478922885,0.06719518814579545,0.013476794825953476,0.033506710194534904,0.2642902205919496,0.4004386622920977,258466
track_01554,Jazz,122.95840096281297,0.6981101570164614,0.4409618170909022,-8.932514592411152,0.042925172637166144,0.7312955103465443,0.7560044634451393,0.45217146551395304,0.6359633328064284,395879
track_01555,Hip-Hop,80.1178670415423,0.7501855457914358,0.870064950714182,-5.019252449421825,0.527563476268984,0.019315231778604246,0.0416826503924852,0.23484805613286755,0.5533625925112853,202464
track_01556,Rock,140.67539779069946,0.6426030421209659,0.9213077820494918,-9.865879723457704,0.14110081299577248,0.33215041825463576,0.11825702602923988,0.21520369765578765,0.4411547230994022,275052
track_01557,Reggae,77.37084157097696,0.7636189790091761,0.5546202836834074,-11.606425589230648,0.09687362936108052,0.30151127408139083,0.19536586437517037,0.24577067397475316,0.5985496759093483,201053
track_01558,Country,104.91779889600691,0.7230902701949238,0.5155092043698476,-5.848550613035455,0.03943551604677642,0.5622453933567284,0.18434084511090273,0.10558716089147668,0.5802672085180426,251868
track_01559,Jazz,121.96727164125662,0.5139924773375224,0.5653158502361575,-16.21743341502221,0.06719392990599565,0.8195087144633815,0.9632394849015333,0.3573863304858125,0.44940985112495313,285869
track_01560,Country,97.47710271629387,0.7435636861440659,0.4725082592951291,-6.915766904724743,0.06740493070301809,0.6598504335376192,0.06078162727636432,0.259608488670683,0.7913022173834036,199856
track_01561,Reggae,84.98283094620885,0.6880967302679356,0.6070744704414546,-6.845578961174713,0.07850512462789297,0.6035684151625065,0.16400835823973783,0.28459622654682953,0.6292810195353943,253923
track_01562,Rock,130.31175885965007,0.6147207488469648,0.8181010686927255,-3.00754244075667,0.06597624404749326,0.3461361813771066,0.01595150556550614,0.25892979561575213,0.6146766714224049,294715
track_01563,Classical,75.7600345001284,0.17339527467929,0.11331670036207538,-22.6172818407173,0.04993477239737455,0.8422919018773773,0.9173136791273833,0.3525249654072551,0.43436169425101756,513685
track_01564,Country,118.10873233594492,0.7437856748465252,0.6137880889333932,-7.727140271372799,0.07493887215865636,0.5714578597112107,0.10490800454079215,0.22894037976236875,0.6612878966541086,202313
track_01565,Jazz,96.59637033669424,0.4979352311252509,0.49229823483784674,-19.968777314751197,0.09808439685182455,0.6160395440940111,0.9751296305749022,0.2327044233603518,0.395234872817829,284758
track_01566,Pop,133.54662133859586,0.7580746337685427,0.7356030982073406,-4.0255583509937605,0.06362925776003346,0.4928302039869835,0.021872911364858527,0.28996865296111907,0.6532463457987331,225306
track_01567,EDM,137.4651807270176,0.9418797969513102,0.996512072385294,-2.750883621410239,0.06389400112572355,0.06039604539078727,0.1115438618791994,0.13296437659804525,0.5836738371106921,235631
track_01568,Hip-Hop,76.4749561363077,0.7532771060444072,0.6819222880105641,-6.790513482559788,0.3892237910028922,0.033024767758012254,0.03703478712854224,0.17378583906287898,0.8229069826421636,285157
track_01569,Classical,71.69996041472174,0.17805577279771045,0.30396548953148017,-24.081523778747336,0.03597873893587848,0.9148313332863104,0.9979264598033218,0.335940154616051,0.5750547881266322,544290
track_01570,Country,100.61164883156657,0.5633334801602412,0.4840869852941172,-4.689006806464382,0.03561806839900621,0.5816342817901637,0.17209108321919742,0.2843485500703067,0.5038061762698607,208147
track_01571,Blues,86.23855589119266,0.699060330737922,0.7792497247452463,-5.723793293615152,0.06024285072898874,0.5125471455285355,0.13947670481752936,0.16800185338158108,0.5194637654281815,220909
track_01572,Hip-Hop,86.07772817504976,0.9003049228370854,0.7637449264656937,-6.222838218707947,0.446727870868051,0.06565946492862465,0.018512715057321796,0.27198844744837714,0.8779243417864555,260003
track_01573,Pop,112.26632805224068,0.716691492392476,0.7723528273869552,-6.668731573328172,0.05144068583985112,0.18560113912800602,0.009246253835458447,0.10680987631071251,0.6285261664105285,183069
track_01574,Reggae,97.75461827903578,0.6924319427249264,0.7745986833996952,-10.564406176196174,0.06766592527804663,0.4844412740802081,0.16215229362952768,0.26491517406588894,0.7277808258990176,206453
track_01575,EDM,127.28671523929636,0.7444207334514543,0.9098059858422676,-2.0614669857546613,0.055419572130930794,0.08229934369390544,0.014580402238348555,0.22534398458990237,0.8732120617067887,216834
track_01576,Rock,146.74264847379146,0.6634505464066983,0.9852248818126776,-7.434226619137307,0.14761189237295733,0.26269002220722537,0.07274077299091726,0.15749931610474235,0.45667796690409274,272300
track_01577,Pop,118.33402483523791,0.8350912660101161,0.6314276361281178,-4.803986215599398,0.11674156694360358,0.16478299937576313,0.037202134090000054,0.16415715946867693,0.826841569487132,207258
track_01578,Pop,127.11330030237936,0.7376199981410225,0.7470119295864094,-5.429794542107337,0.10811704695792851,0.19258126852785618,0.018869555521184564,0.2584168593147905,0.711228564694722,256323
track_01579,Reggae,89.21679812555502,0.7839383467617365,0.7121052301383474,-11.149764165313627,0.07475179680446195,0.6639737791767149,0.15999411197668628,0.18359608151524998,0.7865193191761721,272290
track_01580,Metal,169.51808785343636,0.5346294441262804,0.9389364834870609,-1.0602381589671763,0.05551562917060199,0.08543495793460187,0.057347937887858996,0.1953722583582549,0.5618614434368766,267158
track_01581,Reggae,98.0764833581928,0.7652094373074493,0.5551688067575042,-6.739038090695868,0.08565556106410491,0.5890581758323473,0.10119366269575202,0.1791077495475475,0.6184031480218639,238204
track_01582,Metal,180.3041629208066,0.4115788366598562,0.8398729463494327,-3.275732210819808,0.0786879653621507,0.13902620980368366,0.09834937002083205,0.25538285985090126,0.5212429415696966,230809
track_01583,Metal,149.0175596593818,0.5746781259053038,0.8942934154584988,-5.284397427698034,0.06558062014238855,0.13268086904852197,0.1925731139562895,0.18830326493754965,0.38033879194942777,183830
track_01584,Classical,71.82771501293692,0.24662430501605387,0.28518330676912673,-10.547783301984811,0.06272989878821794,0.9866322959876432,0.9991578794779581,0.32852934326980576,0.26011800534771085,514730
track_01585,Classical,64.04831000924821,0.22889047283294797,0.15422209196176648,-24.851902230412684,0.07328681931082262,0.865351135066403,0.9566646718354167,0.3192698026367531,0.22961251496236545,557030
track_01586,Jazz,115.6289045797666,0.49733519609390187,0.41377233592862034,-8.256548469914982,0.08553739907269589,0.8991426383242453,0.9861312220228012,0.4386672495184353,0.4630432812871563,396120
track_01587,Country,90.92285724812513,0.6195899905691241,0.5970897090967946,-5.061564900949913,0.056219699628012834,0.6750343674343333,0.06485443098612258,0.20617195506544084,0.7884085400106842,298214
track_01588,Country,117.28419666234687,0.7101223891521713,0.45507133079594414,-4.589957048638089,0.06544530917413559,0.42014949778166655,0.028262548898832042,0.16179529215736344,0.5130672741064254,204754
track_01589,Rock,132.3432138201576,0.7060366905075155,0.9578072435549356,-7.290612111785395,0.13507416239288308,0.20204260622432715,0.05910476388450579,0.19889164729831707,0.643742549571197,251710
track_01590,Country,92.23635978537445,0.6734021486209589,0.5670159054628071,-7.493394730940779,0.07027578848839316,0.6205743717905916,0.02069427454135586,0.21065728319618848,0.7473250498742916,190352
track_01591,Classical,75.13042923365815,0.1468195838047999,0.3924923687808731,-16.70406017939083,0.04714561318800234,0.8315054651107033,0.9533221002308132,0.24943276604813547,0.37179667147913753,390690
track_01592,Jazz,131.65382782140287,0.46217396867261745,0.40843324629750066,-12.660033797263576,0.09754280030405477,0.9797313974946313,0.9308765562750569,0.4940420865090021,0.6992063263297836,252199
track_01593,Jazz,96.87650742217699,0.5784310501831471,0.3997873599620519,-9.114534578252888,0.07478722951502356,0.5728533058737545,0.7930805856039647,0.2664342325730467,0.45612528502059413,276062
track_01594,Metal,150.96736294894512,0.45202885718523295,0.9509047353126578,-5.054140681991453,0.07732364146487233,0.06856902137643373,0.0600497693832277,0.23703571563604395,0.5416549886049187,188190
track_01595,Reggae,92.54417447270403,0.7533607330413915,0.5102589456712499,-6.208417620436682,0.08646885750726205,0.5677160952612743,0.1520044838175807,0.29588507916638773,0.6293338663455049,281038
track_01596,Rock,143.2731974272789,0.7593248936404808,0.8744263433957852,-4.894750147612744,0.05840473078508358,0.17922221118872514,0.06760079492344388,0.3063938732936673,0.5396163982762074,284442
track_01597,Metal,163.28009717983406,0.39659816889802946,0.8597430374249231,-4.474525094232437,0.07056968561722055,0.16633069752203902,0.06594449176553352,0.21851806948889235,0.34167996883213636,303438
track_01598,Reggae,91.6976497413183,0.6373570844513071,0.5553419630799572,-8.341877902798814,0.08038726828586522,0.3301660209066112,0.11566427972850019,0.14924032868969214,0.7019894183059048,199970
track_01599,Country,108.55294213202313,0.544516359581183,0.6373434896626216,-8.204826963209648,0.03944968985314446,0.5267687995058045,0.018193969685371215,0.15264873125464934,0.6114000075282039,296063
track_01600,Metal,173.33749048627516,0.3203654135597096,0.8771271920841252,-4.521446148880756,0.03084971247935654,0.039194532246652015,0.07917671311776986,0.13948574168011418,0.4807194954583669,332908
track_01601,Hip-Hop,89.31843034708486,0.776851731399133,0.7125475993753092,-3.647996408820749,0.44427530277259586,0.16693631357875197,0.08413466637474487,0.14137766109147368,0.8956742114110361,234360
track_01602,Country,88.9443180048225,0.5970122577372059,0.58204235038073,-6.058319564731889,0.07047446657086129,0.6964167155872326,0.13821803729903306,0.28630392551938355,0.5353799584685524,188948
track_01603,Reggae,86.94728659311374,0.7957631267992684,0.525650587347853,-6.942594706823452,0.050376690512252395,0.30296053579845933,0.10028374176958009,0.13224305975193862,0.7896398767944732,276311
track_01604,Rock,129.59752576321242,0.5767469075144126,0.7530452073339378,-6.186925863409508,0.09639172824392767,0.1681734483664184,0.21356917509200565,0.31987428975085164,0.40839199793357334,204680
track_01605,Reggae,89.28869984666817,0.6869220083171543,0.7096330842085394,-6.995826395575095,0.08571775604774119,0.6321929300344777,0.0464501292804739,0.11327612145587021,0.6140794635839963,291183
track_01606,Metal,172.61385458082873,0.5344159709171101,0.8078567364453582,-4.458494480658958,0.0586648685043332,0.08191227205868877,0.056454213449820094,0.15503781448550832,0.5393370918018747,352256
track_01607,Metal,162.65979318108845,0.497010966879956,0.8944284674280772,-5.21981775397446,0.03038625706266848,0.06879519952211421,0.15029771147419124,0.2920863158631163,0.4293254777225697,328453
track_01608,Pop,122.9286969015839,0.752108036233392,0.7255179018299559,-4.948622255553312,0.06302682974480328,0.36224795217799555,0.02283004621029079,0.22404096638817184,0.5958419291678183,212996
track_01609,Rock,134.1066074191167,0.6339745331286514,0.9453942549787047,-6.9162137859429365,0.09195283473349095,0.18746568757588722,0.25167445016558954,0.25668564409099603,0.6210143753557712,281449
track_01610,Blues,98.4782430641536,0.784103453569442,0.7472581389999561,-11.542407109158841,0.06661054610680688,0.43733237566097016,0.042702956265823745,0.2817907751691572,0.7670206874943513,295463
track_01611,Country,108.23294994355331,0.5485607803584395,0.506860879152913,-8.419339555074755,0.07293591188332901,0.5033704688376325,0.061810848400069965,0.14147559608726834,0.6227081362743945,209995
track_01612,Jazz,138.9142752822139,0.5422889507470345,0.31791698669158325,-18.33824132606707,0.08880727429470707,0.8718487150142564,0.9627644551500376,0.23565834977274314,0.604166697518611,300275
track_01613,Rock,133.2219472425273,0.7755530452065651,0.9940987398629143,-6.982696093517156,0.10363929688911926,0.23508958787312403,0.09656389526583617,0.1231956378573423,0.5824270921589196,288159
track_01614,Jazz,119.25790297014542,0.6354560599111724,0.30352567787939533,-9.683101078781624,0.059143909313179296,0.612111069944709,0.9403724099076016,0.2267663633564556,0.39138401803965644,350128
track_01615,Rock,149.61901380514,0.6855330415801031,0.8217884369018768,-6.259284249999633,0.1444758279990329,0.13396440298296863,0.062314656517407425,0.3887586119759666,0.7829299394108817,226720
track_01616,Rock,137.23597516761998,0.5966962035263527,0.9241975085908587,-9.821469647079498,0.060932963181945854,0.14874584766662718,0.28694334639168445,0.31158448119130794,0.49329307364757846,188985
track_01617,Reggae,80.51999052541055,0.7995913431004572,0.659590688233755,-9.37331015176826,0.06315164880049612,0.3779837984134042,0.10244461148950779,0.18777100563360116,0.581238588904224,255691
track_01618,Rock,130.3291412720046,0.7029834344489251,0.9453548360810056,-6.403914321896934,0.0627445740882254,0.1630316926859109,0.08858443098408432,0.35442063450094163,0.5521729489954942,233918
track_01619,Pop,115.41153126403164,0.8249888165160081,0.7627697439373131,-4.338977276903251,0.056157604670914046,0.3907122209421071,0.006834415986194148,0.16790118145436878,0.8770981014002532,209327
track_01620,Blues,89.62253814276832,0.6156649112216032,0.7163985269269104,-9.20034065587151,0.08708654987621411,0.5597959656423636,0.11630316686437576,0.28027503367568224,0.5063966220442138,201735
track_01621,Metal,153.20033305067975,0.5539896159879203,0.8263807877661602,-5.823777754649218,0.04975227094848339,0.19588832839425904,0.022068445557755445,0.12034368880792581,0.5253499532386872,299849
track_01622,EDM,130.51664386922783,0.7841118967482477,0.8000402796268621,-0.5448549069437387,0.061108264406111806,0.13057150311995777,0.03869005315549021,0.17564102673830082,0.8697307989471326,251972
track_01623,Jazz,117.85765428060876,0.47209340533576993,0.4841419203526301,-10.680544486748165,0.04279240237389844,0.8038888561934487,0.8123308472047043,0.42423275759616774,0.6232422658181092,367977
track_01624,Metal,162.5900615925665,0.3498375713863336,0.8908804917877403,-4.912769937929464,0.07492471525407704,0.06072259316540658,0.11948041910786422,0.1526883681090408,0.3774057788174299,349031
track_01625,EDM,127.01804130068297,0.9053166173560361,0.8394596149076866,-4.759152284317844,0.061267116852057664,0.10837497949142028,0.15111774390807642,0.1544411698498827,0.5289268059437408,226905
track_01626,Blues,93.76371554612545,0.6037184117246066,0.6619293461442486,-5.075132783471076,0.06098437545063902,0.6862236873274632,0.01924114833251891,0.24649002317346125,0.5342989983988506,231566
track_01627,Blues,94.6435073596648,0.6181099378967504,0.7788051573463226,-8.7137203949308,0.09113704408344586,0.3050404404455083,0.05964129626750139,0.2992094244252931,0.6283514128086197,200498
track_01628,Jazz,134.63238543570515,0.43871601595282184,0.3318340380310918,-11.221247704228118,0.05457187903187598,0.5831297141506983,0.8778312159229067,0.4283929746357138,0.43286196658106574,319770
track_01629,Jazz,141.36281715124096,0.5061981551428799,0.4694447345975913,-7.927813085326431,0.05432658796555852,0.9414878674599048,0.985924693666715,0.2116910407397965,0.32364444403391485,314432
track_01630,Blues,89.83552836776119,0.7579272505294806,0.791702112978705,-7.741319327951432,0.07133036826906028,0.507589542377755,0.07728967489086898,0.1937380134458282,0.6906237749406051,288442
track_01631,EDM,122.70240932246926,0.9411284583573595,0.9661570588343946,-4.166041409750382,0.061939574504328035,0.03565985616715117,0.023329520957333125,0.26741655029134725,0.8903838327427713,241379
track_01632,Rock,116.81408925425693,0.7523566115213742,0.8946177710426136,-6.01176238185697,0.1149065300374509,0.22880282118989673,0.027408521192663026,0.3887115262910146,0.5729203079936784,242176
track_01633,Country,113.39710303961876,0.625901963473757,0.4434823202920047,-4.933079534064328,0.07516861713465617,0.6607492746492505,0.18659381489801652,0.26113957108761376,0.7875972243549005,195445
track_01634,Hip-Hop,89.92003756657705,0.8401028775039027,0.6220983216051178,-4.730868457284188,0.4658087066288356,0.26233163554822314,0.07250575002722941,0.14991047844302402,0.8553704568751428,152078
track_01635,Metal,146.5426955707491,0.4754337693191856,0.839290186674524,-1.9777983910478687,0.045295955487012554,0.06298012657298616,0.17399018878328384,0.21184057693004696,0.566190631726653,298158
track_01636,Reggae,88.9457611391971,0.7012405994532216,0.5184475013608729,-10.920594601534752,0.05317129814357904,0.6266709130745847,0.14675975138215216,0.13866145575678873,0.5830242693120578,255058
track_01637,Metal,161.40425867444833,0.43663489339204203,0.8936600397910295,-3.9462776608230405,0.041649602627296986,0.07732643844274115,0.10557927680867851,0.2056054701460442,0.5285210706637553,322631
track_01638,Reggae,92.1770782636547,0.6397856827330559,0.7784161759423283,-10.775873707734661,0.09296995806036215,0.46197168797617094,0.05385529670215033,0.13970179056773227,0.651302698972481,214620
track_01639,EDM,128.75817389704088,0.7825177001122886,0.8859703956579704,-1.949084945815915,0.06635405511529287,0.09151342471446029,0.29631886659193235,0.21856241307029994,0.5642215770568698,209431
track_01640,Reggae,85.28712284004501,0.7702265675605998,0.5577549250060271,-8.923092675489254,0.04146916664312144,0.36560421119099445,0.18816624693560216,0.2156166500729515,0.7416776988583456,264639
track_01641,Jazz,109.28080781813556,0.42086835504592446,0.4753012908243366,-10.886993130829246,0.04372911562795405,0.701155660587081,0.8242002048654175,0.30014587056578035,0.5230958961324447,283935
track_01642,Country,86.61658174678061,0.5751126975126737,0.5228884498719653,-6.615324907208562,0.05613702731831392,0.6325112279629581,0.1768929307238335,0.11194357682397166,0.6906210151713826,190892
track_01643,Country,120.6318341931558,0.7005725769953401,0.6918006370100729,-6.223897789741759,0.09121079897802681,0.4003274623068871,0.10604713854517825,0.14292950975403962,0.5282577371249412,262080
track_01644,Jazz,115.82147852064769,0.4816695826057192,0.5596528315818441,-15.749897136899744,0.062013109098249336,0.8041937889050166,0.960996012293376,0.444864246359304,0.4055439542227853,352289
track_01645,Pop,106.71794294340702,0.6277909106063417,0.7650032485521151,-5.268509650605596,0.08011400677198603,0.16097715376316143,0.020551355593465576,0.25794635266400234,0.8558484943157028,183801
track_01646,EDM,129.57654813385295,0.9416576669736061,0.8252536455845979,-4.77805147912407,0.0423857683882866,0.11763598799090565,0.2845381932908798,0.23997751571029738,0.6105411875600667,186960
track_01647,Pop,103.43187904347019,0.7333933242976085,0.7583134303872473,-4.817029861908498,0.10542963039285913,0.21484158667524422,0.03851680608484112,0.18803689612338714,0.768069076823574,181662
track_01648,Pop,122.38192515880607,0.839379387234025,0.786758660114002,-5.0056098075581685,0.07645739041535146,0.46623221985319563,0.04355406279340623,0.18524942219129859,0.5926899825258592,239111
track_01649,Metal,162.2037580583761,0.5605616485710893,0.954722393439634,-2.0224477002728047,0.05241442458498227,0.06448896635967603,0.15147115414101053,0.2586596551708975,0.5086061119442117,191319
track_01650,Blues,82.52957763849027,0.6080481716836761,0.5206821836837661,-7.005310771067819,0.04146520615863588,0.5319060035602037,0.168081019688906,0.1759883616836057,0.5134521310519738,226280
track_01651,Metal,156.473951372584,0.548597387772308,0.9447392794937325,-1.3956702345842267,0.04629172812948827,0.021005612956026456,0.08606989958608549,0.25716269383782764,0.4351305340170165,287549
track_01652,Blues,95.90358451201035,0.7507873088532734,0.733829182341003,-7.501444168436023,0.0963059089247646,0.6929193745281677,0.18937708887492338,0.26483583706878866,0.7116875660732754,292954
track_01653,Hip-Hop,82.95261964735053,0.7544063281373832,0.7315407405884784,-4.474512676631087,0.4488829027411413,0.27475981392338145,0.09386363164015055,0.12143049250783311,0.5553563512829355,247431
track_01654,Reggae,90.29591916649146,0.7638143769223018,0.7409138379679621,-5.3818461491754785,0.09985286569704162,0.6905080252964487,0.0820275971442883,0.15006568876040643,0.7275230571281188,255253
track_01655,Blues,85.5965971565003,0.7537723910718073,0.5237798533049521,-7.4042869466826975,0.043334374530922086,0.3460903285238387,0.02157325486331816,0.11049681296451126,0.5963416750837689,265031
track_01656,Jazz,129.36580341297216,0.6360610807555376,0.4816275137640171,-16.338799843062713,0.05136969813039116,0.9331707179251952,0.91754182077875,0.26396128482828474,0.5460373463497605,397667
track_01657,Metal,158.8979624958696,0.5515698424313644,0.9958928899411024,-2.611104105898802,0.07507553785670867,0.027073504100600478,0.16599872917248717,0.15424346664199517,0.4417794116526482,339943
track_01658,EDM,132.33426364565983,0.7314156374028764,0.8278068317636755,-4.085628759410144,0.062135102857516854,0.08789837329562784,0.04412579768111606,0.12005939338557786,0.6191761834916156,228809
track_01659,Reggae,92.66980110779495,0.6823699584664645,0.7205483367040266,-8.141525036043754,0.09475773988409719,0.5348508697602175,0.08014683575887363,0.27258412491364686,0.5149606526919923,287753
track_01660,Hip-Hop,88.69835016531411,0.8740867036244463,0.8821817581272233,-6.49697078523825,0.5084764093919584,0.24283898007179835,0.07021025797858768,0.142066740457853,0.6102358272291375,282817
track_01661,Blues,94.5314056008801,0.7686028709689926,0.5525499571699214,-5.67013584059892,0.06645234228970465,0.5894998610537173,0.1628194013934472,0.20102248421393798,0.6197305818112447,246881
track_01662,Hip-Hop,83.44086473562723,0.8975022540071114,0.7127160703919159,-2.027318014430092,0.5836590301829556,0.003888530147347413,0.08957427681987562,0.23610993007402142,0.7008361347264139,177428
track_01663,EDM,121.53660249645012,0.8599384959555662,0.8152437936777162,-1.8243063158256612,0.062344472101074945,0.07066628729717739,0.021355327276552104,0.23844522568258122,0.6357315000674316,232310
track_01664,Pop,117.44712729584253,0.8003443718459794,0.8161014060854659,-3.2175945138438653,0.05879486839767175,0.1386348921075783,0.04017039132948179,0.2732252118188341,0.7335045683511943,193887
track_01665,Country,101.24877658457567,0.5833661071147891,0.6260020662243306,-8.372576611863185,0.07408907276722065,0.4073744841398692,0.1257165593088347,0.2903216569467123,0.5705429128118659,230525
track_01666,EDM,130.0398877245928,0.8707994626712492,0.8422733287630226,-4.8013542331765455,0.03588800912640623,0.1931093835787891,0.13862904725783082,0.2709972029664115,0.6860176614233164,267885
track_01667,Classical,58.346973351063724,0.28372871195714067,0.2690536252348819,-22.894146863889517,0.0298615025421462,0.8946916704839538,0.97301134379017,0.38709208093129643,0.4908210238211053,354560
track_01668,EDM,132.1912478742208,0.7733320833016275,0.9590766348245237,-2.989147864787947,0.056613985290542665,0.1868610537272947,0.006187989604129307,0.10222335646687473,0.8081117008706854,180983
track_01669,Hip-Hop,83.2161767690467,0.7442632009125048,0.8276543770561642,-2.5089778412358594,0.5799820501373211,0.17890011253878588,0.04796411289748736,0.12837331723236112,0.8171159217024413,195738
track_01670,Jazz,142.5061159529295,0.6102097963306168,0.5585001776034759,-16.96076448955735,0.06138868990886995,0.9899050869446775,0.9949655694388633,0.2669689790881814,0.32657833555705124,351705
track_01671,Metal,147.99356267678905,0.48564189219912707,0.9799005520263093,-4.348259940464188,0.07249922677496043,0.018695784185325384,0.008374939794642945,0.20080903662469224,0.31789866699918146,324942
track_01672,Jazz,88.77987917035932,0.5154489924686658,0.40989213565323435,-12.945367764013733,0.07361820532487276,0.9962116332535447,0.9268701826558051,0.21076722927731312,0.585084931282605,295818
track_01673,Hip-Hop,89.0920439671576,0.8974236281842469,0.6581629198178458,-3.599696243809966,0.45056790754804554,0.22379004236582542,0.04945155505222182,0.12559163282166058,0.7279637786756956,182332
track_01674,Metal,162.3997159055268,0.3993420716775694,0.8742350993736125,-3.6901298055485996,0.04695714796093743,0.006757631086903859,0.03148313688514672,0.12302239316640687,0.4293550795697878,316408
track_01675,Classical,56.88856178213024,0.20630735939079797,0.2881670748723949,-17.204565579720708,0.055115253574290965,0.8355472309243075,0.9033593189079507,0.30135291571005635,0.3710088618241014,457446
track_01676,Country,108.80214139624177,0.6541675083618003,0.5509695321561636,-4.487854439900842,0.05929357045001318,0.6564471439799702,0.1127808101211728,0.24170859037209946,0.7660679279358669,262506
track_01677,Reggae,89.87393476501262,0.7853495542690336,0.6153254620189306,-11.348235035796774,0.05817369657170723,0.49920415753377334,0.03703033746866662,0.19331234102865236,0.7509029587357513,293848
track_01678,Hip-Hop,84.29350552097216,0.712315183677683,0.648271007415772,-6.348259185399175,0.4784597552662805,0.10829842763774013,0.08440409134460755,0.24333437365658753,0.5401824092454033,298216
track_01679,Blues,88.4157839044422,0.6355741267068455,0.5519185847602115,-7.685231326561985,0.07381629535324968,0.3704112611150907,0.19803456108368636,0.18436734647365877,0.529120798446481,285589
track_01680,Hip-Hop,82.49730245708366,0.8307272586671518,0.7949597887227,-2.741328526797097,0.4159277579539451,0.2307750540468086,0.015890543487549647,0.2402371130883803,0.8002629449886842,169481
track_01681,Hip-Hop,89.75120825858548,0.7073203461920365,0.7319292585085326,-4.934048900120493,0.4821096714789288,0.08282157370975897,0.04274799709858354,0.19690755004281132,0.7747639914732853,167702
track_01682,Metal,156.54296094372924,0.5213481982031362,0.8683166104579171,-1.0027473850401822,0.07243326558935897,0.05200467462899379,0.03902116113456551,0.1628042501166781,0.43570345589989345,310299
track_01683,Rock,162.57039875342437,0.6997298254190917,0.7230097649845358,-3.464883633086507,0.10163996557207985,0.37934476588114596,0.18956954138650942,0.22930464670292533,0.626771204614533,201380
track_01684,EDM,132.39805474602565,0.9025621111060043,0.8279109209127129,-1.0825992574559455,0.06997106103784949,0.17020848971718044,0.22554362289829985,0.23243307093894153,0.6687125938741718,183856
track_01685,Rock,141.5997449025201,0.7214568729615474,0.937197715302029,-6.408333280319207,0.09434970220244025,0.15935041516656473,0.07342175331212526,0.37148295495826356,0.7361318450653273,271207
track_01686,Classical,82.27445209114613,0.2617602212270909,0.26281671008147645,-29.80398946132058,0.04819062921439084,0.8582903295290816,0.9477550655397171,0.3214078164343631,0.5727916878229526,470097
track_01687,Blues,98.01706957524685,0.6446385919440367,0.6325167473650788,-6.8391191682284065,0.06372354867022764,0.31279860883707855,0.10147888381102395,0.24748223250790932,0.7930449227553681,236741
track_01688,Country,100.73310683788162,0.6349801505377443,0.5349815986416873,-8.54530726425436,0.07464339040330664,0.44908674785673464,0.05677295346297056,0.2563514780350249,0.6381235220076665,258593
track_01689,Pop,110.34122155220251,0.8288486599182884,0.7604718942871198,-3.180555659447558,0.09110414909137685,0.22158076266468327,0.019076027609466015,0.1351681410756465,0.7891656728805541,216740
track_01690,Classical,71.11484817151077,0.14013000309553525,0.1475467969546836,-28.459901335956108,0.07471854462090552,0.8466139667389703,0.9344163526751804,0.2841513525132472,0.36544984104431644,555725
track_01691,Pop,120.23479054093781,0.6892085209930219,0.6620235527913312,-4.447004043291242,0.10397953898403303,0.26591156127212334,0.010648945911094533,0.25578453116227845,0.7681971581116153,210466
track_01692,Pop,115.38513116285277,0.8094807695843126,0.7830648206271141,-5.696504934417487,0.0973819861729604,0.31529577929885355,0.03149005538609658,0.21934079463759223,0.766329105622237,245165
track_01693,Country,109.99979999490884,0.6164463932949932,0.4670182090159621,-4.992706600511106,0.04600390810542811,0.6446481169722825,0.09059590618362966,0.19269897745345638,0.5818158829574727,298268
track_01694,Jazz,112.09644637251658,0.6669206807511715,0.5950560923168203,-9.952362369460825,0.09182875343417313,0.7539666335860313,0.9803862521061724,0.4494759457018484,0.6967114287064156,384780
track_01695,Rock,142.29350427362738,0.5777360312814268,0.8064265513389273,-3.741962096880787,0.036713753591834465,0.27744396582232245,0.1117452097512326,0.21600776140166672,0.7538284825655069,186768
track_01696,Hip-Hop,92.46897173934063,0.7567898929097547,0.623837835951713,-4.23806960245417,0.4635145189053417,0.2015393689728186,0.0459396579137337,0.2650251694666056,0.8680718728954533,263373
track_01697,Reggae,83.6341930292005,0.6862326986269603,0.5157081122583222,-5.052233510661656,0.07045662299651055,0.30969503766566914,0.10824613175222882,0.2740707998611299,0.7317656402798608,220645
track_01698,Pop,126.32405540709269,0.8051606993514254,0.6191468068542649,-6.184724570576162,0.0686823522304694,0.1917342540405661,0.0030491658586970618,0.13807662314496144,0.6784977640794806,258643
track_01699,Blues,94.68664536217042,0.6054639023283487,0.5009743784784527,-10.03118496632409,0.09484000222055668,0.6605910325880064,0.10375238916030159,0.2106473742279245,0.5996024033951567,280023
track_01700,Classical,66.15308375192784,0.10153530361536421,0.12648932436025484,-16.513223575449828,0.04341199158179637,0.9638250203485493,0.9011979829666071,0.4420932208989291,0.2540967993214609,571173
track_01701,Jazz,110.10336660682395,0.6560813218040105,0.5109048367612269,-7.99493918276406,0.07163677070571836,0.6788600098357356,0.7006820858815378,0.28337819361287425,0.5058214187064458,360885
track_01702,Pop,112.60273856409951,0.6604844586089614,0.68851901292278,-7.258108543992619,0.060977213409477815,0.11750068000270214,0.04283625971772265,0.1439517248121485,0.8287609756245149,248395
track_01703,Jazz,121.24557299719955,0.6159698909154098,0.49541495134680436,-17.834531616954884,0.07569639633963965,0.565707797570631,0.8203709361889383,0.3706889407775879,0.5235524456408623,317948
track_01704,Jazz,126.33177172356693,0.4103307908939567,0.5394702941621441,-9.111163445059919,0.04490913427388429,0.5637077594007767,0.9677751329168861,0.43073867048653397,0.6984641184866696,326616
track_01705,Pop,124.0320042046518,0.6188797711345556,0.7461274737779315,-3.2515725371523514,0.08843570064777248,0.28204252032514243,0.0066958794348212225,0.2620378190543222,0.6495179560163649,235813
track_01706,Metal,156.95761228569197,0.5220985454266076,0.8923445836333382,-1.078220058028868,0.05281280505709866,0.02249013464670664,0.1985309494505432,0.10456414600296947,0.46496506784632563,237804
track_01707,EDM,131.2007058699615,0.7253521003575918,0.9401244529438895,-4.940188685206283,0.057301471014770816,0.1689078485718759,0.14076531589383487,0.2658161980220075,0.8126110932975479,188221
track_01708,Blues,83.74479088722617,0.7742392874436815,0.5510149678704978,-11.484942532881739,0.047163010231520405,0.36440733312969453,0.10661653213496047,0.29418241407255297,0.6071706249850346,232318
track_01709,Hip-Hop,82.32914329326115,0.8100208611343567,0.8764127968584436,-2.6708085745216197,0.5469662933857308,0.11300254424872028,0.0004493246828920161,0.23631666402150386,0.6643815337860816,262286
track_01710,Hip-Hop,78.82561261168401,0.7220013125764253,0.7883437287210016,-5.276901337721521,0.5657347073758885,0.11646332989293058,0.06794541440499191,0.14563074565181583,0.6037490134096783,252211
track_01711,Blues,89.40226616895116,0.6020425499225687,0.7576120469795458,-8.078954760356913,0.06298900018067606,0.46391154863079004,0.0926702187437739,0.11477670008391852,0.5823996234739761,192467
track_01712,Metal,158.6459506883485,0.44737037064956553,0.9149008655002796,-4.564716969404222,0.06314746367148055,0.10048044394143665,0.06694869339146506,0.2653001333961456,0.518316328898013,276939
track_01713,Hip-Hop,85.22911558008828,0.8519760791490831,0.74642854686631,-4.568258575075285,0.3334570394048614,0.12964663653259054,0.028046747093622638,0.11720523077737405,0.5766596902527977,268410
track_01714,Jazz,87.47133002089808,0.685551564089998,0.327711251782769,-19.088694056179698,0.07625151704461985,0.9830581612463773,0.8508163926864172,0.21545456778179156,0.3884874624309824,356416
track_01715,Country,96.63849997282249,0.7262231751244791,0.5546691834164486,-5.974415242275345,0.03470209858265063,0.41623464034109486,0.11729355440810946,0.27745920210084163,0.6585446002878641,229620
track_01716,Classical,68.80576839264158,0.2874389854237307,0.12919055463937026,-14.208141237205645,0.04187993034320056,0.9390779501847943,0.9930725427647679,0.35531392414562524,0.20905552937149896,470235
track_01717,Rock,143.0174768174155,0.7094860779891775,0.8891911866877731,-3.4085008358382387,0.12547307097833676,0.26712305259232916,0.06440480750205226,0.23526226942067197,0.6773528976777909,225181
track_01718,Hip-Hop,76.15319299331678,0.7641095264996145,0.7563812850537586,-3.9059200796371982,0.39563952241322076,0.21758136094830718,0.025225205090720206,0.12246744640880812,0.7198832881476379,259575
track_01719,Blues,85.90789319262838,0.7692173723544734,0.5180452651221126,-5.328995811902999,0.046083693029980805,0.615153102014178,0.10346844272712089,0.186078958375517,0.5840467357730815,225279
track_01720,Country,109.48942051547363,0.5499378493832375,0.6163723824978578,-7.325250093831962,0.09989465050030889,0.5834197060509317,0.020837920764753683,0.18390423783039989,0.5198896941155587,227689
track_01721,Pop,107.95148489275942,0.8862262059107142,0.6506791491276719,-3.9591584454373043,0.07582791466748762,0.49426393902329535,0.018407787018139395,0.17030332498214523,0.7549854515510492,237201
track_01722,EDM,124.99173785555438,0.785443216761958,0.8412867989459729,-0.34975668179235697,0.030374238716297068,0.11677245625820704,0.261229188336645,0.13726143482306935,0.7359981165448328,263502
track_01723,Blues,94.79353922480914,0.671123366041114,0.5624552076801873,-8.806039228084597,0.05248511142887591,0.4993601702648076,0.18070162107141174,0.22348670409649557,0.7566298559909234,277526
track_01724,Jazz,122.30321964635873,0.5935073924829221,0.5416612914244543,-5.8057166973024845,0.08119043110301448,0.8660456201113647,0.9686367334704853,0.48091340865743787,0.4965190199478823,300161
track_01725,EDM,134.1423324521177,0.7131755236468542,0.95061260925748,-4.977602615401462,0.04227742975169409,0.10079172753693569,0.1131066751699655,0.16149518704111648,0.8323340581872385,257848
track_01726,Classical,55.26159103190284,0.13583337496774298,0.24785448429531898,-12.52744557199416,0.06640779581108461,0.8162381431598044,0.9862072268750115,0.28214842922597794,0.4662864997359869,388478
track_01727,Classical,70.87380312552962,0.23351242035723432,0.1338651455475543,-27.129606717154875,0.04786839571758035,0.9902529597967451,0.9360784641591529,0.46324521239526006,0.24811543737028463,554115
track_01728,Metal,166.40274948513402,0.48018389307315545,0.9719749500140538,-5.983416477975492,0.03949658335987861,0.04393752508589635,0.18999321761814747,0.130738731253979,0.3110887050661681,341769
track_01729,Reggae,93.44338302503508,0.6033938869071895,0.6313218195852908,-7.318373065367645,0.05305502283207736,0.5903485544459793,0.0162457256442617,0.19020770589626307,0.7028704868572114,192768
track_01730,Metal,160.43105324228335,0.5040726253550791,0.8802625655487502,-5.429081160060203,0.065948937358845,0.16481752243414877,0.14576123980387753,0.1458229335513353,0.5869905040432839,343738
track_01731,Country,87.98787181106738,0.5120315569037127,0.5217189078966005,-6.261310959023353,0.0917787004439571,0.6969069148574409,0.16161791728087962,0.19373610374256495,0.7171113277901092,293297
track_01732,EDM,123.81129162825572,0.7478134778613358,0.9450730305687405,-2.5438574894274617,0.06998639684513092,0.1553164922089738,0.2906858965959878,0.16847030032706567,0.5492200772665031,205384
track_01733,Reggae,94.22431451887594,0.795262580022128,0.5681744273551863,-10.65018184000661,0.08060113800571891,0.4658735543293775,0.004844467683627407,0.16937237412945683,0.7420234230416757,191226
track_01734,Pop,116.47011750866157,0.8526134814948256,0.7873758797954357,-4.382315323520174,0.06978430588064916,0.10900671042812951,0.00808741450721262,0.1698946602278345,0.8886735002280803,215075
track_01735,Jazz,136.7269537774922,0.5142507640548427,0.30218189444357746,-16.215895559075594,0.07800087101134974,0.5361866715087522,0.7322927265500391,0.39411050737012615,0.6023069603797169,310886
track_01736,EDM,135.04724741551084,0.7621324060292413,0.8632856174494495,-1.240572856905179,0.05561141470298254,0.148435604289156,0.08770254759626994,0.16536972370070888,0.658687646620314,286865
track_01737,Metal,167.18178795178682,0.44922986028992284,0.9591260228594616,-4.694798333465018,0.03611265181451144,0.08503274893106326,0.18872613132671695,0.20014892164050574,0.4905777415940781,252777
track_01738,Rock,147.3577519003837,0.7204565617425134,0.7118085825226386,-4.412933148826862,0.12362730768798896,0.3010003339529434,0.029377634995673318,0.39920240065848933,0.7025636769603981,199680
track_01739,Reggae,93.63745102078383,0.6461133764478162,0.5682687983536058,-6.555190146018574,0.09775849977681289,0.42944518710058244,0.13759840372713603,0.15161609227158415,0.7783856764896897,267091
track_01740,Reggae,78.97032410042812,0.7894474950472665,0.7242922746748195,-8.179359650689797,0.0551018079493697,0.45188208905755545,0.0313386667705029,0.17069343861941216,0.5451898478861577,261402
track_01741,Jazz,121.03540835236178,0.4511378586839886,0.34210881941583016,-10.653207678579731,0.05865220703304838,0.720440116567432,0.8079996428319318,0.3945008960457571,0.4880479064265875,320391
track_01742,Hip-Hop,82.60956734901303,0.8601632914550281,0.6940923297560609,-6.65566002172414,0.5556848097788238,0.06157649953492674,0.06618043506824171,0.2935906685468264,0.7821165569999178,233060
track_01743,Classical,65.01072449741753,0.2372474979921624,0.25553070443913983,-25.870566009276658,0.03366009803296581,0.8018049109534366,0.9978419399106646,0.4484054556622794,0.35766798021128926,492968
track_01744,Classical,67.33450244995115,0.15148839902448644,0.3450406068968681,-25.818315941101986,0.04004946355082788,0.9328717383309288,0.9561112385708079,0.3382610615701443,0.5598964363918977,428268
track_01745,Rock,133.08069159382362,0.6847201500446436,0.9611870690233939,-6.794687501653035,0.11691534086295946,0.3461180058996965,0.040807927463280824,0.31174806858463305,0.7679364095954706,247122
track_01746,Country,104.89962309452716,0.6851963907221746,0.6372730220711437,-8.941383007478626,0.09556032588516122,0.6355815816970036,0.17136288742677075,0.12877176139265986,0.543010145664015,222769
track_01747,Country,126.00942327207179,0.6764037406876816,0.4141685918996403,-9.5162742869453,0.03426014062633465,0.5269450946394731,0.008369588976586862,0.24921625336626524,0.5669000543115433,195040
track_01748,Pop,104.62571844857243,0.8875780541145886,0.8249506794779109,-5.79658616406699,0.11595148429215534,0.2729063499191673,0.03349593577353161,0.1519216141436387,0.7546578103558172,229200
track_01749,EDM,133.4259445806718,0.7648686572414921,0.8578534145672065,-1.61065232991273,0.03850853179807186,0.045830837405085756,0.09157872870522442,0.23578575393207515,0.8557552369692928,210508
track_01750,Blues,88.07708778139893,0.7033121598181341,0.5245716017713262,-9.346076343339217,0.050523190245240726,0.5597753690314053,0.15156651039093877,0.14946864131177673,0.7138661447158239,227560
track_01751,Hip-Hop,79.59451076031405,0.9006355642893353,0.8215569739714181,-3.590510707042599,0.5955569069032165,0.08856899321149043,0.06447255863408952,0.2710956680320627,0.7318097735655644,203406
track_01752,Metal,175.65101440608592,0.398779162945864,0.9496133604504039,-1.912747194779426,0.0684076248801379,0.07796120613816154,0.18760334531785408,0.2320324833606098,0.472723885296397,322285
track_01753,Blues,82.5495866221169,0.7123345917677889,0.6262695567427158,-7.438338030187101,0.06902759398327082,0.5788932561761082,0.1706846539018286,0.1391114021911578,0.598829864169646,255113
track_01754,Blues,86.72907837119836,0.7168996959359325,0.5292427063703543,-7.993385518582919,0.09720786854034924,0.4368240577554694,0.12793762527588567,0.29187954648504966,0.7393970843704241,241311
track_01755,Reggae,87.44288580673168,0.7391461056064796,0.7121602618847097,-9.485604930497544,0.05318097301751636,0.6660313607268067,0.08534098016102554,0.23074122096034214,0.5099986384928767,200063
track_01756,Rock,141.6752597516225,0.6012021530060294,0.9406793074032127,-8.592222525014519,0.09376989413188916,0.3245968582105465,0.07229146047153558,0.37726098872673164,0.7465991613326415,259619
track_01757,Classical,82.17129921156112,0.1804622393037995,0.10766628539481385,-20.470347316505705,0.0465278445362228,0.9513698531003294,0.9279612898425439,0.26525935213831014,0.3023755830706505,424063
track_01758,Pop,99.77794695074147,0.8689503563921859,0.6001872023037178,-6.242623942461067,0.05797167484612756,0.45322708002008094,0.04639909527167927,0.15120168363004474,0.6469241792501853,247879
track_01759,Country,106.62349501442132,0.6740470448181957,0.6863629104316041,-7.800265421485763,0.042086056230433,0.4555038676458971,0.004071807616981338,0.21108209922385884,0.7787351656611352,193576
track_01760,Rock,95.21477711194522,0.7361168287537199,0.9223458019856976,-8.751374986447367,0.08061945630897525,0.22682737625023103,0.22798927749157455,0.3512982717328167,0.4379100485565484,229266
track_01761,Reggae,94.47313474210972,0.6620791720569037,0.682328594905522,-9.437899529912242,0.05167726843886908,0.5700283391032126,0.06126941860371604,0.2778049559732072,0.5597997379142641,248155
track_01762,Metal,179.58280853198357,0.3933470150192427,0.8002900633182255,-4.829204274718209,0.034475032044775325,0.01847698139924883,0.1385671468285183,0.14279526712781296,0.5804227088930947,292055
track_01763,Pop,124.0202915634256,0.6370066114349386,0.7094022755553252,-5.775388653255986,0.09427751430580059,0.2337631715190272,0.02092845777943901,0.10239824880565106,0.5489703644733037,211632
track_01764,Reggae,92.41106906171177,0.6551164928315517,0.7401021223021527,-7.311569077738454,0.07902047015586601,0.46832998114711766,0.19238306028225757,0.15483783358984954,0.6733116503046358,195656
track_01765,Classical,85.4484523052932,0.11053788726667785,0.37621119843687134,-14.652486054967813,0.02840858431245357,0.8437568742054721,0.9643996232639486,0.4764687812883051,0.3783329564024934,459317
track_01766,Classical,59.6725900426424,0.17802329545885362,0.34043250840085193,-19.496820824441656,0.034499768622474884,0.8413470611283148,0.9396859266169821,0.4579687580779639,0.2245791664177036,386527
track_01767,Classical,77.58031787025449,0.15322242323998467,0.21873543459216813,-15.372487514336878,0.06461408706744201,0.9722331525410368,0.9029059041905962,0.25512760434234755,0.45622870826802436,579180
track_01768,Rock,136.66139674081234,0.6911103227218129,0.8500674342806638,-6.3636916819847205,0.10627681317695514,0.30707780852399236,0.1964630216494155,0.27608366947403556,0.46233559392164736,243289
track_01769,Rock,146.32746519196542,0.5428998986469099,0.9626020861108604,-7.166219340530049,0.0631008375682457,0.19128755755445187,0.09902123784869762,0.2519691954047134,0.5415529245055218,266190
track_01770,Country,96.20976844250397,0.6116612673274782,0.497190079849162,-5.565372782747756,0.07300306787425115,0.6340090322780012,0.014865772126587419,0.1637174039914913,0.5957950551250207,225765
track_01771,Country,101.00588827408666,0.7393148890422583,0.6918075783628987,-6.149815261946793,0.05516919005469137,0.6451495550397831,0.01785109344298459,0.1581191288059573,0.795666288431855,190017
track_01772,Metal,182.39721929999064,0.3196391163906063,0.9205264800709405,-1.0093494203808735,0.035040760703269426,0.16424604253385303,0.023763249453029434,0.2339828037592872,0.4929472809177051,209980
track_01773,Pop,114.59740175045884,0.7643056178631926,0.6457976002383666,-5.927225570693866,0.09306329514612718,0.3859692505684498,0.0026371264953268694,0.23283616436047216,0.5226669235510879,256348
track_01774,Jazz,117.49311054510441,0.4449057001301915,0.5512755669362337,-15.805425079224097,0.043218012461466886,0.5630190153343957,0.8827176748582445,0.3821245891763517,0.40407326843281377,271343
track_01775,Jazz,124.2199031992256,0.42930630203695036,0.32837879459431024,-18.709941533979066,0.09858857434592055,0.8715542566412162,0.7643453102077895,0.2137841783889509,0.6860966035646133,295702
track_01776,Reggae,89.3836654190965,0.6947765746688476,0.5324207885843432,-11.116068785574122,0.06779420414424048,0.5923860126343725,0.16674978618413663,0.2092627795009497,0.6424246962640193,193825
track_01777,Classical,65.61220113205222,0.10577473013385602,0.2659929136894792,-16.39057222152945,0.06444169672016041,0.8803849908618568,0.9097019631492401,0.37529793033901593,0.33181915409527274,414074
track_01778,Pop,126.93667197192373,0.8946245703226314,0.8032251494176863,-3.4814378418480416,0.05207477082232263,0.1561345467170024,0.004238183011228175,0.15264620101305532,0.6767569967866602,211314
track_01779,Blues,99.8978365066219,0.6679569221760663,0.7249453241825017,-7.270376522134428,0.0982839392541977,0.5035067197158727,0.1075624729258766,0.14916786383876443,0.6156451672192161,201984
track_01780,Rock,120.2507762244842,0.655401335707176,0.7279786593726787,-8.834332959483795,0.06883418910651719,0.13106588264041288,0.24460254784133095,0.18906035530983056,0.7903544752079461,247645
track_01781,EDM,122.86040274174825,0.8259804544353563,0.8933345638103957,-1.0247369656081813,0.06333420456384811,0.05668856454834508,0.24634543617187088,0.1359002810582003,0.8051082218150782,202547
track_01782,Hip-Hop,89.45014638752336,0.7576337804979293,0.6145268839280333,-3.780596863326064,0.5933288365391622,0.13399739597427032,0.02596128095935958,0.1313343789166962,0.614978238956234,287602
track_01783,Metal,147.2414679531867,0.3152930290406028,0.8746557223145439,-1.7218519192046209,0.05491757554259419,0.19295675154908198,0.10072430621774636,0.15517976338436956,0.35799419917356434,203410
track_01784,Classical,78.74093402764949,0.2997806735878904,0.25562986866533516,-10.715970284472885,0.02098170312906956,0.9441926256468345,0.9627161449213116,0.4055989575371965,0.42822683570298115,488311
track_01785,Classical,64.14580339162802,0.284009771287208,0.33849585688523665,-21.42069840830196,0.024115578336041363,0.9736609149069002,0.9765039931358341,0.4372204511872144,0.4979434930902222,343779
track_01786,Classical,88.89364116942617,0.10044651062882176,0.1711828835151258,-29.068808023516088,0.0266357874001376,0.9064758275035011,0.9037256189941034,0.25441431431011385,0.29309605895633106,580750
track_01787,Rock,163.11609375300634,0.5993753740975988,0.8661085258201988,-8.19701677233412,0.06696435299138817,0.29567138331001996,0.045105037775769075,0.2851665577502386,0.7408939265692509,183708
track_01788,Rock,139.25171456680803,0.7449238864275693,0.7138219395565517,-5.036075611096885,0.11643043721661803,0.16422382643688044,0.0338325085410276,0.3249058473085907,0.49980000249491124,291064
track_01789,Hip-Hop,88.5573689369149,0.7440214896041902,0.8376064179538274,-7.641310547328013,0.5649589340408179,0.20224782665989008,0.03702547839224301,0.13809336469957004,0.8266132394268819,282582
track_01790,Blues,90.46358451219434,0.71866588050189,0.775358855226269,-11.930001431809377,0.06358718753111088,0.6399101945448895,0.08209399567735519,0.24401097504398783,0.7075774707236607,241737
track_01791,Pop,116.55918586051112,0.6652516001063502,0.7591682170003459,-3.596174941959485,0.05244395302222522,0.4315166821200783,0.020529971084488726,0.23159491505304236,0.6489618252902216,207677
track_01792,Classical,68.84028747238536,0.15085898291153982,0.10657916273061889,-11.04424970424093,0.020982065842404966,0.9648198579267014,0.9169137593322474,0.31766606858060836,0.5289969506024224,477606
track_01793,Jazz,119.89719007647764,0.509846038815183,0.4987313240209008,-14.879154170285638,0.060837301539781424,0.8667631954691516,0.7929496673617323,0.26023179450632755,0.6230584511986288,292179
track_01794,Country,111.18469411443344,0.5859701065301629,0.5910451528280727,-8.561008466955574,0.04571071062720716,0.5107488827788232,0.15561272501184673,0.14493640981262984,0.7361955171660959,257812
track_01795,Jazz,125.12948969884918,0.6642769897264715,0.40090041610640176,-15.92010535609641,0.09107634321412629,0.6970572880927303,0.9129046969171933,0.24432457352423428,0.6023352501506698,379362
track_01796,Reggae,93.52407656445916,0.7727078769633348,0.5069408584263264,-8.293093108545204,0.040257226085016015,0.6158299792929502,0.06177496841786916,0.2531181323830577,0.7834380025110717,226537
track_01797,Jazz,103.77081181231553,0.5413655046997968,0.5028449035267094,-6.067310361856183,0.04848143458792624,0.6982340603758668,0.7200968777537889,0.42756522424152277,0.47909315587254425,325721
track_01798,Reggae,85.23515583246298,0.6763926138314521,0.6681098032988249,-6.030510144354429,0.0719196663544809,0.687279924985214,0.1598104275975776,0.29061837459572437,0.719447665512903,183340
track_01799,EDM,125.38269478747766,0.7573841058635671,0.9728766850913463,-4.576611312398385,0.046342544187989276,0.16413155405711183,0.24397179955235207,0.1277565621360539,0.6950839203428838,199403
track_01800,Country,107.03877646906724,0.7286370197752889,0.6553755899902756,-7.27015782953273,0.030013640363612197,0.6702803486587842,0.02486731468789305,0.14890248303880924,0.5457083853096195,205762
track_01801,Jazz,121.97948334902858,0.5685127708739822,0.30205888817629595,-5.2850812867533215,0.0883777097144495,0.5183646797723145,0.7528990576477469,0.4463093690892274,0.33474621930878423,296964
track_01802,EDM,133.29758495186334,0.852290303259885,0.9218727423048508,-1.3673826404324179,0.05646808370568823,0.013674175862117966,0.13720410778473216,0.23280432134399584,0.6183971928662915,211654
track_01803,Metal,149.95438671985065,0.39728908759392145,0.9627656046827426,-3.8675422992022,0.04558539559812741,0.08659407945498417,0.0064574731892936615,0.2781208565630766,0.4655284677500635,303968
track_01804,Pop,106.9504838070071,0.6116842976698434,0.636415887965919,-6.387352727612204,0.07418232411442952,0.43911768921120664,0.0005600557694117603,0.2282223552939359,0.5525249744714201,197094
track_01805,EDM,132.094936376315,0.8196392666784809,0.8365789273895254,-0.9906565339767068,0.045084459242231784,0.14154583756132408,0.2511689007086197,0.29259713126877074,0.5343258130344968,285948
track_01806,Pop,109.97777900425136,0.7615610306302272,0.8495962200020271,-5.263014261830532,0.07940815653716107,0.4638222143101366,0.011709214793464413,0.1195051980593618,0.7536360137447322,211848
track_01807,Jazz,102.92306113268543,0.56426142011477,0.5974978637243886,-16.68527415000229,0.06254538271041472,0.5661200622053291,0.8822840578099704,0.4183019546923501,0.4928307292943515,368268
track_01808,Blues,80.5515110670105,0.7241776538363496,0.6617473170106549,-10.801699936173975,0.06434091403012782,0.4740788366540779,0.1965235507542866,0.26985716643110436,0.7203112364820782,238415
track_01809,EDM,122.46615351937125,0.8063445242995364,0.9206282490242955,-2.135269374580452,0.052991745871452126,0.05116785663034673,0.18981073482635671,0.2814829667555325,0.6554667786206403,292026
track_01810,Country,98.96940837200812,0.7137172561958189,0.6226097987181268,-4.9885017759025985,0.09185226211941605,0.5248451368292821,0.06920525680534943,0.11152467633683237,0.7791474865629303,296465
track_01811,Jazz,131.69345525784001,0.674196174330879,0.4753967291474077,-14.28155001635603,0.045934211579942444,0.5868921019061752,0.9039020065610984,0.20499022514293036,0.653394230563193,355606
track_01812,Classical,71.16564827886118,0.10902933245295283,0.17193022605748978,-18.115981788646906,0.022136075927588907,0.9559974803915525,0.9919922066830603,0.4883661179905812,0.49346369876021007,359888
track_01813,Rock,135.79644673423473,0.6256609159181662,0.9495932946246511,-9.365778887962493,0.07250036142243085,0.385607283150872,0.2097197738313769,0.32648174944176717,0.7030021203821906,279662
track_01814,EDM,132.99574797308594,0.9367589235365532,0.8959526382256497,-4.5944877949301075,0.06062066716280946,0.07831232068158295,0.21320806372466508,0.21591387191488132,0.7852720260623403,234799
track_01815,Country,98.61738506049467,0.7102371299512054,0.4434987296693382,-6.67227154522833,0.07749536587787209,0.4688598652516482,0.1024660510539166,0.2822814566276385,0.6536685576096599,201220
track_01816,Metal,153.41297294195607,0.5745425230886361,0.9014640384796264,-2.590331084022121,0.060944545600784716,0.0617897080731114,0.05595751723094147,0.16831399390021826,0.3655373196023076,232378
track_01817,Classical,64.01099003363517,0.264922523233343,0.3337707389759357,-17.491794960019845,0.03532036006276372,0.8208071535660294,0.9252648326056135,0.35292790860364015,0.5917851902569529,434979
track_01818,Metal,174.02487794107594,0.3600216002447795,0.9254558915384851,-4.478178026664862,0.07292521497199422,0.027883397413119005,0.19263150471678828,0.28247497830330537,0.5662587168032163,327620
track_01819,Jazz,100.88569165423614,0.4769675518746854,0.3658593059446858,-18.941630671018636,0.06087143926840541,0.9894828832259697,0.8061641219390829,0.3381609865510927,0.5612349003825501,250701
track_01820,Rock,142.91009627247442,0.7849684940055872,0.9572692421197375,-4.442345190263934,0.14419526709339725,0.16922961564495148,0.18511625838653775,0.36615903001664696,0.6496552633112408,194974
track_01821,EDM,120.50235297232473,0.9315002511765116,0.9861940776997329,-2.919527301953868,0.0457497766704568,0.06147700949734019,0.25672685787370814,0.21358305719898085,0.5358088851609821,260351
track_01822,EDM,124.96222964639337,0.7069774510988709,0.9784046611422178,-1.387419464518691,0.03426745536906319,0.010918055410239314,0.2414476090846438,0.2619721265610718,0.5482087359168196,208922
track_01823,Blues,83.79870366379843,0.6854443057724608,0.6937238346362025,-10.011925997296679,0.059896537293396904,0.3488113908260032,0.08264812886515123,0.21677145694165895,0.5349576622097951,213258
track_01824,Blues,91.03771937178199,0.7705550408330459,0.64938156905364,-9.520233875484326,0.07265560130856898,0.35329188291073693,0.001071860925119217,0.15611693673869814,0.6815017159350627,226578
track_01825,Jazz,134.35990099147273,0.5147298903942248,0.31028596548184,-9.094529286980855,0.09660064896132162,0.5809273317876511,0.8931621841049007,0.44402766819569506,0.6620268206552331,405350
track_01826,Jazz,122.29248421136398,0.5672114673154066,0.42372112702097764,-17.465461167202708,0.04444119941535365,0.6181157476549439,0.7173101408473133,0.38558358796694203,0.6182870405864401,322002
track_01827,Rock,138.37894139742582,0.5187000494475322,0.7503447584350187,-7.125198586303138,0.09178616945195768,0.16514250648785647,0.21977321377739667,0.277109386560106,0.6767042123053111,214846
track_01828,Blues,87.98212905927409,0.77454609681207,0.5844007222419245,-11.333473446514143,0.055205677719483814,0.34160339562356784,0.06448443322269075,0.20763971566436512,0.7921042863194621,254011
track_01829,Country,104.67138952419705,0.6547548401598628,0.47943532807960587,-7.207499857443556,0.09260106566750959,0.6320497102977396,0.04538877535266635,0.27577097049992066,0.5201938920264628,260119
track_01830,Country,89.65255607959556,0.6725638398530301,0.5414369022642394,-8.025632290212702,0.048559688259563,0.6776953620799778,0.058197903010484046,0.18727865188596837,0.6051024206349405,298994
track_01831,Rock,142.63249873963053,0.6739457198090468,0.9549048365799756,-3.255083661721849,0.11220486108268879,0.19828913850795427,0.09258208028134014,0.1213832223629404,0.5711088408024398,242963
track_01832,Country,99.5603772249593,0.6500041270219952,0.6218832662202304,-9.659315564462158,0.0811995363153003,0.4817965789460285,0.11437445090187082,0.14846099893930148,0.7516452716620513,288991
track_01833,Reggae,95.8612575649242,0.7790630510142729,0.7196186291208023,-10.95861996666716,0.0912719421751472,0.5474311663462024,0.12188995167605472,0.28426811196098434,0.5746494666997649,285771
track_01834,Pop,120.69783350534402,0.8433599833693957,0.8338503818043751,-3.8528878000661475,0.10092789899090228,0.1600481583253286,0.017449994612629405,0.21305737766960606,0.5307443117513558,214398
track_01835,Rock,149.97538592966325,0.6341334222445347,0.7969700731203563,-9.905189732529186,0.1256526026800912,0.19838159771079644,0.10719284082241505,0.2008018489296437,0.5994957323249352,246329
track_01836,Rock,146.78079939385097,0.6915302532282392,0.9309564830196739,-8.797153833197697,0.09911267792047641,0.30303979433383943,0.19846817425628335,0.13518696329295424,0.5377529849920153,288718
track_01837,Hip-Hop,82.45758212990731,0.9044682643759816,0.769816246825816,-2.9126934960946027,0.5923683551210284,0.2871300962640726,0.08560893463902075,0.10218947476627378,0.8542908832947826,290248
track_01838,Classical,71.70737110620696,0.27023879403535345,0.1840522205834871,-17.798633229332648,0.022284093868992782,0.9542363392236456,0.9111706122232972,0.3232064515027316,0.5269784009301206,456760
track_01839,Classical,64.02572738552871,0.15056736624528097,0.12029732094742326,-27.452576910116004,0.026729453051952085,0.9744839910035914,0.9930434848034628,0.3423566497340438,0.4521668351413381,324193
track_01840,Reggae,89.85891392089019,0.678262664974412,0.6110631401128663,-7.271016865434312,0.06260287091471431,0.5324038078200708,0.10303856216229156,0.20489212018019629,0.7488076588629353,251214
track_01841,Blues,84.02065312688471,0.7621619792964943,0.5207014517601206,-11.337978596541786,0.060533578535636054,0.3472367032788533,0.0951400042510985,0.17993517808837406,0.7165429387657152,185259
track_01842,Jazz,122.00283762383042,0.5460424112235573,0.3475742902892425,-7.632910132163621,0.06584029632455116,0.6950569617531797,0.8996146695798104,0.42760261955979545,0.3251362946481832,408897
track_01843,Jazz,132.6819079946155,0.47201007531229905,0.5392126124310541,-8.387020107062202,0.05777872830682264,0.8407770365717269,0.9111620599284849,0.36875342483142987,0.540239352908668,285192
track_01844,Metal,141.95397090610777,0.32455932119845365,0.934053068942757,-3.651124950806544,0.05192286402707068,0.17199984375636015,0.004645342692223542,0.15026298359175103,0.3364210499528239,187235
track_01845,Reggae,84.95962846809532,0.7032819692346888,0.7001717090540509,-10.646438942640334,0.05477124807321174,0.5028494983449026,0.18497894449805843,0.16880207337152303,0.6206390984302119,211869
track_01846,Rock,150.2050781160695,0.6765662266162232,0.7928203301284106,-5.285281180705907,0.13138178475223425,0.1514050728885935,0.135754729152436,0.1957563130371523,0.513343598784952,231242
track_01847,Reggae,92.28579626887988,0.6430945211701252,0.7082748313681817,-8.230217288365555,0.09916221939934286,0.4446307283916256,0.15425027056780813,0.1740156234114634,0.6190572422462126,265265
track_01848,Reggae,92.53852604388696,0.6479322371652383,0.5493452859717011,-10.885596072692511,0.04054099165911137,0.6175123077891049,0.09358624358793617,0.26083351359215157,0.6837651227596415,215739
track_01849,Reggae,86.23439524783669,0.6392108702909405,0.7723586261520494,-5.482034635651639,0.04311383447110786,0.5374413422688818,0.11284631257151433,0.17810952934489196,0.6895092778469322,225730
track_01850,Classical,64.31938385630399,0.12407334770300221,0.2619618746349459,-15.428883875401233,0.05319729210309683,0.9898057301903196,0.910149126820877,0.4166965078636483,0.5297803245718002,370762
track_01851,Reggae,81.94446121319986,0.7653757640519254,0.754939001196097,-10.370638249946527,0.058880309362678504,0.6300465483640353,0.015881648859552965,0.1651693560781476,0.6345050321122584,240522
track_01852,Pop,104.73846483079699,0.6539742589832095,0.7062155145033822,-4.227391376325722,0.10881630856833391,0.49169403701446934,0.0036992025045859524,0.14333644022919853,0.8026519369536791,224380
track_01853,Jazz,121.59709325677835,0.4698684050451462,0.5209356161116561,-11.52651971088895,0.051671740694743076,0.538202863587396,0.8779747046207877,0.20756354967182866,0.3261857939456451,281256
track_01854,Metal,158.38618104435793,0.521944900316463,0.9343030487392772,-4.933565410255345,0.046953504305947316,0.10262451256109158,0.1275688359775454,0.2085789962713243,0.44189623830194213,339098
track_01855,Pop,125.69892880851131,0.613900167340375,0.7819162511136712,-6.012835250111303,0.11744531610519182,0.32735399007677546,0.03856811561942444,0.2722362464594066,0.855538520530211,199841
track_01856,Metal,143.9934606430462,0.4190227675293243,0.9121029979376879,-3.9896479919128605,0.042035748464162075,0.06478396543333349,0.04655397124771979,0.15388752611897233,0.3280823211707161,223302
track_01857,Hip-Hop,74.20179117160781,0.9433948885504123,0.6350262108034916,-5.080203907730645,0.4225463259544303,0.029437978976067113,0.02682003620882192,0.10568824251582241,0.8507817155931828,151730
track_01858,Metal,151.46184933288163,0.5240885357894416,0.8124235801719941,-2.8509328141991115,0.04093371089579704,0.13403450832964722,0.1271658675249694,0.28473917593203246,0.4880029291861344,341394
track_01859,Jazz,128.36759253028083,0.43490998117684976,0.5485550480765303,-16.289981795917043,0.07144953389492378,0.7979736521646977,0.808746997119246,0.39916213327167394,0.400086783556852,315753
track_01860,Jazz,103.71493602429004,0.5875789082630003,0.32632039931426754,-14.918768065408369,0.048995841372400636,0.8022492962665806,0.8431339095032286,0.2012825373981473,0.6902842265135631,395943
track_01861,Reggae,92.52957927957276,0.6272577809673784,0.7264100529234195,-9.68760044078703,0.057421479257425745,0.4083109583597061,0.0697563106445782,0.1714234119187212,0.5812241015545914,234457
track_01862,EDM,127.73874268340357,0.8874310505534,0.84558010150834,-1.7813050270003976,0.06689593993169607,0.09929217569008252,0.22008372084950015,0.29422074879783183,0.7761656563580852,273193
track_01863,Hip-Hop,81.79882262191998,0.8902561751670311,0.742921415621508,-7.0245456961384996,0.3139904635933721,0.06897486605108251,0.0945602778526021,0.2690633496376067,0.6760694863696035,152529
track_01864,Rock,130.98636962950516,0.6789336768523592,0.9602740092382104,-5.199662907679607,0.07577940120563426,0.13831781938693882,0.24490145607127314,0.3825245086693615,0.555309196318506,199318
track_01865,Country,104.27802908110638,0.5955642868512802,0.49959932584335875,-5.971146753564387,0.07145673792826696,0.5947322286810113,0.19306661284629825,0.24023929391388357,0.6922696886818672,298778
track_01866,Metal,150.0653238144817,0.3850326718361249,0.9338968721616144,-5.292093240434729,0.06679058019080894,0.12912794395259564,0.19424836657607025,0.2822470726516296,0.3849908589599107,325424
track_01867,EDM,122.01117508833504,0.8480148323391168,0.8051339508931005,-3.7688717400766274,0.0436218914126835,0.1416747181214396,0.16350037414912516,0.2711977234252899,0.6338025451994027,282022
track_01868,Reggae,85.41967308382506,0.6938543692725858,0.7259250379019617,-6.47019102044072,0.06993936799579438,0.33834786988328736,0.07627279503631329,0.2864203919948729,0.5688837669559144,273564
track_01869,Classical,76.89936179231537,0.25774365650445563,0.2725324117871792,-12.74353034576793,0.05300640380414984,0.8458681254502418,0.9541701106498618,0.41388340554708636,0.46143013576596453,568889
track_01870,Rock,149.87168193307468,0.6298936298172491,0.707001604849194,-9.579381530797008,0.11134895276818134,0.21160373234379098,0.2604346719670441,0.32028194016276,0.4086720046667847,238314
track_01871,Blues,88.35397718335543,0.7249470404245926,0.7618153523887079,-8.807314781256427,0.08850942725146807,0.6131862651202531,0.08290770257025167,0.20019603268658057,0.710145503014944,268093
track_01872,EDM,121.45890401051815,0.73226718472468,0.8073205303696039,-0.5129351001450466,0.06715753018295167,0.01523413237838498,0.16490926648844778,0.20793643195103623,0.648972272167047,294437
track_01873,Classical,86.8281957242436,0.13115660958787326,0.18085193751594486,-28.002843510559487,0.07190863888626818,0.8592585975538999,0.9694476229416663,0.4460663593224584,0.5605672945517384,446843
track_01874,Hip-Hop,83.44777067379516,0.9232537333781531,0.6591758333192158,-3.5785879304542307,0.5186547058093833,0.0025509425222862703,0.022062390831025427,0.19838170293297347,0.6680138826653128,293068
track_01875,Reggae,89.66614591144626,0.7928705793280332,0.7212064430074584,-6.194657858574908,0.04629261330094006,0.5344565732969471,0.028540071965870162,0.15952420041019483,0.6870696218501804,181365
track_01876,Rock,147.19183380949286,0.5117551346033753,0.8592831193217094,-6.042802095970796,0.03945935965322414,0.2502064102602291,0.21415268401494794,0.1159681854626593,0.7041071105295849,225054
track_01877,Rock,143.78082068217864,0.527092324569688,0.9091822671023628,-8.194953711131156,0.072688017367856,0.24669759469334968,0.23722504981961803,0.14986043280071418,0.4434220940158467,265934
track_01878,Rock,144.34654353709237,0.565467060677595,0.7178505561433087,-3.5155047130094577,0.06829000885064981,0.15309268895992617,0.19135026110462106,0.33609883562998877,0.7012936662405668,258285
track_01879,Hip-Hop,83.81199558798187,0.8508351573755566,0.8881654448414282,-2.6888438482690766,0.33267241003514647,0.07979411741801797,0.08331094174196363,0.2648613817638414,0.6101482896486684,206779
track_01880,Metal,198.06717366119594,0.5195459474655724,0.80858536942101,-2.2885136649813065,0.07398863135613237,0.08505002812266699,0.08272257259701746,0.16084227545094532,0.5630814855311198,335943
track_01881,Blues,91.59257644390338,0.7314353010546957,0.6256858685797582,-8.674736038607294,0.09345460580332825,0.5581096918661848,0.09940019164693725,0.12566991248670495,0.5022012875669404,200881
track_01882,Hip-Hop,79.51779178029494,0.9390461418691263,0.8292260348973992,-2.197302034938513,0.31071261291245156,0.20406612115759176,0.0044293526403418,0.2564112937737646,0.6523800690940778,155155
track_01883,Country,101.58656611328261,0.5886879109955838,0.6778118677247496,-4.9066760224845645,0.05796543739343103,0.6978675530553557,0.010388750531249435,0.2577264440128382,0.6301509572082088,251190
track_01884,Blues,87.77429043210728,0.6074514421375599,0.752923556077957,-11.639509226433713,0.05024920818950706,0.34083198678967486,0.015585426576224038,0.10513697506094205,0.5165083141917102,291069
track_01885,Jazz,108.62857059478122,0.40020241884597885,0.4097283778178213,-6.213961763052364,0.07467396307815005,0.8637510028125084,0.9638711012570659,0.4718174743174091,0.5116100629237709,343246
track_01886,Reggae,93.12123202316366,0.7701877682466233,0.7422456305870042,-7.1079898006618825,0.0762678576469784,0.546886041031424,0.07258226892467703,0.2681835494803382,0.6853339115261783,254396
track_01887,Hip-Hop,88.14200398023736,0.9366488978745555,0.6503397801489476,-6.429096690396931,0.543490595989412,0.15548392873475783,0.045303456835573186,0.24212509047614117,0.7407699810427887,196935
track_01888,Classical,72.38197518950989,0.28441998002525365,0.1119163605555307,-24.404102482971943,0.023425166074278865,0.8389208460043,0.9123983335845531,0.41979848810606946,0.3477503765177592,455597
track_01889,Blues,98.95850029827494,0.7266275998646337,0.6698081391697013,-9.712707110619164,0.08369199721197408,0.5613021108273345,0.032560057088750295,0.2928181462611392,0.6667018726820358,222717
track_01890,Country,94.89106780762313,0.5605702900294898,0.6016176074156467,-7.7372494008624875,0.07419579703704458,0.6337214345796327,0.15220052555200475,0.17506186212713826,0.6703694686850524,232513
track_01891,Jazz,125.12677457884105,0.5858469397062247,0.38230679577232324,-7.597975004362038,0.04986086757496078,0.500424554810859,0.9857174195128389,0.3174670383290299,0.6829959203824374,405476
track_01892,Metal,143.39754767279265,0.5813219951021268,0.9304028254337902,-5.207173852778244,0.058983445648881375,0.10837910335339657,0.17414002217968416,0.17006061104259487,0.42688368301700397,292726
track_01893,Classical,77.25338571251226,0.18538490837870386,0.2789463517744452,-14.208749663580672,0.02242635457897588,0.964233201237957,0.9138648041765498,0.30752550656089594,0.38911241204442526,475398
track_01894,Blues,87.64298626408491,0.7301610485053668,0.5273119007629214,-7.959120545553732,0.04883526771511837,0.40090855148579707,0.09184225572715575,0.12186936465963782,0.79809409037557,288759
track_01895,Reggae,92.95189307946627,0.6770322769797802,0.6851905139431057,-11.999856374273735,0.07302114902028714,0.6900945221569958,0.06245300543224228,0.2189552248418492,0.7286850972936839,247785
track_01896,Classical,74.53003243452936,0.21628123137131328,0.16123788539895917,-14.041944822117479,0.022236123365812394,0.9612454648255114,0.9026645291163867,0.3970486436409051,0.2315078055659605,320674
track_01897,Jazz,141.77638211510805,0.4378044028084886,0.47637302335034665,-15.636178920086358,0.053772230808919574,0.5709553698646723,0.8049645776900534,0.478694724558262,0.31240234373242337,285252
track_01898,Classical,49.22779122924045,0.17947217955702816,0.26848049161791543,-19.743754061492567,0.07554441569643401,0.9540258538411427,0.9984823535327949,0.4383289854865092,0.3183553976826749,459166
track_01899,Pop,117.86614851183077,0.8765981310099342,0.8289347550547467,-3.543134844063916,0.11196929155776653,0.14705849559728745,0.0071757854139131,0.12355588387539335,0.5364116355201141,239289
track_01900,EDM,131.50011239276841,0.7746157591863692,0.8834272285620758,-1.675072732556599,0.03839304143794868,0.07139031390281728,0.2347687470878021,0.22875238999056433,0.6305101964604954,289432
track_01901,Metal,178.12954294465052,0.46447296345121447,0.9442963838580926,-4.323901638282496,0.0333398031527674,0.15421958520651535,0.0439448223659112,0.22325701204720477,0.54128782336642,226721
track_01902,Jazz,119.21386607221159,0.5169004960324497,0.3594002202660762,-11.18559054137794,0.08957839763805267,0.5244349793535328,0.8790853651482207,0.39295213860180256,0.5409468157393118,279819
track_01903,Classical,62.83911081114857,0.13288715665778036,0.22771785844637604,-29.289781448588798,0.07333491651776933,0.8326974670073191,0.9886017756455948,0.459073220040201,0.3806708828630747,493491
track_01904,EDM,122.9704403259338,0.7651728870382783,0.8925948023749509,-0.4518773529390927,0.04706411121839532,0.12596883537590034,0.01060524631220826,0.11556002266441977,0.5325232293213273,231560
track_01905,EDM,129.70039296178442,0.8696758787097867,0.9312341394572855,-2.764861909803282,0.05735664440123184,0.04789262016331861,0.17875457834912584,0.21084698488986583,0.6273358088521708,286059
track_01906,Classical,60.82865062628858,0.2725773216498972,0.3653594318884008,-13.445776183731851,0.07188985596227795,0.9139457338678234,0.9646233214751384,0.36715194996648215,0.514235233621168,342125
track_01907,Reggae,96.23289977561681,0.6351762983060322,0.776129907231667,-7.089786163939075,0.09153128914896275,0.3831451628621729,0.013536871053847288,0.16744185266220296,0.6550056172864795,187388
track_01908,Pop,94.16815327099302,0.8119162903675282,0.8137027890793203,-7.885470667014081,0.08961278743485002,0.11442390482490686,0.004262462250577514,0.24101680692282182,0.7942432426008467,247975
track_01909,Hip-Hop,77.80897668137439,0.8884034092851696,0.7342620631673553,-3.905610346741879,0.4986771735493926,0.03319302997441987,0.08399830248617474,0.23629498127566378,0.8122346850546659,201243
track_01910,Pop,119.80454886611803,0.6134700831660518,0.6266794121381147,-7.998795580064162,0.09878931079552547,0.3248941286857915,0.010493755451886196,0.14660098959551918,0.824387439388016,206152
track_01911,Classical,65.61687723560527,0.14754360520415846,0.39112084020487214,-18.687048732492052,0.027858914226074744,0.8812180084367813,0.9329337411946901,0.2642262405765564,0.5733759956961038,560371
track_01912,Metal,178.418509326153,0.4021134902517805,0.9034162601115523,-3.054862314376407,0.07447439022679107,0.011127676951236799,0.16467477336495212,0.29603127785618943,0.5195325174325898,328403
track_01913,Hip-Hop,85.6152234651633,0.8764850800458163,0.7806843013058761,-5.689210357299315,0.5820355230167265,0.15419602241636204,0.09698758654355286,0.2127751363004846,0.817353378673171,230379
track_01914,Jazz,97.44029160267638,0.40864462031608173,0.5144332096303869,-7.069475791145583,0.07966726045972897,0.5152621079675161,0.957375864538122,0.41973917388021054,0.45138052499359366,312916
track_01915,Pop,128.330277986968,0.8867108730645314,0.7322711410018872,-6.224925590133802,0.08674949297189927,0.4144935933083207,0.027018190289193833,0.16521051005754278,0.6354484204420314,207473
track_01916,Classical,86.91581472244972,0.280450993875337,0.32495086701532144,-11.516888267839317,0.06099374306708974,0.8369387553484653,0.9308267002986249,0.346054572531042,0.44290328214408275,591340
track_01917,Pop,109.64488140352805,0.7202230094991822,0.672176445559364,-5.011249815571697,0.11508636764771807,0.46959327975637255,0.03514803360906926,0.28123715420661,0.8854075313423073,208032
track_01918,Hip-Hop,92.0881637727786,0.8208062415829263,0.8793770760286796,-3.979951548351738,0.5462081883558526,0.03483421072362534,0.01939014150906442,0.16882169346459378,0.575296262223821,287248
track_01919,Country,71.2253796657985,0.5540100561183949,0.4900809507555407,-4.197289873030106,0.050205394020695515,0.46402784019052334,0.10724183421366669,0.23419160681405957,0.7175279333208695,202518
track_01920,Blues,87.21471768554359,0.6907145828557498,0.5983068348327885,-9.79279271202008,0.042143746124886916,0.4118552374905351,0.07100919343874879,0.10737976788974674,0.7647814446856688,254630
track_01921,Pop,111.64716525482663,0.7387945101344616,0.701620425078753,-5.68301676697,0.09992674064141399,0.2477075291822166,0.027387522957530958,0.16067385150574645,0.6414509980361931,218105
track_01922,Jazz,100.96691111091332,0.547148395491106,0.5169108884577843,-11.591921179223753,0.08821444512303238,0.7217041064973583,0.8473100859600404,0.4009914046702819,0.3884975777648195,258224
track_01923,Jazz,105.40486933135763,0.47618901305713823,0.3069751305852456,-7.04072419918602,0.04149430418477203,0.6593479189304334,0.7234739478838669,0.43442177785131564,0.6699931092284751,284852
track_01924,Rock,143.0403548529808,0.7324567604204271,0.7369942036826034,-8.196166326162304,0.14328510020829693,0.34715674014773745,0.2345483137946736,0.35936724709064705,0.6998422746329416,228364
track_01925,Pop,116.2145711088442,0.8183698817591777,0.8247661479451515,-3.7362271672435403,0.06528812948033834,0.12322401784350148,0.046256410043172935,0.2963336585275514,0.7269376774055901,200177
track_01926,Blues,92.43690240657416,0.7120752531764151,0.6519947725036115,-7.449208807209741,0.08529253280662749,0.5217538823326039,0.18765708303052211,0.2953668341300769,0.798602694982647,259670
track_01927,Reggae,94.60304546654046,0.7465666486384578,0.796785468230053,-9.135542520536527,0.08093160353254117,0.3774620453535209,0.07994198317421759,0.19831212048662528,0.5644482623300077,229067
track_01928,EDM,132.01823339440386,0.841349879496168,0.9207717124875751,-0.321372258106007,0.0564597208165727,0.15725976321546045,0.17456350436749002,0.26671606377239265,0.6054654452279051,215596
track_01929,Blues,86.17833815559717,0.7272272507422053,0.5739930126085026,-10.362501251422756,0.057172112117271655,0.5370116177814195,0.09852605678843343,0.26832719066048816,0.7093796943239938,234928
track_01930,EDM,121.81339236910064,0.8586714035918005,0.9914636731970724,-1.7391543645412155,0.06534900607813646,0.11126077229383276,0.18807836478824694,0.11396739062191392,0.5533054891537662,263992
track_01931,EDM,125.15200171426348,0.7197116295679991,0.8530960409079359,-1.5859595696504538,0.05982541088689422,0.023973025969904273,0.23356993198018003,0.17411183164341562,0.7717530675740014,256682
track_01932,Country,111.14165648875743,0.6983981802694098,0.6091548340927139,-9.766789859964998,0.06636367776226838,0.44985435204129154,0.19399290749853804,0.15116690770221958,0.626032205380767,250246
track_01933,Rock,142.30016737754957,0.704293226807966,0.9849774912923419,-8.009239676610134,0.03973912930723371,0.34784159810659954,0.2995250890947765,0.27352973140605985,0.4235237551650728,229390
track_01934,Blues,91.82425610464558,0.6252417967822388,0.7334749658555105,-9.732392333874648,0.04808533307091598,0.5201063258985614,0.003834311512803046,0.1648127381489889,0.7251927108780203,275002
track_01935,Blues,80.67967587472144,0.7548333770137455,0.5387889113514073,-8.93949521696732,0.08193595761071579,0.4628064940024639,0.01170634785507534,0.24102245226706878,0.6509594983054949,253805
track_01936,Country,113.12509343954436,0.5582167405870853,0.491007485806676,-4.755216802163752,0.06626129993309815,0.44736541896015897,0.15489617745693574,0.14169064912589707,0.623742844456872,272837
track_01937,Pop,109.92495438035621,0.8509911816644768,0.764144313855899,-6.339133561057572,0.08610780589447146,0.4862299918906954,0.01082184853161694,0.19990707954880804,0.7497946224430483,240610
track_01938,Pop,119.35564475403672,0.8333280847449349,0.813208816970624,-6.4927548719684465,0.08574787888807289,0.4430022293441592,0.04323681183059496,0.10513676861122818,0.7683667136213966,191963
track_01939,Pop,105.3208167997595,0.8819348839285921,0.6989592021892239,-5.518611704712989,0.06719083577917065,0.1000500555026302,0.04496672283665676,0.11634295140726097,0.8856995364144917,245478
track_01940,Metal,143.87642369074626,0.4123597285260524,0.8804831668725768,-3.793688992468097,0.054645481789090886,0.13238684651318738,0.14535513525037488,0.25536845727232504,0.5014818573304415,234236
track_01941,EDM,124.9324425404398,0.926834107911734,0.8360913433563362,-4.797829522424214,0.053505027137910485,0.0692361850819404,0.12171186619240992,0.1238125489725094,0.7992937965732778,273064
track_01942,Metal,155.24458414601278,0.3375782989655816,0.8489976945095881,-5.3319205718691745,0.03545606157876449,0.17649222956955027,0.13480519060173687,0.28475182237378355,0.49320364746987333,256944
track_01943,Rock,136.20790470073442,0.5949047863289096,0.8217743029382263,-3.5539653563762146,0.03966729592859745,0.33314021591973103,0.118660318818889,0.34337885490007836,0.6053608741302485,205419
track_01944,Country,98.32164567619569,0.5011925640445312,0.41999667752400205,-9.865663546427331,0.0841214098143335,0.42393373343297047,0.0034101092128357106,0.12948375467105191,0.5918884373895631,220884
track_01945,Blues,85.22841879425509,0.7399140659690819,0.7117300307922918,-7.1002379152676784,0.09125562622558635,0.33495202500779636,0.021683969083086674,0.2281234248451116,0.7861643288294564,258709
track_01946,EDM,132.82887868561028,0.8825883927951803,0.8827480061919768,-3.9872571117092024,0.056195404502705035,0.13296852990734395,0.1380551550236852,0.15398992701616726,0.8327253968250996,261840
track_01947,Metal,162.34570019936533,0.39362190548862674,0.958672002447336,-3.558152565225745,0.03710635184579383,0.17690041624529854,0.06773238924729451,0.23977184610597882,0.3871782481498822,223899
track_01948,Metal,166.01082738107763,0.33106677491125325,0.8830903547358175,-4.805262149227731,0.07769229817025956,0.1271579869598283,0.11942550676468836,0.29948770097746535,0.4837278311672262,359184
track_01949,Classical,74.42759580388808,0.10839471365524743,0.24557169070909432,-14.072895464136362,0.053615283471010036,0.8376026531548011,0.9487044299469963,0.4763824149346679,0.4468851912177107,536548
track_01950,Metal,152.9756259895747,0.5416824020510849,0.98735363213492,-5.660697607113338,0.04389892381920575,0.051002754688590994,0.07148793271476743,0.1848668526229142,0.4167514415109065,231933
track_01951,Reggae,98.54882235728064,0.7497266560971814,0.7175254390959565,-7.919248033138019,0.0916499214099514,0.5496725235763311,0.1749517694777199,0.16055315011650076,0.5396071030740007,186078
track_01952,Blues,79.58236583935464,0.745513128314194,0.6583116262802882,-5.409216499617857,0.07714662626089624,0.5902580753122668,0.05653036370117442,0.21779636871783914,0.543043173289352,193573
track_01953,Reggae,91.82507805593873,0.7472664774579832,0.6018756077910487,-11.15452124251987,0.06531304599848424,0.33493736634147053,0.023154155398157683,0.29003441856731393,0.7027660881807469,247330
track_01954,Blues,91.20578050081015,0.7844312185688305,0.51626024265261,-7.177608876108293,0.07727439356856214,0.4764166089026107,0.04806419105852107,0.18613918736905338,0.7618318176660263,199920
track_01955,Country,102.26161350163612,0.721768836280525,0.5906866923393148,-6.014871882962437,0.09362520473493119,0.6248275683913316,0.17319116727680656,0.18327841837197306,0.759606901331636,256827
track_01956,Blues,83.38607328390121,0.6352465676301834,0.6495980062455964,-5.5725397936385805,0.07352308528647555,0.4020465458559032,0.006236172826952569,0.1672603546908136,0.6717772742193374,226169
track_01957,Reggae,85.74000039572228,0.7359155785790614,0.7118453607608859,-6.061092701063071,0.07218421065250502,0.5596020590380708,0.04060976202097977,0.24735181802529027,0.7515235167920407,258438
track_01958,Blues,94.69649001678248,0.6641962947184957,0.6582459136386007,-8.134071831937115,0.04536689490549075,0.5644540587673399,0.12689629918380238,0.25389345492689275,0.5271975480977513,254442
track_01959,Country,105.7304410598968,0.7004891236826745,0.5046669439800681,-9.894218847084126,0.035162704656047955,0.4335402342102482,0.16102951563114035,0.16028695087203146,0.7993695528267388,294147
track_01960,Country,111.68132473011734,0.6298437763027007,0.693915250115736,-5.830863521264083,0.07209570237691022,0.5226611682860693,0.1804824997158101,0.15914181912099856,0.5027658782632708,283975
track_01961,Rock,155.3436927125019,0.5282738473318084,0.9289150479186066,-8.585556458461738,0.13083912716452595,0.3884595461833005,0.063713288749642,0.1234093352816864,0.593556055707156,244211
track_01962,Blues,94.61842716243748,0.660545798794389,0.7146060638803657,-7.396926792376698,0.051281029213214674,0.3447137196419768,0.13217315168034927,0.23527536713098243,0.6098448911631712,270913
track_01963,Classical,63.41531348064562,0.13865384538063297,0.32566657652931286,-13.787024048878386,0.02666999007055624,0.8081991523676069,0.9334078441669117,0.38779713972831065,0.5173678108754531,480341
track_01964,Pop,131.36643724807388,0.7931243075000095,0.6736757941541415,-6.7710338633938365,0.06088469641492377,0.15406890963380737,0.02629286865907096,0.23630140458869428,0.6810932822942543,209666
track_01965,Jazz,122.7242282219163,0.5235331871687072,0.4043681822643731,-5.279769243692657,0.09560820198638714,0.9859938410623807,0.7426896990276078,0.46737554394444986,0.43148383975498056,336596
track_01966,Country,97.88497993149792,0.7354135688232226,0.5877484429833211,-6.255543718864601,0.056209036392252394,0.4399951468843153,0.08938753065116845,0.21973526381350278,0.7172100789967413,207706
track_01967,Hip-Hop,76.69764335098313,0.9234517563468735,0.6288156790751411,-5.531343399917535,0.4220448456093257,0.2665183252641068,0.021549344504096946,0.22897908206032222,0.5537624507551157,179205
track_01968,Pop,111.12577399880402,0.7301320204981416,0.6855706781665806,-6.936617852525618,0.09227914276825812,0.4818246981392952,0.017989547704620152,0.27663137773241087,0.5595105251388999,227753
track_01969,EDM,136.89805786867507,0.8799133584222587,0.8959177169439331,-2.3842355034303204,0.031200419510965645,0.060859340311665136,0.10380512226918283,0.21174545374515186,0.7233199069485218,246565
track_01970,Blues,88.48503813063587,0.7434054592436162,0.5705632172636249,-6.608689942266227,0.04117621408277693,0.5864647538426881,0.020412220703884622,0.2459296416842438,0.6581354271705213,284253
track_01971,Reggae,92.77325029244675,0.7694430813261637,0.6143322910835352,-10.1886696915651,0.07112418614733966,0.5489261009547365,0.0840206062811493,0.275342136531951,0.657031612658004,293684
track_01972,Jazz,100.24171087552287,0.559759890786679,0.30662393521662135,-10.703977454707902,0.0958044158904637,0.9423716924200112,0.8505907661882599,0.3948925916831498,0.5279192776053141,320203
track_01973,Hip-Hop,86.17461525248605,0.7488645010738981,0.8799710073719529,-6.104961417215572,0.5076558865140351,0.24569289540497996,0.07409144612371808,0.2835165568059682,0.8457099041362834,211966
track_01974,Pop,118.1305004881872,0.6547834237728436,0.676190450306675,-4.818870662841849,0.10131330301241086,0.3138420218222837,0.003696418244330746,0.2683190453600764,0.8843497424085088,256202
track_01975,Blues,93.90197797292592,0.7823178775345461,0.5280539199295298,-8.12718568986649,0.08173187491070995,0.41055232844250744,0.11397940783406041,0.24304968520115458,0.751315772940613,247497
track_01976,Rock,129.7453015560174,0.7692190358367351,0.937510453839115,-4.287924107228762,0.06714605675993598,0.2270374820207195,0.21204067923697756,0.21131869096232617,0.5975898613101924,181496
track_01977,EDM,135.00090023784094,0.7290697097211287,0.9436113019564034,-4.27394969694361,0.06751358619714104,0.06280753613899175,0.23862970831184133,0.2042833956217352,0.5364348266351496,207005
track_01978,Jazz,115.5390273822952,0.6877120649341741,0.4129680994687253,-12.093671226355402,0.08402931322417796,0.5237237374300251,0.7723067915673094,0.4496443362031137,0.6447962452711524,352177
track_01979,Classical,63.023833128448025,0.13516986712078782,0.23044367905801702,-19.342835954198918,0.020644889945094908,0.9665846855226229,0.9512753892531098,0.24716297702492962,0.22691732500119552,405518
track_01980,Rock,133.1286353164676,0.7126713824128499,0.7174289961970569,-9.58106967191178,0.07447216838171791,0.15848918923711275,0.2804342373925261,0.27440308112192296,0.5149301597623586,196238
track_01981,Hip-Hop,81.41919871465853,0.8554516744562093,0.8693937479915037,-6.810157281821544,0.32532101930533874,0.12172563718626976,0.024545548261057662,0.21520653468782067,0.7796859348589686,175639
track_01982,Jazz,91.90613910473803,0.6147599824192775,0.49371834474015364,-6.25322342273204,0.04350354282545781,0.5837415429881203,0.8243220567011597,0.31173549305116033,0.46722064118520895,386050
track_01983,Rock,130.47622756290795,0.7360234676183444,0.7735536442517551,-5.226088163975832,0.13807447019770802,0.20512868231036865,0.008853619348470121,0.10738180873749703,0.4558011553401218,189640
track_01984,EDM,121.49946898815155,0.8870213124678583,0.8589701433814746,-1.7374511319965786,0.03169821742901455,0.05914805521562852,0.07024387040318414,0.15537610207047256,0.5762871076535198,294319
track_01985,Classical,74.45479174687526,0.2638137649612814,0.15139472614983945,-15.59777762250267,0.049133960230115806,0.8374090327339857,0.969873990732995,0.3642162736082736,0.21214955150862821,455797
track_01986,Rock,139.50181669094,0.6904961269587322,0.7432255483154387,-7.557085911023149,0.10030787649012479,0.14163490423201897,0.25581701335042695,0.10824581388631115,0.441134965987742,257508
track_01987,Metal,160.31964091249387,0.5442711742305922,0.8814679761062069,-2.2070559036240964,0.04936924497346802,0.11800101739211658,0.15562696313726243,0.12329478265924772,0.40703575541089443,244761
track_01988,Classical,71.75300054045525,0.1389647324889864,0.18050975645147388,-13.581056850900637,0.02977880577495328,0.9560466734303602,0.9675050623146364,0.2979336575422498,0.4186224580705151,529565
track_01989,Hip-Hop,89.98972181719648,0.9059566279533225,0.623932777592827,-6.756376003889285,0.3435783343124492,0.2492338598360756,0.08624466264552023,0.20559430196167316,0.5416712290032027,259422
track_01990,EDM,128.91356577397008,0.9033872031095668,0.985838027305866,-4.002621574446716,0.030445503058886922,0.06619058103015558,0.009149816894364404,0.2655949832156076,0.6966049028905006,244758
track_01991,Blues,83.73530939112415,0.7933737013074762,0.6811200814780576,-6.305408679926149,0.06976843343409701,0.5891247669491653,0.1939558416623516,0.1696810827606203,0.6512791558129837,225229
track_01992,Reggae,88.38528058627698,0.7029214620470924,0.6304409613455068,-6.207484314388391,0.0702338922641708,0.4537974325629279,0.032251269504996995,0.2641376016429238,0.6728744750363563,275442
track_01993,Reggae,99.36610006638654,0.7397441280057822,0.6381442470526276,-8.956132268881346,0.051171293138688574,0.45356582420048364,0.19815138810911098,0.1539723154236972,0.7287322726028311,271487
track_01994,Reggae,92.93887792455253,0.7187100179008674,0.7696844556743133,-10.613302995781604,0.04589479045311472,0.5762574452558004,0.16456978110448883,0.2700980377165127,0.6924933491273662,276633
track_01995,Jazz,114.01671086487259,0.4078691793306381,0.41584020047184217,-12.356956193458245,0.096756774926924,0.7611337161409092,0.9343084125828841,0.2804072037778704,0.36126337490353266,395780
track_01996,Hip-Hop,81.87608958233719,0.7618562863436478,0.8614005353013319,-6.9809007458482215,0.555475962304532,0.23185427402233502,0.061122067314060384,0.2700441355645232,0.6322840471529846,229535
track_01997,EDM,130.3729190984697,0.7392229062434791,0.9706324784100396,-1.863736059906496,0.062304387961400164,0.15482142407520816,0.08935934616752651,0.11491059497041048,0.5706017636358339,299678
track_01998,Classical,82.3290937406188,0.20566019303115074,0.28022506786778334,-17.435510470448346,0.027613596858986657,0.8386108275035021,0.9523368723870161,0.23456849383128256,0.5859917184184444,502728
track_01999,Jazz,124.03082091557896,0.674372103996278,0.40623133399134764,-9.412354072042499,0.0488922479601228,0.8454082245565135,0.7064366236861129,0.2452314520433303,0.5839525786434681,290029
track_02000,Hip-Hop,83.34453844438042,0.8193410060960508,0.8024724273515835,-3.357195210267271,0.5899444977110231,0.26659230946458146,0.07945342025661246,0.23895150334287457,0.7296622181729469,164426
track_02001,Blues,86.22396614520875,0.791617259090115,0.7848549841667539,-5.045745245576793,0.07410283477278024,0.3452575842355994,0.17603354814743943,0.12902299685152813,0.5466782978087469,212961
track_02002,Metal,153.6045504265981,0.3326128199400428,0.9037733839559541,-4.160388515208601,0.07950490596080259,0.17237280325658108,0.08775717084778419,0.29993912187095206,0.4542189739414489,195178
track_02003,EDM,128.65932468915372,0.8022107913833084,0.9479261864321883,-0.4992951714672662,0.037205662151959,0.039196852275532226,0.12261622866829812,0.13384235426701413,0.6441589942823263,182602
track_02004,Reggae,91.53175234156743,0.7502362322998317,0.5178587696744538,-9.620308712332585,0.05729030599284603,0.34172012919493383,0.07249426218640113,0.15986402182784723,0.690349768801783,188070
track_02005,Rock,128.5074041807568,0.5196469578430288,0.9214121898151182,-3.154229312627292,0.03815813558587537,0.10185031318619205,0.24953285897451524,0.13067768861147117,0.43264919217823183,296936
track_02006,EDM,135.4915599550316,0.898342008664386,0.8760871605783964,-2.120769710482148,0.05493232123756831,0.16454544424946943,0.22093553562594015,0.21385822539422805,0.7676732108158627,209925
track_02007,Country,113.55742432247155,0.690775786357489,0.6220169677880935,-5.372364302751196,0.03311104334271661,0.6685304694887766,0.17785662104233493,0.2063847978195228,0.5745782996806297,246082
track_02008,Hip-Hop,86.88360107038578,0.7468084599038323,0.7563798715687331,-2.855574983218453,0.39121183856716923,0.24323762164884846,0.09113115821756261,0.11459157794291273,0.8025698145277005,293336
track_02009,Pop,115.6734301984439,0.8122577005004942,0.6052680026642251,-4.957895940573003,0.11733364011056212,0.3644058428130952,0.04611378583001599,0.21320189162621472,0.8373514951103711,252585
track_02010,Blues,95.71053298649379,0.6678565563611883,0.6567605706755355,-8.379434694186248,0.05249109268051247,0.6106989464735563,0.05977243170532869,0.21608200463559452,0.5814566676613925,298069
track_02011,Metal,160.494226329337,0.5159836659407265,0.9781011700870355,-1.0508403395054868,0.05530319745508369,0.16161254373673478,0.11337341306364841,0.19729078919916118,0.4613137557828869,275822
track_02012,Blues,93.82216512540356,0.7904790348127904,0.658620840438576,-6.488349774869302,0.08518245977895623,0.668716441729546,0.042803573447601245,0.26546539415698817,0.7716561135514061,187509
track_02013,EDM,128.795122706945,0.8928582519807532,0.8811413919637747,-0.23932290107653653,0.05683445820345697,0.0620313617235535,0.12127840417020685,0.22355110282631524,0.5936540658049181,215022
track_02014,Pop,119.76274672377932,0.737108206506129,0.8036466348763354,-6.443386603258308,0.09027577415244543,0.18338911156028634,0.01927229754582982,0.2715079395665702,0.586395277374302,198155
track_02015,Country,106.63694958419877,0.5554216853266201,0.6803887656228339,-8.020159975253987,0.0420286598722929,0.44445062803876056,0.037454443387566476,0.18950806171263318,0.6566448173240177,191058
track_02016,Classical,64.34584387679351,0.1762029605855391,0.16524469263611624,-15.123577763212367,0.028079264475716355,0.9784566744030376,0.9409399635208804,0.38415244509649393,0.27447373704660905,391628
track_02017,Rock,143.06168098764456,0.6011495038570676,0.8333324302530988,-3.7036521068247383,0.07301806477901071,0.24415389585752076,0.27135124236542363,0.34067296539695446,0.49737237000392115,295958
track_02018,Pop,116.81750540758595,0.8235603273353549,0.7193409281088756,-7.1894739494124895,0.09317043836549149,0.45901146377422297,0.04656595997891345,0.24922047808392056,0.6054853033702408,199369
track_02019,Hip-Hop,79.3526292383302,0.918664858533342,0.8655291945758443,-7.394563492692716,0.5900952876667465,0.1599241659236393,0.09937301949429363,0.1890016500433363,0.7133133357438193,281380
track_02020,Reggae,87.63504954735353,0.6333972705884985,0.7185430052363398,-10.323140556348129,0.06848425689923805,0.3987955981142718,0.11604676468706598,0.24411475361199358,0.5993224216094529,283174
track_02021,Country,106.11749582931938,0.6193005474483047,0.44791551900612925,-8.459182137728485,0.06528537637141194,0.4058914591959022,0.08482511761987475,0.23561228073074802,0.6553263755857637,248907
track_02022,Rock,132.5581106587807,0.656298837795745,0.876682535223087,-4.890793348340772,0.06111128739026325,0.35252812246398757,0.28594270193213495,0.24971179107845912,0.7042125459879205,210247
track_02023,Metal,168.02807398567546,0.3985138269234151,0.9423958256674991,-2.734755142441917,0.058580823032520865,0.10564497304610176,0.1101955766279194,0.2699342179453398,0.5747983503012435,207771
track_02024,Reggae,92.14243640595116,0.6221623205673271,0.7685451200270841,-6.117048152214439,0.08072844061830314,0.32696585085713914,0.04171380566578567,0.2718723191382152,0.5365923302907786,256399
track_02025,EDM,123.99013954083775,0.7054868705981889,0.9780967914697728,-2.1272718022548904,0.030799510222840273,0.19846789618559743,0.1476577149041274,0.19517530163305516,0.7483656737290485,182052
track_02026,Pop,119.19191307759955,0.7861839731837922,0.7091233317358119,-5.9696906247379795,0.06626013816058389,0.11217041128108446,0.04238445971823228,0.16528201720688518,0.7724364158919388,251295
track_02027,Rock,140.9154785694181,0.7104949035094905,0.9520881377129586,-9.415010370439974,0.050314122895939985,0.18711727644578857,0.1431613444161041,0.2038163518896222,0.6023385507768213,196943
track_02028,Jazz,130.42038650532623,0.40197704884891394,0.5422870294505392,-18.157544766204488,0.07059727036015685,0.6681130965424078,0.8026267123602032,0.3432094650241424,0.6988092416078979,374755
track_02029,Classical,74.22422822177636,0.14725754160790425,0.13166474101388514,-28.996516558681417,0.02137287644118103,0.8862329296622128,0.9426725779873394,0.2556636200233859,0.5136076215084837,445977
track_02030,Classical,58.18803725493622,0.29907710043724767,0.323997645141817,-24.872056996379403,0.07720290406403299,0.8427405587583408,0.9731431322427606,0.23457749350761165,0.45956179942393366,509330
track_02031,Country,104.26493445682226,0.730871338838863,0.5562769773702175,-5.935428358640033,0.05586850595618464,0.4031168347867938,0.1513385910934681,0.2739721295742411,0.5521773431029181,245549
track_02032,Metal,166.54631435075768,0.48501827753596416,0.9910026965965171,-1.793484252113462,0.03309076168898646,0.06398217531232508,0.028474893118523272,0.28984812753742795,0.5957824698666243,212948
track_02033,Country,89.16274571733581,0.7220172551156585,0.6557514552496686,-8.031037479137881,0.03481636076299378,0.6975968321400228,0.13614085749235696,0.28531609941682684,0.6025623422958385,226650
track_02034,Jazz,108.26114925861192,0.52241419928036,0.5341873635491106,-10.82222774702407,0.07083098461121298,0.7959659421113016,0.7288599081406889,0.3432990926764721,0.6968253158156513,266627
track_02035,Hip-Hop,83.4817211138511,0.7461325860394412,0.6065405031453492,-6.466959897690733,0.41015146192656926,0.2838200957843976,0.04913726338472527,0.2112879008217579,0.8520515048192459,267068
track_02036,Metal,167.625893265111,0.4583747479689606,0.8227406997466664,-4.647419176593852,0.05284441000030611,0.15023389903557732,0.14233634966582245,0.22854164705995306,0.5640736679407032,326485
track_02037,Blues,89.78978116017845,0.7022977176243907,0.5641222746467961,-8.364825510221895,0.04844585312195321,0.4719428916069969,0.1195833716802489,0.1123999876676216,0.6196247927753176,193182
track_02038,Hip-Hop,84.91376855844501,0.9297786515957858,0.7414804203909664,-7.937656003748984,0.34861239335842387,0.03069577699649929,0.004402579580030763,0.2428034621621352,0.5769263492241609,176287
track_02039,Metal,158.60933605102278,0.47985163208069814,0.8672454577283126,-5.769798019221791,0.04850885445820623,0.10365727405871444,0.002337320707323709,0.21485800644076375,0.5679126463677518,205979
track_02040,Metal,173.17273206347747,0.5956646984668876,0.8379607917332776,-2.8502651965083055,0.056775970995547015,0.030874698248147748,0.033555941220884615,0.29785034569591096,0.4358189980862798,213637
track_02041,Jazz,115.61443513849858,0.5730959798135127,0.334610297903045,-13.072327934943658,0.07138420406147089,0.6576391491655642,0.8452561248811017,0.47598153745435207,0.5000550548718923,377812
track_02042,EDM,130.63646693689768,0.7793476072908584,0.9942808444744964,-4.532683832774072,0.053423465873679576,0.15797755903336053,0.24421229589307367,0.1396562221574084,0.6606583554739944,266532
track_02043,Jazz,123.4846506729348,0.55402202020313,0.3341717146728925,-10.263445477031004,0.06679342942204455,0.6085575254085429,0.8060152467106532,0.3476306316916789,0.3366216909057528,364197
track_02044,Metal,152.15742814029394,0.3410226136421311,0.8899143995382414,-4.855214609844157,0.07188415233886053,0.197357707614898,0.17781922709516115,0.20565485318512608,0.48843952355461334,190428
track_02045,Rock,124.34143615345621,0.5761111422536437,0.8148588390084829,-8.984914828226003,0.07051868558291083,0.30530638037449376,0.24925358401782638,0.19977468714800845,0.4934361033017456,184220
track_02046,Hip-Hop,86.57276397928692,0.7250509397884906,0.8628564396724586,-6.2597341525448496,0.4210380942261851,0.24108312379725252,0.06369870380910057,0.16172559797023361,0.5901596444498561,200748
track_02047,Jazz,140.6970232978187,0.5284537114343082,0.5030327855374093,-12.24324043047272,0.054907876282170635,0.8032504315050659,0.9210725484537525,0.4921717020311011,0.45204357872096534,323417
track_02048,EDM,124.6497015706733,0.8158740445747434,0.9283430481311779,-2.30317365577629,0.03635590049738499,0.11785460612480914,0.2659585948301927,0.18370344465301952,0.7675731297741615,273393
track_02049,Pop,100.92060292342836,0.7638321776085563,0.7997073976225948,-4.2052611520436685,0.07505681848649501,0.14483408636260353,0.0399971282519933,0.15300781789890455,0.521217506884827,190863
track_02050,Country,103.17121257813832,0.6604465744262012,0.5196083474349081,-8.418464914759898,0.09336994598253472,0.404879522235233,0.06538249345047845,0.288701116757607,0.6962099020944723,198167
track_02051,Metal,143.37763157850725,0.5318810199294963,0.8481864411357843,-1.1562072265203618,0.05552319063177312,0.056413367321062814,0.05685681194369732,0.1036599973407941,0.5077292672268869,215915
track_02052,Blues,81.82616745099608,0.6461150110251125,0.5017752615793076,-7.807814453007962,0.07047069119344952,0.4910601509593176,0.012376042249239827,0.1908869733149569,0.5862678695272097,283074
track_02053,Pop,108.20064055241585,0.7059399225430237,0.6771939440904994,-3.106236421402455,0.1152911759856641,0.3298040398099449,0.049052741920515494,0.29823960206383804,0.642375884006921,250300
track_02054,Classical,58.728674163181566,0.24370490254257052,0.30134347352295165,-15.52914951899936,0.02187479713816025,0.8197800522139039,0.9334841528740229,0.2221902599446033,0.5950358837981689,467454
track_02055,Reggae,87.45108241664481,0.6173974811362177,0.6668054829382857,-5.04955614626244,0.0487013480362115,0.33984871237986375,0.08766077608041814,0.2126662507681591,0.5883141076633821,185758
track_02056,EDM,126.74281623763252,0.9317542423018748,0.9335107599409604,-1.3666163788984873,0.05052833826600152,0.04756845121766649,0.2743155147326427,0.15553829347187,0.7958685043798539,237201
track_02057,Blues,88.33498514006845,0.6594277239135934,0.5450066749563258,-9.961753546757594,0.0748055162493771,0.6303878779341874,0.07270581497791544,0.16958030810956834,0.6404002103243969,284596
track_02058,Reggae,81.38722586059859,0.6393782895082477,0.5214548945280898,-11.680026597496365,0.04232099565388001,0.49555546258807137,0.05106272721987204,0.2380750242723895,0.6961674722121516,299478
track_02059,EDM,128.8923378372853,0.9413490297453528,0.8206555370562169,-2.699122931745326,0.04676314120181537,0.12004123528119369,0.24358938261227348,0.26828960511661204,0.7680778434822033,293193
track_02060,Rock,149.47796278832902,0.5715255937331085,0.9814403617017434,-7.8290700850674275,0.0716026889576051,0.27815793191985616,0.17643353133448042,0.27372291693915396,0.6293018673624964,277020
track_02061,Country,86.95354001385533,0.6143997827009673,0.6618637939984999,-9.483890874617916,0.032129997496525474,0.5819433542145662,0.06621226531897902,0.18358754138518305,0.6217131765974995,228719
track_02062,Pop,118.71816810994723,0.7009509936054791,0.7228300349757508,-5.801831133000606,0.05043193340171523,0.19462211123682796,0.010689107264117365,0.16985190824855992,0.569782696689722,210103
track_02063,Hip-Hop,87.00432967699126,0.8992598352161323,0.7326288592277235,-2.733109796127419,0.36979968543623515,0.17526274235976952,0.014292487554641098,0.26668013790987793,0.552232622996741,197331
track_02064,EDM,126.2831435796399,0.7683610575170488,0.9801870178694047,-4.352714590367784,0.04322681074782159,0.06328299860243854,0.2404938822290673,0.18430507995600492,0.7446268198458733,287801
track_02065,Hip-Hop,89.7207609571154,0.7280736803524743,0.717685637299208,-3.5540404904901584,0.36744508217683963,0.17693131369632378,0.015343702920906033,0.12054033827227423,0.7092930995700171,249679
track_02066,Country,87.40011715797024,0.5674209149803353,0.4180053671846753,-7.56491639200871,0.04012712134717607,0.4831723359287506,0.18936909909482666,0.26941651864450367,0.6777391503702981,229790
track_02067,Metal,135.5250485765034,0.5851883780952399,0.8742016774129582,-5.165136369764053,0.04370214459632981,0.04779330671771929,0.09974825591266097,0.1583010247909148,0.45481835165590856,189435
track_02068,Classical,69.02034267903244,0.25545975714265157,0.3130473343801693,-25.88818567087278,0.026953983154565226,0.9084900318202502,0.9198911791208145,0.225480116531454,0.41083773719176686,351382
track_02069,Pop,113.88891714843328,0.842647223127001,0.7225739861997276,-6.168391471442088,0.057646510493912485,0.12070132363623527,0.019958957171180364,0.11998507603674649,0.5414192690951931,202870
track_02070,Country,94.31384805678121,0.5678653459747934,0.6838600635930203,-8.094419982193768,0.03443949272062315,0.4501854217880237,0.17145532720825796,0.2173266918246768,0.7336341648131197,200141
track_02071,Country,91.76153068851669,0.7147843487134586,0.6810221287941174,-8.678068791002731,0.0867101151172519,0.6493239780322795,0.010880558935519802,0.24238882303565454,0.5188903645398731,213180
track_02072,Rock,166.3269147946229,0.5098510041890371,0.9164785512545526,-8.64810929324096,0.10826381546304675,0.2639727732374364,0.294538341421387,0.3506217636649187,0.5652538085325398,260662
track_02073,Reggae,89.10062556165369,0.7634642343728062,0.5648405536025872,-9.816638660495734,0.06634479918026735,0.40872994006617636,0.09226428460056574,0.10191932889890534,0.5636563918253982,194214
track_02074,Classical,54.82843791299992,0.1745462855897575,0.11218156658799745,-25.351623113112463,0.07334425552928983,0.9635948687791435,0.9574853312934098,0.33989673918863805,0.45885707173204365,564597
track_02075,Pop,125.43674365651492,0.8502815920974998,0.7305997775903305,-3.482729251311137,0.06000559127440026,0.3632757618646101,0.01244417882510977,0.22911228102104733,0.5349598756420784,203940
track_02076,Metal,157.20456553752507,0.5595362412624032,0.9614883977189087,-2.721744848889241,0.0370687527802384,0.01880881519533071,0.06900592460234507,0.2709821780797538,0.5885208810919993,299607
track_02077,Metal,140.84192503418342,0.4387273014302716,0.9085726954682415,-1.0897392702869926,0.06963178332005546,0.12589429899657015,0.07274112289586723,0.10541387062739303,0.3349582832156255,318681
track_02078,Jazz,144.8845280167991,0.6511008606162755,0.4251917757118585,-8.045816545675134,0.07187398365937571,0.7402795623972157,0.9420739454477396,0.3270462835137128,0.6208130924265474,305262
track_02079,Country,115.67323692698477,0.6765360917974633,0.5555484922973586,-6.28327108698614,0.09649427270494364,0.678205447198972,0.13086521005181737,0.23154373578690504,0.5740816080175515,223848
track_02080,EDM,126.57648604734855,0.9071216453474077,0.8161532369647158,-1.8761304148341567,0.06472704210857154,0.16777284620624988,0.11183482798255795,0.24904677061139782,0.670987258207951,264833
track_02081,Rock,134.47892459111546,0.6126989195016881,0.7781659646109327,-7.407661453992208,0.03651401157079045,0.31725442565003403,0.03500919994289198,0.10432078790444599,0.7785156405557334,202716
track_02082,Classical,71.63263485617921,0.26517925385841923,0.1366239032845287,-17.55602828649861,0.07296522849475659,0.8202244108429808,0.984969265331026,0.4395862202690737,0.4015101735356283,556463
track_02083,Metal,171.251708498789,0.3547194358744417,0.9459706493908231,-2.7420669986590465,0.03286488876413295,0.004485773687536088,0.07050569251566981,0.23843405542636822,0.39912537820819843,217343
track_02084,Pop,110.18537708056512,0.7549617975923228,0.6090786848339338,-3.2173662521136697,0.062196340861909255,0.31533623952417705,0.01978373049793658,0.18311694014892116,0.7573200664144434,222167
track_02085,Jazz,119.66130846654585,0.5563433456208052,0.3777166786267306,-9.867655690855779,0.061995152077026786,0.7407980867191388,0.8703438627551886,0.40587269897218303,0.3240206645159013,370965
track_02086,Pop,115.67944834486504,0.6218254575829895,0.7509558430570458,-3.034877799151962,0.11748874524140585,0.43166939279966354,0.013317055640120153,0.10448151929587346,0.8334166811531405,182733
track_02087,Rock,141.64497426455378,0.5416864763955511,0.83794450710079,-4.92384943149696,0.14420839621078457,0.20914882172577481,0.23540144278606556,0.30500222598451715,0.4313171108569049,282947
track_02088,EDM,132.21784036080348,0.7305054321577936,0.9411173160129029,-0.13946136049610214,0.03174401461274865,0.01876578023341695,0.03709103020140416,0.18611278098826023,0.6163120739732215,200909
track_02089,Jazz,135.02857738247445,0.4800444768004971,0.554796830628743,-13.363707920177962,0.055714509080466504,0.5053038737924462,0.9614092104458781,0.36060315477205174,0.690152833500797,329117
track_02090,Jazz,129.27061668783546,0.5054801406273629,0.3874344250295859,-9.972199274175853,0.0896881140281775,0.5960434911780121,0.8688940181805845,0.3103448753243108,0.5023111500184247,370174
track_02091,Reggae,88.38336999080045,0.7973672629699209,0.6307095921647815,-6.758490035243959,0.04341841153632225,0.4515463057669614,0.11606460743980077,0.2502393026656964,0.658515097195118,206806
track_02092,Classical,58.543128296340825,0.1811801638661428,0.1636859826295548,-17.423019097654446,0.03465529338143041,0.8988172086462323,0.9482576183721008,0.33606728891472115,0.51843427850783,558821
track_02093,Jazz,135.03052372360895,0.4192077799429037,0.565715743599764,-15.341247071668525,0.07390733706043728,0.6348442916361955,0.9954398671508018,0.22153399500088408,0.4787821147122604,310779
track_02094,Reggae,88.87285693147474,0.651334565305132,0.7513021455826425,-7.693769320317304,0.05363939350536884,0.648703411919735,0.16014241184369696,0.2507298564643161,0.7542898095157139,269236
track_02095,Reggae,83.03947601871442,0.7264688852783502,0.6281800744475685,-10.249439558189762,0.08290812846749207,0.3767701146590914,0.12667080813186968,0.18610614194741543,0.5957501492992017,281751
track_02096,Rock,135.46086217080838,0.5973222523444339,0.8042522122449904,-3.9055314510678034,0.04548520354505919,0.13242062489381834,0.08481233522535074,0.277490776982338,0.5537200640440553,194828
track_02097,Hip-Hop,88.54056070092294,0.926306230882485,0.7186462578560766,-4.614922832423241,0.5676921142026361,0.2981544188566153,0.0969294362365355,0.24356877425374682,0.5572910231240719,246628
track_02098,Pop,123.13841269260557,0.8475655069208825,0.8102355061229564,-4.268195458682652,0.06959464401994542,0.3559271438394107,0.015812422090763712,0.19012964922018494,0.6529740339922042,200753
track_02099,EDM,130.8611377226856,0.7699783924240274,0.9353781233177649,-4.282194392213109,0.034855357683890364,0.0231288956129732,0.041558450953604664,0.1432329740618884,0.7251321982407177,256779
track_02100,Blues,91.06330275179833,0.6331567572457448,0.6509963777736163,-7.435005568720296,0.04268960284920992,0.41664875574697785,0.16188450753920858,0.20404891332203884,0.510613764551996,267028
track_02101,Pop,103.35471173921476,0.8482174218658243,0.7691439767709161,-5.643104695261034,0.11409366467467494,0.2567203083698647,0.011753670528204264,0.23228059850534016,0.7293180749880595,232861
track_02102,Jazz,128.08440421556352,0.5739274375371588,0.4845062667091421,-6.634281096107674,0.043615338672805454,0.9466438839262664,0.7719029525833822,0.22338507487890424,0.5629063408525325,330461
track_02103,EDM,127.45948817327807,0.8324461313359464,0.850423792820698,-0.08563925423515961,0.0556385285841531,0.1688701345693423,0.12473330459151408,0.17079117742896355,0.7212631579524369,206728
track_02104,Metal,153.521337607975,0.48501778479281377,0.9196958575633438,-5.352369366228915,0.06611996244457838,0.12004137151853428,0.10138642067919695,0.23865737451145771,0.4332143528513981,295660
track_02105,Hip-Hop,92.76141454688357,0.919152742636972,0.8522534817397808,-3.283848367703187,0.3041363113633653,0.2735641391632378,0.027487572072339397,0.27759478859267517,0.5787872412357506,190882
track_02106,Metal,152.74116338279197,0.5643243016661676,0.9080995315913543,-4.393307797017622,0.05738334450074429,0.04365553192637788,0.0050346259411220284,0.2207464957927606,0.5142377798354187,270276
track_02107,Metal,137.9465516331934,0.39093113214058417,0.9031415934469276,-2.7734418373205596,0.07826561331067325,0.16661289797761955,0.14342997661676216,0.19579338233582927,0.41764323589930624,358731
track_02108,Classical,80.87209461771397,0.17181938061180962,0.35451314160178504,-22.319508360474202,0.04769509994372879,0.854366884804981,0.9274132758813367,0.21856152826752454,0.4455215702479203,304932
track_02109,Pop,124.78588613391807,0.8396533761891525,0.7877529780778681,-4.142730734310603,0.08494673048591729,0.2415525405415722,0.04667182952664764,0.11085395474331079,0.5610485231400921,235424
track_02110,Blues,101.05767704971795,0.7645622337072457,0.5647675469701,-7.272853634988817,0.07038976008835131,0.3586228563925706,0.004989839231215454,0.28614965307636114,0.537707154069362,291205
track_02111,Rock,136.74378716850003,0.7128514375955974,0.8764863651506489,-6.6391388766669115,0.09858251590751524,0.267777403911803,0.09211257764697761,0.12923678417341777,0.7587129474652203,296944
track_02112,Blues,86.97161393621411,0.734198629405719,0.5701125915288863,-10.23012728024003,0.08323459174536046,0.6173731835299763,0.07434709502771053,0.25801536337366127,0.6331234026057067,222319
track_02113,Metal,162.45674176854973,0.5111905100413079,0.9400324249626542,-1.42123613659217,0.047447151099882574,0.11222661127178464,0.1238991165988699,0.2958963657132925,0.39370384311557755,319009
track_02114,Jazz,113.11325923786771,0.6599862116919479,0.37857374347150646,-10.74876711150044,0.07503849781314852,0.5674247407491713,0.8560950921732136,0.2208651544221396,0.37398383496093585,372260
track_02115,Hip-Hop,86.01761402710866,0.7808701739982684,0.7665939872179838,-6.590158745285581,0.433313836403298,0.26020002994447816,0.03762169778193564,0.17060618760018714,0.6784472317078661,274463
track_02116,Country,90.18039416110526,0.558682470372593,0.5763306602989887,-4.228342197683581,0.0372504986029556,0.43647190604822284,0.1403517970557886,0.2334414110043099,0.57515190659355,196855
track_02117,Blues,91.47740309996753,0.624093073906052,0.7834015654355713,-7.559963655645739,0.04314041801743565,0.6886796311346924,0.0027746136290528246,0.24614003373819823,0.7668589845164284,273762
track_02118,Metal,159.28442603562402,0.40300715720934255,0.9122458681077721,-2.600953570775185,0.07359379338972971,0.1522140941756612,0.07266622876378755,0.2643439623573337,0.589823016326104,258391
track_02119,Hip-Hop,84.35174732475416,0.9203492759893876,0.6450874514637585,-2.6852108727079393,0.5976639071208499,0.01620066926494691,0.049525637385548396,0.16577709894265005,0.6574719419725243,150228
track_02120,EDM,124.23749438032108,0.8849259891127974,0.9182599406342353,-0.1939945589160983,0.04331058396958136,0.10830081649654855,0.2439985592801091,0.17460568339873603,0.6861196802443639,212272
track_02121,Pop,111.09615900589708,0.7595956486432637,0.7950156855864865,-4.730478814152287,0.07986136616301544,0.48975993286365826,0.005389776083986259,0.14136097371099368,0.6365250440126656,242068
track_02122,Reggae,83.46192579905988,0.7250883993612023,0.5118652188008765,-10.757942510086089,0.057600834259516266,0.5733383100317266,0.17517297651622563,0.2596983541106109,0.5546242799750765,208318
track_02123,Classical,59.78158484634104,0.1896614876478669,0.3240028495863059,-18.91741184146087,0.05655069847638311,0.8940157192916168,0.9324733640202817,0.24305264760814638,0.34182618364560036,460985
track_02124,Hip-Hop,80.88653497233655,0.9342422376084651,0.7687590892669146,-2.9426439563186193,0.5282185641166741,0.19834989278033296,0.049688874830258224,0.10043475675631751,0.7453870402208336,151806
track_02125,Jazz,110.76649606133991,0.6733426460673362,0.5219150840379546,-9.912342610869011,0.07120559329214243,0.5424236649693712,0.7323464132860289,0.28970265867320577,0.38460890734756537,310102
track_02126,Jazz,155.72236652000456,0.6697368489425164,0.3478179325385513,-15.06168408489827,0.06787841863002043,0.92355661174546,0.9813139850958924,0.3277430928899765,0.6727816193414062,330640
track_02127,Hip-Hop,83.24670306561363,0.7783800902025404,0.7586727712733473,-6.328365289211704,0.5473589899760734,0.24576938337144336,0.07243404378292655,0.2378620409512086,0.7189206029979766,172859
track_02128,Jazz,127.9241158649339,0.5530090626409764,0.4821179707173232,-8.619202965925322,0.06552611756263052,0.5367907435693874,0.8050499070573093,0.3871832650387881,0.37693294785579073,278215
track_02129,Pop,126.0285568122536,0.7529060700761294,0.6811004811128891,-6.3806466637462975,0.07288490696951046,0.41543168676772124,0.03555577994133368,0.1638428214693066,0.6960832355774412,231671
track_02130,Jazz,112.53506410804984,0.5155762407798326,0.5815776190145794,-15.88681192443984,0.05308405813431592,0.6070542058639979,0.7255685981274814,0.4689296865527377,0.6919340090531604,416226
track_02131,Blues,84.82145287924378,0.7671175445036373,0.6251720357527145,-10.176795397263792,0.08729632558878331,0.6652256627107748,0.06119254063780804,0.2551899770803294,0.695755897102554,232430
track_02132,Reggae,89.56412716698186,0.6947899031698594,0.7151911213115133,-5.140134355374394,0.049209313427785464,0.6707682769263559,0.10447278956838056,0.2286436061460116,0.7633607020731539,251818
track_02133,Jazz,108.62122930241497,0.49521269131996204,0.41436939350515495,-14.29019835318395,0.06143557202575543,0.5243612531115684,0.839209932370455,0.4508624291735921,0.3721465167434074,357930
track_02134,Reggae,87.99613768524002,0.74026968847491,0.6768083155988225,-10.03488344007012,0.06201742676514729,0.3360539459016509,0.15722165955164755,0.16477395358076236,0.7003345697090623,267254
track_02135,Metal,170.04064831499133,0.5630227531534114,0.8891029897498435,-4.768898233817318,0.041267222512543784,0.006797683351875095,0.16853284925918932,0.1529676067666576,0.40769974230185,231700
track_02136,Rock,141.04886363863838,0.7691293793619216,0.8602943259356187,-9.057602548179107,0.036411135293705967,0.13595801602409685,0.14140117209618422,0.3005395765506694,0.6565120299944183,239724
track_02137,Pop,127.93939203108448,0.6683363924877579,0.8076990712460697,-6.61818260205912,0.07537404388405333,0.151372080664197,0.005087737818110944,0.28642230375711597,0.5759912988739909,238763
track_02138,Rock,140.36087685306703,0.7050650951172822,0.9401200063851486,-8.712933509864413,0.0722735871977044,0.13776497168687835,0.16231174415058128,0.1877711777616104,0.675574256403425,217264
track_02139,Metal,156.06985566861414,0.5276110499162617,0.8841276867551378,-5.015012718960307,0.04789838202924662,0.14859624362970664,0.08481242404275557,0.14990757059420773,0.42822349176219954,324904
track_02140,Pop,97.1332471465962,0.6899916536280003,0.6140415411362147,-5.625164808048829,0.06462444743865615,0.13649921075960095,0.020560790474123954,0.17024508087483098,0.7150070947781969,245353
track_02141,Hip-Hop,81.8582236576155,0.7701615978522038,0.7104037227699949,-4.247178647484022,0.439263385438171,0.1823514787269898,0.07133273345138817,0.10854373353353411,0.6033110988014458,173347
track_02142,Hip-Hop,85.00257838538785,0.8198388919000609,0.6591291043977262,-4.995037746132369,0.34501192928726304,0.22321292420726097,0.05939062602255979,0.11570553831835667,0.8558457871715919,175672
track_02143,Reggae,86.49838047116211,0.7374831607542042,0.6265700010380554,-5.500805748670214,0.06786763490994384,0.3123611269870379,0.0961338072491794,0.2590997487719986,0.694125299266055,208357
track_02144,Metal,165.101821577653,0.36644845569865214,0.9402785532572145,-1.6563360167100818,0.03504157394311377,0.04775328335240841,0.0048155336652989655,0.10876596908888816,0.30888535746533224,279542
track_02145,Reggae,92.74326444624275,0.7685923349676196,0.5233473945296041,-5.724541760948506,0.06352114066998953,0.49227600862991655,0.08894673008433443,0.20625724459387096,0.679450541565726,249937
track_02146,Classical,86.12195470407518,0.234837482161731,0.29386705834740384,-17.6664879413996,0.03601712045223156,0.8534179554351137,0.986304804344133,0.2038421997891281,0.27260905338158314,572733
track_02147,Jazz,120.69335932114097,0.40392261591578305,0.4173610893424371,-8.269358754395682,0.05130768475908795,0.9077941023331264,0.9579175263474471,0.412400899893731,0.3836276729704683,261341
track_02148,Country,99.743524521507,0.6036373882869905,0.4029363666118616,-6.313834337748932,0.038569910898894486,0.513570055056741,0.05227341849768046,0.17223268045421986,0.6478086744502849,255767
track_02149,Classical,78.3896025552488,0.14219148700738216,0.3646905374238558,-16.71815093993142,0.07739775322729821,0.8030214483271387,0.9059095565711157,0.350268378180972,0.5649515320128193,505991
track_02150,Jazz,114.00340829209881,0.5866407797558,0.30948064669805514,-14.68754317381086,0.06075117357417144,0.7710428411299528,0.7773483338040286,0.280146714553328,0.5483443200307037,358394
track_02151,Pop,127.68115204436305,0.8958644440164347,0.6383695417674475,-7.830826128998198,0.10218597655224088,0.27551497327594887,0.021441167737600315,0.14506067527260647,0.7027452162076154,193538
track_02152,Reggae,96.04072464663096,0.671837510683313,0.5572149212123718,-9.414196001836334,0.09122963246996538,0.5953008174307693,0.06692816889271279,0.28136179296734043,0.5224497905352401,223548
track_02153,Pop,111.93023249863141,0.823840919333326,0.6503481601576183,-3.9402195512934632,0.05584250983098437,0.20822308268656148,0.041097630842357784,0.2494318443643703,0.7004987019965156,189657
track_02154,Pop,126.27438382396173,0.774014597800912,0.8359150064508685,-6.8381613788017575,0.0541106054062032,0.3613980278858173,0.03700864201183559,0.15663920116151014,0.7283393723758675,223304
track_02155,Jazz,106.79601540784452,0.6233944722866726,0.5696622481879217,-16.096716015127143,0.07772638715508394,0.5211692235059089,0.8159693415078386,0.2878826340283185,0.3914476385761435,279208
track_02156,Metal,158.41078341377315,0.5898586663534371,0.81646972426878,-1.486935724882934,0.0722816156263408,0.17863703658483077,0.0011525913214279094,0.24838069610543892,0.4646814342484917,286264
track_02157,Jazz,124.7580335573377,0.6798625239220373,0.3715877846137816,-15.34620970624264,0.05896542684519812,0.9029992272783536,0.7297120995526457,0.3366947362966939,0.47103229478921893,323764
track_02158,EDM,136.9481534831986,0.889811934550846,0.9627683170339137,-2.3920102020686613,0.0664059238165206,0.0946174874294369,0.05342600042875332,0.17227972974133457,0.8623470023724344,286999
track_02159,Hip-Hop,83.20360482523142,0.7007335144506691,0.704769687272741,-7.571358196347057,0.5231474311155396,0.16830433590897967,0.057217187728765655,0.1573022571799406,0.8259585161011895,204215
track_02160,Hip-Hop,76.38885719643403,0.8977727281077252,0.6516282369970141,-3.853696083675323,0.4690609608694719,0.044242471920343536,0.06888789240309365,0.12846979413103393,0.6593742316438724,266881
track_02161,Classical,71.99490998624091,0.12264371550038536,0.27457454653797336,-23.629719249194427,0.04298918935868421,0.8880341915669946,0.9422707022530334,0.3992326671449087,0.5073472274363052,335210
track_02162,Hip-Hop,87.78227251378571,0.9310909904214224,0.8815398942056629,-7.75585737709314,0.30447263666490554,0.1275198990453183,0.059064525098765856,0.15558094949041232,0.6037655004343098,192095
track_02163,Jazz,102.73128618603633,0.6653502889795476,0.5039928210483209,-14.561356262464875,0.081017481399469,0.556326543383908,0.8404768373722168,0.2506953228678678,0.31657249845137464,276087
track_02164,Blues,91.75883600845926,0.6641619014005892,0.5365316814933373,-6.193190867316162,0.05516811198682739,0.5051259816426426,0.1382686298978486,0.16341504007884416,0.6945909612117256,279746
track_02165,Reggae,96.71017665487864,0.7677117285492282,0.7174818321831367,-10.269616642220715,0.08321121605915024,0.39861567915077667,0.04292163834634033,0.20942559084610646,0.7036563331502188,232470
track_02166,Jazz,119.65779458928115,0.5461160854846744,0.3454785610381603,-5.768763699438731,0.054809951009351425,0.7508235477984995,0.7496860575198749,0.2998283253509187,0.40672254437087235,339693
track_02167,Jazz,104.72003555086637,0.5256019117814547,0.38604677278806343,-14.911121183983086,0.07093786331872196,0.5845469784758048,0.9418530040221477,0.24365883851443024,0.4923974557683809,272383
track_02168,Country,93.92039793799046,0.6212551769223991,0.5083066190765916,-7.150652165063494,0.08940694892118983,0.6971295094851873,0.12622865785788712,0.25868880852974013,0.5043466058477866,282363
track_02169,Reggae,88.74877148506059,0.6531913291719628,0.7823228333430248,-8.8916832655413,0.08734305658291935,0.4968670594597956,0.09421713140514952,0.12962325760592847,0.7553598832845758,251550
track_02170,EDM,129.3862806221458,0.882976531442741,0.842224838843149,-2.6658822779634024,0.06921193327944825,0.11091214275255493,0.28147360604123955,0.26267389726261114,0.7664093767235036,295159
track_02171,Hip-Hop,90.02705507741216,0.8081403102116027,0.8396260868450182,-3.4372595627588245,0.39363914602155425,0.2108186349185286,0.04945501900971841,0.1646584201627994,0.665186637105856,266656
track_02172,Reggae,83.14119292356065,0.6755574976794685,0.7437472670243664,-8.543479208181424,0.09146255517659416,0.6579374150771945,0.1195287751368231,0.20152539136624897,0.7349840429997003,259142
track_02173,Hip-Hop,80.11761027266685,0.9446132870535815,0.7363726376680941,-3.066971955447113,0.530594350694995,0.21410791414370364,0.08273648712046099,0.12009272173194117,0.7713988789887849,232157
track_02174,Classical,72.55346887745127,0.21179367420952266,0.17517908205882182,-11.180774733202231,0.05067648982180009,0.8257932012819535,0.9279606270524284,0.4189272488406962,0.205463615352291,310494
track_02175,Reggae,95.2518523288732,0.7976824471679056,0.6510209257997995,-5.365792038766192,0.09491386694758926,0.6765262114664851,0.16247461149847278,0.15927961691154624,0.6039147451357945,284586
track_02176,Hip-Hop,71.34079425883881,0.7968506801485657,0.7781643711643417,-7.360179419427098,0.34235414962097005,0.26240443594618873,0.030034462825161146,0.1610902546709186,0.6548851984009313,170912
track_02177,EDM,132.68603135290843,0.9479389123761356,0.8697334820423496,-4.353218168938223,0.03577501991931713,0.1517481781898372,0.04347646570144096,0.15208431370692732,0.5817593374648319,294717
track_02178,Rock,135.75088589917158,0.7287622989886252,0.9267196957545186,-6.711524948321103,0.11610107428991755,0.23524038406928086,0.2554122104688396,0.199842004662584,0.7709169999381604,252181
track_02179,Pop,138.02859433167353,0.8109145187009632,0.6866725942573129,-6.348147633655925,0.06888028828671364,0.3195386221250994,0.01800778447778862,0.20806265354152637,0.6623939063307687,193830
track_02180,Pop,116.81277798943557,0.8766466142381659,0.7566827624518622,-3.944246144010733,0.1190656648342327,0.3459099007279303,0.04543963216250068,0.17185094994406952,0.7801889743548744,229441
track_02181,EDM,130.72504176208918,0.8002938591184979,0.9277910031754659,-0.708194488038207,0.06534432658036202,0.02130630486332019,0.2482463239598692,0.15484867038522004,0.7909227585350973,182461
track_02182,Country,104.77533079764429,0.5140824176576443,0.46296121295533227,-7.547969345037496,0.08188600340427299,0.4302110881937073,0.16258682498003196,0.29939021839248214,0.7364772929537377,232208
track_02183,Rock,155.8876522322982,0.6283130352406364,0.7140375552303824,-6.475271618723081,0.0379096376044705,0.3651099773792609,0.22591108858527417,0.21359544137570988,0.656087466476516,208527
track_02184,Classical,57.369243494740786,0.24051099739253015,0.3468197226974409,-13.565087029235311,0.037056652861439346,0.8527492390553654,0.9521397687902678,0.4903316485789545,0.5682091910424341,383050
track_02185,EDM,128.44694656985735,0.7155988508107634,0.8807373699997301,-1.7100465570429106,0.04539541403749053,0.19991827934804662,0.12161358410212351,0.20924722528951,0.5901568130494718,214711
track_02186,Pop,122.99596376972056,0.6370320029079293,0.6629439830567925,-5.185690663593306,0.09082312188993921,0.3307623614179479,0.0038501746253107984,0.2507391785269508,0.8637712795956027,258377
track_02187,Pop,126.15783285861126,0.639067039655877,0.7662724459942512,-6.332164091598152,0.06208164521148392,0.3001444931095097,0.022614834195436063,0.25477496221239937,0.5338062036644874,257817
track_02188,Pop,125.73123779106874,0.6318247086327887,0.6518647570197654,-5.4205894083516455,0.0824222220015697,0.49554358989361924,0.02947368566312197,0.1654871190493828,0.8600595474175943,190468
track_02189,Metal,153.5948577564402,0.5516599097293189,0.9192906762324023,-1.3092021969677035,0.07329783009724342,0.014974407493764686,0.027460508335772182,0.22023418572136505,0.4554943919826224,212779
track_02190,EDM,130.09937311395885,0.7323398070679124,0.9127981566883226,-4.755392260125003,0.06494941211813757,0.1614165839605241,0.2356109915133268,0.10319942940814822,0.5190563773650951,196830
track_02191,Jazz,144.20539585672077,0.6255898677059445,0.43150272026869196,-10.509879513717912,0.0692181873232171,0.9736690226991565,0.8565642181055522,0.2628793649384564,0.5671570196554545,263263
track_02192,Classical,83.38762658770403,0.2348727163729511,0.344881119229447,-16.283691337564647,0.05696685414983142,0.9707180513888987,0.9900588567869788,0.3166659311527413,0.2692999550895544,524811
track_02193,Pop,129.0908783354991,0.7195477761193213,0.84792907297722,-6.862242862168548,0.06850405638467223,0.12057297761498918,0.047023668153071914,0.19120586071973522,0.7699409658877396,187557
track_02194,Hip-Hop,87.28699318918105,0.8436824218826406,0.8872282005807577,-5.410450418501146,0.3530225464187231,0.14197047371634272,0.04365443079615231,0.20343547628770325,0.82317889355078,173094
track_02195,EDM,127.81359390990205,0.8539124745724651,0.9916069039379221,-3.3460608989649687,0.06043496208309099,0.10627152391897698,0.06602697962607505,0.2230610858257518,0.8868704713158815,223831
track_02196,Metal,136.51998865595655,0.4491149682714337,0.8916344926530247,-5.800483646943558,0.07172193282120029,0.07547640478768487,0.014537846640241759,0.19157981941529628,0.3484442418274792,212979
track_02197,EDM,133.2461993597921,0.8185022554369156,0.9797271509345551,-1.012835891731199,0.0660587864522838,0.04284956978841468,0.20044512963486238,0.247692681616328,0.7969657061130375,191382
track_02198,Classical,61.84987557154936,0.1745405167508878,0.26450662522337764,-13.196674090131989,0.07421000205816475,0.9888727155937043,0.9879151993279756,0.4192264712225703,0.20968592221277202,351730
track_02199,Metal,146.1965164626606,0.5580997406488072,0.9498804063718624,-4.232355965560981,0.06409393130130278,0.03687337683430847,0.07645941847520032,0.17542151766762165,0.3713810045164193,310182
track_02200,Classical,65.8498619820343,0.1628075699192967,0.1835491931735113,-25.164809041899332,0.0435956743439824,0.8174463515677785,0.9669129226556207,0.4466678975769377,0.4654729118956872,545293
track_02201,EDM,119.46053232530654,0.9347644146975828,0.8525601754576279,-3.0087118995167184,0.04529163154083088,0.048239669134249666,0.065243021943125,0.16047600376268073,0.8456944679724724,281205
track_02202,Jazz,107.69158585645795,0.4934786804340769,0.46789981228955757,-17.9828570588208,0.052020097196313224,0.9513376469698396,0.7327901892312777,0.31966347954180185,0.6052007110634834,383078
track_02203,Classical,67.74472172678271,0.1734160747185523,0.2179950433356116,-27.642278674239897,0.033549281272087325,0.8523294504127218,0.9067634876201246,0.2978299101769092,0.2288886291022029,461155
track_02204,Metal,156.0812347288744,0.41581432996719314,0.865350477875675,-5.367389142481965,0.04132518277224479,0.04654104178782473,0.19704084297466062,0.2670698759016986,0.3045786874900295,245701
track_02205,Metal,167.98228269654365,0.37253469833493175,0.8166543336683595,-1.7908327712215195,0.04247150213724567,0.02911202394141965,0.07180732038263841,0.1801765647318104,0.3978263939340264,354749
track_02206,Classical,79.70545207086747,0.17111907881620625,0.10251864762524251,-15.311781406586233,0.07998392505774034,0.8811758215487231,0.9985518498957118,0.24251243286030394,0.318604940654687,491905
track_02207,Blues,97.16845115918727,0.6681323383075908,0.7718686811455615,-8.186187106691504,0.06792546482451264,0.6148143368781105,0.020288699408356915,0.2547504942421349,0.5728856000518481,267251
track_02208,EDM,127.40080481556978,0.7192067392160254,0.8992096303432203,-3.3265602373180188,0.05630622436074893,0.03645511683314231,0.11817369742540584,0.2932238308001066,0.535546959692121,217470
track_02209,Blues,87.5683306137849,0.649226222343645,0.5686140815406938,-10.022057608965838,0.05085584888452537,0.5670807028330571,0.11599835140702344,0.2296883785966857,0.6031174171484481,261818
track_02210,Country,89.47574039757328,0.6147993954450055,0.6219425668667332,-6.872200730050222,0.037403815738355314,0.4425817072174784,0.07141655354278052,0.11356467439423774,0.5717693658379791,249102
track_02211,EDM,128.11222786794204,0.8930892308004574,0.8340307503062195,-4.095157183987957,0.031154254660539227,0.10249000776669231,0.19637626706181516,0.19138191641692376,0.6557795238504847,206098
track_02212,Classical,68.94865212484329,0.28224702593911916,0.36553308673243445,-26.252243998077727,0.04395094975814616,0.9671019855758943,0.9577877853250054,0.4541897700338602,0.5306269537794253,348547
track_02213,Rock,153.3712846143719,0.7763065602075213,0.8986790539271949,-7.186209103087267,0.1499395334882253,0.1848830524300631,0.056139429812454164,0.23910468076777544,0.6019645661767231,291736
track_02214,Classical,61.54890730118245,0.2821391592852758,0.16466658007472249,-17.418771906146446,0.02370914258068515,0.816305218374411,0.9009577296130122,0.3697782933635992,0.45175186784676186,502985
track_02215,Blues,84.55200823461055,0.7933088780959076,0.7467086357248138,-8.981668211737734,0.08706061102849577,0.4634622581447632,0.014922031755949573,0.24135377460012108,0.6213841499085322,274364
track_02216,Jazz,132.46435224976878,0.4366318612692383,0.5040593702569592,-16.348022258232774,0.07773205571770278,0.6115788642014632,0.8163616801679403,0.45700162758632523,0.595562364589628,380607
track_02217,Classical,62.54236255889334,0.19316113086718717,0.1782005187002824,-20.65739714473034,0.0666242594793725,0.831651911962064,0.9123304205588044,0.28079494853173187,0.5809101801386333,392238
track_02218,Classical,72.34313988611554,0.21372767540731408,0.31097444161997334,-12.497666141778534,0.07663765011942889,0.8204907692362255,0.9600904985997815,0.3999768947489078,0.2688255267973435,593987
track_02219,Jazz,133.24569483694486,0.5220913091284021,0.5060765722972445,-15.451977929235758,0.06612856554170922,0.9478135656016996,0.9849722827992863,0.4156452040781794,0.449740756310474,361445
track_02220,Classical,75.43040544172555,0.12054918210788422,0.2984121209126084,-24.175028494598852,0.07708317310402867,0.8872121224184609,0.9429364820389177,0.40342385305727935,0.5070274249224758,336382
track_02221,Pop,121.68731730855284,0.6961053824620883,0.6437776923234644,-4.8417990503749335,0.05633175668932453,0.48854107003442204,0.03161986322060685,0.2971791041843511,0.6355573693914545,239087
track_02222,Rock,133.00217255795403,0.5470546949183097,0.7518127077237399,-3.798732241758046,0.10853176873761745,0.386903879977027,0.2400120970133719,0.3302628055084508,0.599928263830033,197668
track_02223,Hip-Hop,79.75447677061646,0.8916383425849327,0.7746092759335904,-2.510332226914935,0.409452196130257,0.29481449762013767,0.057582764671402324,0.2946803912375068,0.5108242616188461,193039
track_02224,Rock,144.22283129503361,0.5095958616211002,0.8879403607245682,-4.903924084806535,0.13622206431800926,0.2898054180168481,0.0058371351595526534,0.13592330074335762,0.46449601966320553,260197
track_02225,Classical,65.80230287633188,0.22667295845215998,0.3929077298893918,-27.64354294760131,0.028562460152835104,0.8737740793401961,0.983621913775532,0.34016928582524425,0.3286442401023287,500174
track_02226,Pop,108.23189264453686,0.6911899751287471,0.7631159957519916,-6.422734985776055,0.0815717927835127,0.10803634501771842,0.034674900308092005,0.27665602630240255,0.890743859125182,234395
track_02227,EDM,128.3860125874049,0.8239148115784674,0.987579098642783,-0.4893056765300745,0.06952184697528829,0.17238684485233655,0.16406764015714517,0.24298010308202114,0.885870894546616,275521
track_02228,Classical,67.6195517496689,0.24392531490322825,0.11442193376021803,-12.55471325359677,0.05946671642027239,0.8620868506365469,0.91872503617057,0.23486115889919515,0.2200947597031044,564641
track_02229,Blues,87.9094216270024,0.6338460461800254,0.513214500848765,-10.676121618313518,0.08074616571019447,0.33289747090048255,0.11100740611139877,0.12928239758163335,0.5587067520741258,229294
track_02230,Pop,90.30446171829195,0.7257316546905607,0.7324920769281751,-4.874648543113754,0.10915853614417337,0.4640041284241423,0.023129064245068394,0.1177342874712508,0.8188260758406882,246095
track_02231,Jazz,108.622151085312,0.6468645356622362,0.35484062408678424,-18.133861912174577,0.04269738000936924,0.969655181502788,0.7924032693115821,0.4752853640533718,0.40904542460773186,387001
track_02232,Pop,125.58402908095175,0.6216795710562073,0.7865484768965767,-7.153181892031676,0.0752077312068361,0.17367347166170446,0.022173081831863874,0.18234948876332402,0.5192251375890975,204966
track_02233,Jazz,125.72547422266703,0.6542819809693806,0.5252637105933877,-5.937733319402843,0.0745835350119883,0.7913212732930931,0.9579729725275574,0.30482466401557906,0.3200329416810284,405361
track_02234,Country,104.70222506034783,0.6247207638893075,0.4701529766788389,-8.638621960262665,0.06254472529810934,0.4026427022180549,0.10627015092227324,0.29055590515341106,0.546412064558779,231039
track_02235,Hip-Hop,81.22714571175524,0.8140654158785569,0.6471237253141029,-5.511592150821227,0.39096848418701474,0.18335727440120356,0.021723822873676135,0.22296226822520948,0.65109807674357,212903
track_02236,Reggae,99.16232408873765,0.642483688404908,0.6855345410758669,-8.06182179628274,0.06775510426235654,0.3383381546739327,0.15937859294119996,0.13498671255015784,0.5343686130188144,285332
track_02237,Pop,113.91374030772786,0.8030800991257318,0.7878926917384943,-6.006363376406982,0.08346312161829338,0.4021881973499203,0.017635391515417254,0.2569532422535945,0.886950426239588,257210
track_02238,Metal,151.72332736533255,0.5438711563950672,0.9043055677108742,-2.410144466294856,0.07481133868891762,0.15463579565173102,0.18197079067962915,0.18622792042321196,0.571266076538117,289591
track_02239,Blues,94.7224992681208,0.63484040672864,0.698536080039477,-6.22531700048358,0.057276962177958225,0.4620985311625568,0.11390354369984389,0.20383353777691243,0.5117568179111407,217656
track_02240,Classical,74.28454681560328,0.2644034700102606,0.10424896164745369,-21.931640469154104,0.057024827335278264,0.8045216568898327,0.9215841902524055,0.29822598785883797,0.2087378218329377,557046
track_02241,Blues,94.41034498661591,0.7415578313819806,0.7607775412480389,-11.67501014315758,0.08324940937399603,0.5160033408638312,0.16500000580311316,0.2014321181851642,0.6620627233705727,221108
track_02242,Rock,135.5580269685723,0.5763663478237157,0.7183534293021407,-6.290612905190457,0.08883001244047625,0.10189784606684506,0.14475491869317877,0.2559415441782973,0.6422814964046396,209852
track_02243,Reggae,88.43315684357464,0.6302939780520717,0.6917787686263771,-8.583260856918233,0.04592480312171027,0.5710165264089644,0.11257200149695468,0.2726134801620878,0.6827551387065196,188982
track_02244,Rock,145.86428501659015,0.5709600354151839,0.9753369729134151,-9.522170203323151,0.1417187128708774,0.349710030361009,0.006283605819554383,0.1894556122265994,0.42038266147141345,276521
track_02245,Country,90.32389139820069,0.5859758001457724,0.66150243267507,-6.968652698062029,0.04681671096544729,0.5153580151079598,0.021166082415713605,0.2808071479477476,0.6224593496274297,240186
track_02246,Reggae,86.1374133991762,0.6063331594281476,0.661760746321878,-8.794805684725215,0.05455282348818462,0.4319072068683307,0.14113196224893396,0.10191950397427928,0.5949941414077279,235864
track_02247,Reggae,91.00982134957368,0.6337865856965426,0.5464285630570999,-6.594039329933702,0.05599152119806826,0.45030764758101094,0.14600361312499396,0.13590392010859526,0.6595211063998573,195038
track_02248,Rock,128.37004320797615,0.7952651043694321,0.8207341381509135,-4.269695407689505,0.07979444780065423,0.23628963667629185,0.24899981807844734,0.15321003126591992,0.48812437378470097,181979
track_02249,Jazz,107.95356244146778,0.5648266398544747,0.455776506471121,-13.255706173567436,0.09679922512257694,0.6400746854752594,0.7879972687785899,0.24207709141612527,0.57891520716647,323200
track_02250,Rock,135.12282311874026,0.5770974691273427,0.7919925093019556,-6.730328252123321,0.14125289528947044,0.31320019197636295,0.2810536788853489,0.2979913013676033,0.4028430988351439,271168
track_02251,Blues,89.08722872586455,0.7832134157145727,0.7369822416215331,-9.835404171964267,0.0969088132809256,0.6844216773705417,0.08301071115134884,0.23039209759751814,0.7444305605641711,220629
track_02252,Jazz,142.64607416421654,0.49337707686600885,0.3239099769942767,-9.37201209660255,0.06754099334687612,0.7782411530450316,0.8366201971491745,0.4671072510364731,0.523497998866552,386101
track_02253,Blues,80.63877468877371,0.6710885174352393,0.6566387880754356,-8.29007393536494,0.08124026209293693,0.3897979488746523,0.13176857999310035,0.25571760167615043,0.7029775968400971,251261
track_02254,Country,100.95460467558829,0.5465628858500731,0.6683386379587943,-7.10304483294827,0.0380519850366212,0.5003188532863584,0.09539208965493079,0.10202883061614079,0.5095729627092422,219194
track_02255,Classical,66.13113698861792,0.12132364942595966,0.15930372527070463,-14.70747444631214,0.06619301647862784,0.9634976454381954,0.9841155236547593,0.32613076838412663,0.5470198642774113,548968
track_02256,EDM,122.65011522688054,0.808951208126912,0.9677002679087763,-2.1836322093822655,0.045091845926492624,0.03594863031724962,0.1486073526605116,0.15048082190649495,0.8822319512513481,245661
track_02257,Jazz,99.56099580375806,0.4656312917783012,0.5471449431501736,-16.861887763716858,0.09544540779581619,0.8336751894856413,0.9691383375007584,0.3662029563182439,0.5762719448729987,292814
track_02258,Country,90.6239222035269,0.7153682109549557,0.6015109766331184,-9.99036431656213,0.06006619352307569,0.5906988313538042,0.10942547608892095,0.2642253259781745,0.745670682954239,260238
track_02259,Metal,165.18734435876485,0.4729898393651293,0.85788350468408,-4.961943172157786,0.0682266014928738,0.18709123112119525,0.01056113598328774,0.12663609254097258,0.49264919661171225,304612
track_02260,Country,86.05526643726682,0.6977971671940999,0.6159049459248067,-4.675432273011448,0.0452144215699569,0.43218728394758416,0.12307259401827367,0.26445517830468646,0.674613073544172,245737
track_02261,Rock,139.46044504700862,0.5957207979118615,0.9028717669272621,-6.554600153164094,0.13743466275772862,0.3923145905781579,0.24594062025270014,0.39780388524563326,0.5393482393577214,194715
track_02262,Rock,152.56233036007922,0.7340618774218864,0.7143938983634965,-8.004593973237158,0.10484002899079498,0.3289536988475157,0.0031197566364568716,0.19786258398212325,0.4857382240254696,184763
track_02263,EDM,130.57668096333063,0.8799945683696355,0.871027171013758,-1.0812018200121276,0.04933186316979108,0.1430407021769536,0.1656681440355511,0.1314879409066822,0.5258234360693209,206783
track_02264,Country,106.57334357054218,0.5871123335003645,0.5558758158901371,-4.379790612957237,0.08146111585435804,0.5731328948391347,0.032562077595972364,0.12987066217817433,0.6506590741440692,222829
track_02265,Hip-Hop,86.24637330278533,0.7815978107975786,0.6564795443068318,-5.106343734942114,0.49986042278714604,0.17366592881105786,0.043749051037160806,0.207938888865839,0.5431819721258394,163365
track_02266,Classical,88.60041780859252,0.29371173830546826,0.2504784999873927,-26.65570168314623,0.06097702398817187,0.9513582685490591,0.9071699749423102,0.45504173888936866,0.5317289559983429,329526
track_02267,Rock,130.02201696045253,0.6344476483987602,0.9322590522837697,-7.036549531988449,0.06714401110642304,0.3973648229740766,0.2806911403836687,0.3824681107971877,0.4526690118690951,190006
track_02268,EDM,130.40694561429615,0.7852455672660227,0.9497780454637547,-2.7885036268522017,0.045087207510968265,0.06660745281094803,0.28948344464771486,0.2543946821417957,0.5080783763094118,257428
track_02269,Classical,56.52090127630947,0.14981978994062262,0.32574581796272273,-29.320178981992374,0.0637036242857039,0.9647127543029936,0.9066044043344818,0.21855413216029887,0.3141855211573204,535632
track_02270,Country,89.90307575851735,0.6292426168567197,0.5040973402756115,-6.74270540621242,0.09625551257293162,0.44301109350859635,0.00039240366219106537,0.11537564265642504,0.6388124888304887,278118
track_02271,Country,96.89739496997666,0.7002890954799263,0.47529692570114324,-9.75015789078387,0.06502804147313868,0.6677446130687459,0.16385690982842757,0.15058783378489798,0.7729807323273041,223316
track_02272,Reggae,93.84197212268572,0.7002305925622567,0.7888336063055499,-11.856559295983642,0.05197135845407375,0.4793520959613112,0.12768794435596562,0.14244565325709704,0.7794211845128589,284825
track_02273,EDM,136.8965518433812,0.79696505745678,0.9358594169888187,-0.10908554297865258,0.05590863642443876,0.06832674457463395,0.08557173671474035,0.29266918816941256,0.574000918843226,239056
track_02274,Rock,149.14147706321648,0.6618783961205087,0.927246451624691,-9.950502885633972,0.0896000183952198,0.3212360414854346,0.2348481059875347,0.14741457478047942,0.5675883801531115,199678
track_02275,Hip-Hop,78.08056755031954,0.8481461439888449,0.7557849793753595,-5.534550039542851,0.5716251200248041,0.2248373994457038,0.015159287125529664,0.214154929989484,0.5354975602819069,257665
track_02276,Country,97.35996228446047,0.5147531664182625,0.5602409857408999,-5.302185570056464,0.03658455343261307,0.4036149767160604,0.16291236631993164,0.24245887751329784,0.6236619250743328,299309
track_02277,Hip-Hop,90.76216944117955,0.8505938767070235,0.8196574117570228,-2.643100168345468,0.424421986943166,0.24087778287703962,0.04950968830860286,0.24441564850990766,0.849929515223907,223495
track_02278,Country,121.51461699807825,0.7473451566151188,0.5488673243567392,-4.8141779043898465,0.043012989669178055,0.5812861270738995,0.17406119264688905,0.18630662632375422,0.6460166176715132,253752
track_02279,Rock,134.41717606989735,0.519431408144851,0.891075851614753,-4.1585644289063595,0.10979382797455661,0.22752239942890592,0.0370060839537214,0.37323227324120656,0.5103833303013532,237364
track_02280,Classical,82.15774756407974,0.1915876206993709,0.14774305667255805,-13.123693665838204,0.02267683280623428,0.8534888242474659,0.9519916147145729,0.4914794337566149,0.5143891769183588,381089
track_02281,Pop,115.96898118527832,0.7536039737306385,0.7509864075324126,-6.362829651409805,0.11114739407457207,0.2777206143900278,0.035007678936828705,0.2271821721933406,0.5468624332478813,235757
track_02282,Classical,56.329364049997,0.14842766657263645,0.3225327965934798,-14.054287202513995,0.055826850570001516,0.9303967420676235,0.9348960764606393,0.2119272627418647,0.3014543374565012,585489
track_02283,Country,88.04647441300366,0.5566793364499625,0.5291926246521473,-9.424853157598262,0.035222924631325814,0.4265078360458292,0.11459583426125156,0.17954837137957874,0.588085034197182,280854
track_02284,Blues,93.10976121239466,0.7190335336436082,0.6090175369639069,-10.83248223795439,0.08200518475385579,0.6347233239529505,0.054748514217499024,0.13728500916036807,0.522575558595644,218890
track_02285,Pop,120.0146927420326,0.873690496669645,0.6348046983793442,-7.118426129065424,0.06765068144411711,0.19792461070635636,0.015542413546358009,0.21512617965461867,0.5112690445220418,220431
track_02286,Pop,124.24880892862252,0.6548788888299133,0.6196834329639186,-3.286892094270538,0.07163118732151257,0.4743893576433814,0.03188064596364034,0.29600858656309426,0.8013716848849681,244902
track_02287,Hip-Hop,84.54105076593605,0.7784251814562781,0.8922204349199103,-2.3847268205408003,0.4925802419297163,0.005552212455120398,0.07485349762065718,0.16711148000840026,0.6553120923417044,179546
track_02288,EDM,130.57073453817154,0.8308645209662248,0.9489105192407532,-3.6349444095346577,0.06754931632173501,0.038947371200590865,0.01987870217833001,0.22887277466998018,0.8397274927520187,213743
track_02289,Hip-Hop,90.54886190679474,0.7317940256661128,0.8318592811581524,-5.110869914995969,0.5580819235584636,0.06378192818286024,0.06726579532422394,0.25722383488317013,0.580996906100931,247489
track_02290,Hip-Hop,81.3037063775798,0.9394963752354673,0.7848235799761893,-3.2908974992566975,0.4597751578078937,0.17943100829868922,0.0013352434525679248,0.2048574533672054,0.730225499929616,165485
track_02291,Blues,93.79848062219808,0.6190005984246799,0.5069636922351394,-8.15928253596885,0.05346279125682572,0.3315648124968531,0.145965662579046,0.199594917672929,0.7388831032875351,196359
track_02292,Classical,58.02780269272419,0.17372236211568853,0.3755900747493519,-12.03410055290523,0.029631682306919198,0.9658542263509067,0.9297607904787452,0.3631409477954809,0.20203935571607926,536355
track_02293,Classical,75.39042591062609,0.11641894531815483,0.1328035621940509,-13.1232170627332,0.026575626474012414,0.8078750738705976,0.9347930581046473,0.34001176547647927,0.42777777467627587,371871
track_02294,Metal,161.51608068644563,0.5306004301174911,0.9967620511723422,-3.6177228838733884,0.034216480491958946,0.19110612858857493,0.0008226323178194717,0.2552192027678096,0.30938460923150385,218490
track_02295,Country,98.4376560614696,0.5602412128049294,0.46788374575354924,-7.04969413509878,0.041962092502975404,0.6018770891979136,0.07367047149767499,0.1646218984806518,0.6383856728769371,246486
track_02296,Blues,93.08927706878276,0.7637315901248608,0.6004459195757583,-7.446851527835208,0.08160891366510999,0.4224996065509048,0.19908489996270154,0.12065000561407464,0.547108725550596,224275
track_02297,Metal,146.42175993366706,0.3515431226785679,0.9963205483429012,-4.540675083001362,0.0751721645107768,0.03564375317772086,0.16379542641248704,0.20040377460969638,0.3235784307347986,282003
track_02298,Rock,146.22140973700638,0.7284839433999509,0.749062475926467,-9.522378309971604,0.12423970381473229,0.38520140741885556,0.1327340834899126,0.14834003603443555,0.5988083904347451,211365
track_02299,Country,107.47390358593088,0.5855183641887004,0.5886620410840546,-9.927497526913427,0.0797788845082861,0.5809204788258413,0.14307894932315318,0.280932122604989,0.543949679935343,280665
track_02300,Country,99.50059385718245,0.5611601602207513,0.679786307714024,-4.995949549050913,0.06859551042881096,0.5008913718528906,0.1715893361381301,0.13055674018730828,0.5539922341697091,273417
track_02301,Reggae,92.70228402394588,0.6985056564050636,0.6159886602948152,-9.898373554354379,0.096854615999387,0.503237463097115,0.1122503925021924,0.28985121693735705,0.6961631954291401,267438
track_02302,Reggae,84.75226770259096,0.6212733481045397,0.7539918895317212,-9.652097603838364,0.08862925150422048,0.6422546496779914,0.05429757722851117,0.18176612330309577,0.7178043062944712,292059
track_02303,Jazz,110.24046459650029,0.4421739278311783,0.5224785140372946,-18.449567119523955,0.07448922535053798,0.8037425848450257,0.9791051501124093,0.24529414956357076,0.5613385438921079,374311
track_02304,Jazz,143.52815534831944,0.6665967287141406,0.3023024428676631,-8.394731555083625,0.06823473474138225,0.7619400124506882,0.7624796438003623,0.38221050510371124,0.5148927636677808,324989
track_02305,Hip-Hop,88.45623504433104,0.779053847035589,0.702820280960213,-7.208567640467332,0.47264120029692597,0.10264309246402117,0.06763168034302147,0.24829189376851069,0.7338771500993528,182323
track_02306,Rock,129.24524288236643,0.5002771627350325,0.7810378564564827,-8.476306346651988,0.0711889160570971,0.14429699590729006,0.17839459992674844,0.17162246304770284,0.7327003458992705,231747
track_02307,Pop,115.97608141127748,0.8581249834744037,0.8166796820391121,-4.977164666586258,0.07754068542639489,0.3601185232362719,0.038107017727951976,0.18232495687882525,0.6905016676859701,237026
track_02308,Pop,105.97380208628766,0.724805147670178,0.6090973913502141,-4.106614953935468,0.10018902792562592,0.26352092579835107,0.04229485684403137,0.20694781897784287,0.5260833757647214,209527
track_02309,Reggae,86.72374355194755,0.746056561470789,0.530329529704117,-5.742430783818016,0.048948928214722874,0.5649394560445804,0.12204865485046974,0.2553799311759166,0.6654732507075367,295038
track_02310,Reggae,93.19369639738565,0.6823343049076889,0.6605349556725202,-9.482016054973045,0.050566370185467696,0.5944453376245491,0.039769281015871565,0.15209718574036082,0.5859558845385298,203824
track_02311,Reggae,93.81756283587399,0.7995486122887554,0.6379380602249414,-7.056653561912915,0.0878666777682951,0.4504138838378177,0.09143500551072373,0.29383345327811705,0.5096873051379824,197527
track_02312,Blues,96.12362260954878,0.697242592467734,0.500439497920757,-5.706110292953718,0.057174664012729526,0.4030819328437777,0.16406523907074838,0.15559664570049508,0.6972867781706067,181962
track_02313,EDM,129.21436464350998,0.7963081886780217,0.8485506193039521,-2.123737957076355,0.0386060381042802,0.18810868635837696,0.07777629061367076,0.2979868271306543,0.6674672761523381,192451
track_02314,Jazz,120.14340380626953,0.5457262008971281,0.4004234297577161,-17.07187861665037,0.0789620008682689,0.8367179507495925,0.948769507824925,0.46242553494611743,0.5817847617471661,327606
track_02315,Blues,87.12601351876535,0.6711130120434166,0.5435892061027631,-10.633936219975567,0.08652503412221238,0.4047438478062153,0.08980699325283803,0.13033427461184785,0.7033789718948296,228847
track_02316,Classical,76.72761840900668,0.17233846357974275,0.3354239938368252,-25.20186696155747,0.061514231726009366,0.9459929162840908,0.9968657377788777,0.2696964995560149,0.2374841920171011,555367
track_02317,Pop,116.08336860835047,0.8019413853004368,0.709512604593717,-6.405453704460868,0.07881899966316765,0.4647009426657951,0.008208564252209434,0.1496999635241091,0.7424763165510928,220132
track_02318,Country,110.19300446440367,0.6971949579042653,0.5313454889816859,-6.937298591942536,0.0952739798736644,0.5134767734657948,0.00838941461284144,0.2525508770949546,0.6719472535152555,292157
track_02319,Jazz,107.5664877124277,0.49677344466978135,0.4495026087088926,-12.097955631847313,0.0638052410675895,0.6658851693889285,0.8513227984870166,0.21008462138859801,0.5580807040126459,349463
track_02320,Metal,146.97624251354875,0.48795863154356134,0.8263449194722108,-3.8133503320446254,0.04021318010514369,0.17106066430941266,0.008993301590260993,0.17118754533770422,0.48941222399073264,189610
track_02321,Classical,64.14037607119064,0.15979415783711268,0.18263398447839152,-18.480489882839834,0.03984879370142444,0.92821328537401,0.9690089739201703,0.21010695115322114,0.4559030849757781,503641
track_02322,Jazz,125.0361855415188,0.5282945291546953,0.46399110563847046,-14.661099355687663,0.08756421965615416,0.8168193677076194,0.9069267284616838,0.2693104400665291,0.6878301153925569,325240
track_02323,Blues,83.33927783511643,0.7541671269052527,0.5688133542690962,-8.351275270262665,0.046641362465193396,0.45437286181977177,0.015630984731023357,0.15668791853721148,0.6995881214571639,200058
track_02324,Rock,132.67875487025967,0.59069166091414,0.9040761019438236,-8.379078729925135,0.09601454363836673,0.21588459598288468,0.28847377834775656,0.22984176236514633,0.6336696736726897,193236
track_02325,Country,90.5545372911541,0.6622369062794758,0.5181015038090567,-5.913173485033422,0.0647267796565098,0.41444130257021533,0.1573933976275586,0.21111998494381673,0.7174383868576197,195732
track_02326,Jazz,129.3701047169377,0.45680673656152,0.4625191288001824,-5.403471760533709,0.08286451575122739,0.740491279791676,0.9748251956744125,0.3725943069515918,0.3540191994911213,344349
track_02327,EDM,132.96135505806492,0.8593954273218621,0.9473959929071314,-4.30445860008523,0.051985761759930846,0.10182593407888461,0.1027589367271622,0.1872300533038472,0.7075248306604869,288185
track_02328,Reggae,97.50213694193155,0.6586317664037096,0.7214817723999537,-11.531573000961801,0.05877778471022692,0.5614844584535179,0.04175459366620851,0.21445452705711643,0.5906492424945647,218809
track_02329,Reggae,101.05734976487571,0.766984128650254,0.5664599016607439,-5.968592983532233,0.07551520842263618,0.5902000541538102,0.015970804532689044,0.2532375366906807,0.5932360713720976,291559
track_02330,Country,84.35141809028431,0.6777632003820548,0.6689266896425508,-9.428886445488349,0.09049503537680484,0.6397209487535492,0.0713122119970171,0.23785536087933126,0.55608540314046,215607
track_02331,Blues,89.4635302828306,0.6583438647754748,0.7728012721372421,-9.033259615894412,0.09763862074489284,0.38540126905799027,0.19948479469621788,0.23951618179190645,0.7329180272199464,225463
track_02332,Reggae,90.21793831970892,0.7728882251784327,0.593944707241944,-10.075313003610308,0.058105038744870545,0.6097455371370336,0.09905834627014248,0.2074170651708293,0.7494966255226566,274716
track_02333,Jazz,124.56806097773936,0.40895035424424375,0.44474588438915597,-15.923312372931703,0.06840034323717262,0.5091377573691784,0.7154836549212119,0.20479274865301472,0.5476527480188456,387397
track_02334,Metal,152.454064309666,0.5637772617485179,0.9657220775584029,-3.0584555758458656,0.03507779429753203,0.06478228991030724,0.12071724185721447,0.10269116168293423,0.31278927410054924,204701
track_02335,Pop,125.85816874756615,0.6912123602212245,0.7789991939209546,-4.4511386120805385,0.0916265867929184,0.24291536130361743,0.04055072188424805,0.28750358759605377,0.8479553700107986,258792
track_02336,Pop,124.8531053605389,0.7337021487148968,0.6856035880735304,-4.462602248951933,0.10820432363697044,0.1863184529757875,0.04736377676762792,0.23546582665991367,0.5873791486307482,183706
track_02337,Classical,81.94046983662575,0.2259880157846086,0.33582586875503495,-14.001921454482266,0.07106075457304782,0.8533327565995109,0.9871268522820422,0.3962281995390473,0.31589022263779476,394964
track_02338,Hip-Hop,86.9072076265952,0.9375455984329172,0.7723322949619198,-2.9407497296026186,0.3784483466159615,0.12481109898326699,0.018397176074383372,0.2040205285258496,0.6984005720286661,288227
track_02339,Rock,132.36230498811986,0.5185074353209134,0.8154714905987158,-7.131226555507066,0.06836887278317834,0.17738399127347515,0.1016329035028591,0.1490126721856309,0.561380987653151,185675
track_02340,Country,103.4530955616477,0.6336616654404008,0.42939285267394284,-9.082030275086261,0.08958332631568211,0.6996410295095475,0.06713658114825098,0.1773403323113651,0.5463464074368759,290920
track_02341,Classical,59.60396933273135,0.2879080902061236,0.203760787556729,-29.104832884327006,0.03802662241065126,0.8671267451764653,0.9092745327378727,0.3859932219139829,0.3387056822166182,393724
track_02342,Hip-Hop,86.4836988156674,0.7016851408972667,0.8946145196972257,-6.97690184873191,0.4977992960114809,0.21473529098385463,0.01716083497474761,0.12234245642048372,0.5610308767379235,232567
track_02343,Blues,96.12035694148572,0.6942147769597047,0.7860047900244671,-10.286532573187777,0.044184095041709344,0.4331064980034599,0.13236097406134253,0.2474314408552544,0.7215490691344427,253387
track_02344,EDM,131.62567230480164,0.8731467505639222,0.9353930969250704,-2.2393160607698896,0.06810086656047627,0.1014354321537153,0.13482360878893396,0.14950911314342868,0.539539811706645,207531
track_02345,EDM,129.2776121839775,0.7515297695651199,0.9676345344415823,-0.0015139517046547368,0.04289614040482598,0.16846552145206595,0.2618958409177222,0.2992147577514159,0.6370880519111918,249307
track_02346,Rock,120.31260929495524,0.5686427010925956,0.887438800387643,-5.066102013690137,0.11893448310421156,0.1621516505753385,0.2546176711488584,0.22629155811776258,0.48654780709382206,266342
track_02347,Reggae,89.33189622798598,0.6053374852958437,0.7712432995564258,-11.85898734671693,0.041776771728518895,0.3661309513485841,0.12540302631711206,0.2083108281172712,0.6978461409666054,181942
track_02348,Jazz,111.92638520010863,0.6646706054842747,0.48462827289970806,-8.053050365653267,0.062292963331325855,0.705118008143784,0.7952863631610183,0.33152798362954733,0.5441509049420215,253118
track_02349,Classical,83.11131176837637,0.1189239076818285,0.3031852973395913,-25.700312264980017,0.02375908586459099,0.9324995691182123,0.9121412252973122,0.424102177640755,0.2810821565020869,515220
track_02350,Classical,68.89046115153191,0.13062413051619748,0.14423529023215975,-21.586590503011912,0.02944424493712185,0.9709051288533193,0.9578096930928026,0.3104785689050754,0.22784901529010684,541334
track_02351,Country,109.78827492793357,0.6073279495343619,0.656856980443439,-9.829978333063671,0.06427554261375755,0.6857287134317084,0.05056093174613452,0.15323096409048628,0.6890368966137883,235437
track_02352,Country,97.74087991122408,0.513413327184957,0.42505711150538406,-5.808633849188518,0.04334148630137229,0.4949862049589876,0.02727459619611581,0.16644965382650967,0.584137998167739,220856
track_02353,EDM,130.8607285514056,0.8987597444955944,0.8473398481310787,-4.566398347123943,0.05003283865115199,0.1780437021136582,0.25418733030881374,0.12341649130005378,0.8859133058074115,191430
track_02354,EDM,124.5129438370543,0.778080157468824,0.9926556634143744,-0.08505395137507676,0.05667184967864785,0.02272677795004585,0.07896265497998775,0.20308339244321105,0.8405789800391927,227271
track_02355,Metal,152.88396872023236,0.4742371682233383,0.8779327659080938,-5.508007539720862,0.04537319764953908,0.17961739852019698,0.11720758948603782,0.2806529697886102,0.42324119609237026,294954
track_02356,Metal,160.93786715671334,0.338939940244002,0.8794475164365837,-1.0762766858412673,0.07944437857940441,0.12048547839083759,0.14185344094422686,0.29025675925706185,0.4349783583723631,291837
track_02357,Reggae,85.09829048044895,0.6022623072522969,0.7599466326907005,-8.33532159060805,0.0990192002489253,0.4540142779614987,0.19137460139789408,0.2230114526945119,0.653661521551059,240943
track_02358,Metal,167.12867951527383,0.5866101842193521,0.8995559823942106,-1.8186580085408117,0.057422907101844674,0.020340456734952217,0.12311391642638934,0.29948005526392185,0.3104213347937829,262688
track_02359,Jazz,111.6248098756418,0.5118128535318686,0.5696391582807359,-12.432707167522427,0.06683045721006566,0.9090125544183882,0.7146721402914843,0.22593689452856713,0.30867554275051573,378265
track_02360,Jazz,99.12635652304103,0.6628066377604848,0.4495598708917817,-16.672706408570086,0.08830884238626496,0.6471619271163114,0.9807069346456627,0.27512716635567214,0.3670882611481147,402615
track_02361,Classical,59.92420084738183,0.19389796628954192,0.1957422246376579,-13.651135562456751,0.07257240859987896,0.802207215841662,0.9654661628561383,0.4058264839696947,0.5845699506392324,462651
track_02362,Pop,100.84885590479168,0.8130998973442911,0.7688847905408238,-6.031190393583637,0.05963173058197798,0.29979470939628905,0.044521587746854135,0.19374456978824656,0.578272419896635,202345
track_02363,Jazz,120.35420291660431,0.6226247682712234,0.3044690325007269,-6.197125662652573,0.0610903128285266,0.5205609483086961,0.8238937930319553,0.4198557899811648,0.47678208065003846,306527
track_02364,Hip-Hop,85.18946217868518,0.7569397034298804,0.8705424412327121,-4.861286198962674,0.544632373946391,0.1667056628371852,0.09436020957123034,0.281826815111369,0.6931552168041608,244317
track_02365,EDM,123.193536265262,0.8769763122933516,0.9343130966043649,-4.386607718230175,0.039545655324066835,0.18931515729404202,0.09125322765946434,0.10516630206387634,0.5255128203304327,234202
track_02366,Country,92.59740639379669,0.6806103508121439,0.6174000309001518,-6.448856957858766,0.03995460163703088,0.5559142872658863,0.0505332401006942,0.29973451087025604,0.5800885820303662,194903
track_02367,Metal,165.12764909768276,0.5503905371308764,0.9006403954767185,-1.075066804474483,0.07812624547023025,0.054356697419308445,0.07739538470691823,0.2505418825941519,0.5329810385933327,277238
track_02368,Classical,82.62859234259778,0.2305267667204507,0.24253629307396213,-22.446969006906947,0.045150713083821334,0.9700810302114685,0.9980008843607394,0.2155727554759895,0.4320978652161762,447915
track_02369,Rock,152.61460803988805,0.6203883645886399,0.8918505705441149,-6.686964838886796,0.03254765900087674,0.3443149322943813,0.033946734826115786,0.23922697926740905,0.6319603163709989,182917
track_02370,Country,124.39334278719267,0.6710170943491096,0.5909861245800894,-5.421547615616765,0.09604738150344184,0.6581854920677965,0.08370191587424869,0.14350862738425507,0.5935556634803754,194826
track_02371,Hip-Hop,82.71579541383898,0.8349935932886099,0.6588990671974682,-2.284910565841442,0.5691406286618728,0.009887158459629375,0.056196179823038886,0.25786175804932265,0.5981567839736028,285246
track_02372,Metal,150.04200478600416,0.30585422830132813,0.808686004871944,-5.848810374187776,0.07902383833888627,0.022896467693578094,0.028423770595161615,0.19682999749162,0.44442035006794767,350583
track_02373,Hip-Hop,95.37069995340848,0.7789321931651618,0.7835471853298785,-3.7350213206036136,0.30311105018769163,0.010268527554511197,0.09864770119382993,0.19151142097856308,0.8743270101746219,192129
track_02374,EDM,130.81923615616665,0.7377105011646324,0.9956303466100423,-2.0775187145080642,0.03769426493474,0.1363305960589494,0.027614552949101357,0.27360745594803193,0.5360549389021356,260843
track_02375,EDM,130.9820007126351,0.8146725542628798,0.9060164268241157,-0.9761249511133947,0.05890514002957577,0.1239206640834571,0.1250940070768668,0.2584876734799212,0.8792913333157282,243365
track_02376,Reggae,89.611422264941,0.6594670423684196,0.5785451155885628,-6.548376891227158,0.09345015144385216,0.5009266730995806,0.15595657639347169,0.13741788523944826,0.6642929039107544,208682
track_02377,Classical,59.68872921173426,0.24682004636381547,0.35172345315684983,-17.29547490037082,0.030149660097009638,0.8149104879697087,0.930160390817448,0.21109703355512585,0.5356876041811736,547001
track_02378,Country,99.7487357798193,0.7282259120860857,0.5136600037432443,-7.764768550838821,0.05846952296802538,0.5127428408264343,0.13323932150144194,0.17166465242639856,0.5061031809842738,195876
track_02379,Blues,82.78293468490713,0.6905483629679469,0.583324995983086,-7.774037908036968,0.09945264321243757,0.5188927682846659,0.129379183378554,0.2838551515502402,0.6122001253175275,240227
track_02380,Blues,89.2843680126433,0.7064286102098186,0.739853613978911,-6.451789442337128,0.08187920823898376,0.6544217224519944,0.03987213831557926,0.13544829771020284,0.7398048548760292,298237
track_02381,Country,104.35573982875428,0.5508303226520441,0.6691383506741211,-8.100364446067932,0.05287571839525288,0.67529598877446,0.0026462141567409115,0.13879323029671395,0.6265796799690365,212003
track_02382,Rock,132.43339708564943,0.7174919552674133,0.860858540243086,-3.1319193306553803,0.05918769579025841,0.38707125303632406,0.15453286780151207,0.1438079132946993,0.4592716170797173,252884
track_02383,Classical,66.65298532023635,0.12353069053342938,0.22782469391878252,-26.42716018828841,0.06674997185157236,0.9742975233424431,0.9389647507968176,0.3533995295946916,0.5813984966243766,317619
track_02384,Hip-Hop,80.93228713647233,0.9487683039608562,0.6426392981076163,-2.82664147641981,0.4491609008018896,0.006814233374900447,0.09722229414393485,0.2930095799486716,0.6533083360731549,269115
track_02385,Rock,144.19767630230274,0.5575786960663504,0.7739941709004483,-4.544637939581762,0.07528297014783539,0.10213825084858635,0.12427152725867835,0.16842079618988787,0.6733319654233165,271099
track_02386,Pop,106.63331221576954,0.6860367778888051,0.8466817931590471,-6.750828489920934,0.11065802962230578,0.2265755076525311,0.03745634261562062,0.23196826201394105,0.7247134218646729,248127
track_02387,Country,96.35558996894474,0.5221444149824888,0.4606968574369024,-9.384082107929137,0.06646887637414879,0.6964644858747344,0.006865470384851769,0.19222566986389228,0.6158210987323586,209224
track_02388,Hip-Hop,86.80781434278093,0.783594673000022,0.8394728419818269,-3.6474757633070887,0.5301476190423586,0.271239015280306,0.05951512559003794,0.22290686580561087,0.7887736478588931,232544
track_02389,Blues,94.44026427022628,0.6269255305574823,0.7227919499437793,-9.977911893994985,0.09300789610672558,0.4713313901602563,0.03434466265947511,0.297168890022102,0.5529903557689735,280444
track_02390,Jazz,111.64394709566523,0.6320684110431816,0.5013554700601401,-14.226191831586295,0.046591725726667595,0.7419484139599635,0.7316999889332472,0.3500441680634976,0.6281173083102278,319462
track_02391,Reggae,86.98635325609813,0.6380690303607036,0.6449742029660761,-5.519967418829857,0.050281421140877705,0.6394795260918967,0.08364098832302347,0.12736039614062838,0.754514691196597,248070
track_02392,Blues,96.71203707322962,0.6434596721697907,0.713692665778554,-8.844863930837647,0.07138878247773514,0.6254965931487595,0.09570093635314188,0.20898526416107982,0.7526960799224067,181555
track_02393,Classical,78.14985035404241,0.28346678402924785,0.3843958657498586,-24.54898934691407,0.07475075657234642,0.9473931109454578,0.915421474848858,0.38308100849246307,0.2105339277227965,317754
track_02394,EDM,126.1424538724908,0.8580989039196959,0.8449594986279882,-3.7673549289805797,0.061495610364750014,0.13802235451170305,0.26255395475026233,0.18070114355535907,0.718931132839101,215107
track_02395,Jazz,128.19190112058862,0.5430011488478825,0.5208892998632635,-15.788168016115113,0.07947505221082463,0.5884800840152196,0.8631130790083099,0.48733987746499585,0.5512888929163946,265006
track_02396,Reggae,84.77181066397341,0.7512021854352386,0.6978299360503248,-9.443811513286207,0.0706602474447474,0.6739790507982989,0.14592219319538843,0.20093684669986717,0.6780347455853217,224056
track_02397,Reggae,89.499794811347,0.6207242925849947,0.765249531154037,-8.590884596774377,0.06632574537201483,0.4629428097750481,0.07300283477184114,0.20520108072171883,0.6813623679835112,186605
track_02398,Pop,125.7035183536376,0.7888786887302581,0.6785771781907626,-6.1654104374978,0.08453682199863176,0.36925201342508207,0.0291089944921885,0.2865396249125883,0.7502995306289237,182485
track_02399,Pop,106.97986547043587,0.6789114057735153,0.7357024997909704,-7.375309223247285,0.1049757788378432,0.4164695464889707,0.015047449432754085,0.1139634009945592,0.8955389836934298,248084
track_02400,Metal,165.41821903953772,0.3202675953952035,0.8659929918767112,-1.1549836891285343,0.06964638063759976,0.09606661596202869,0.06106608434513605,0.18466121970949373,0.3052096824691926,333100
track_02401,Blues,90.22335434827916,0.7131690105725139,0.5005069322906882,-5.14084961815798,0.0581283422613332,0.33088970039684634,0.17087771165189805,0.13039052081026906,0.5074865408673466,183177
track_02402,Blues,85.30291100607211,0.6155469270496323,0.6987075745666542,-5.694322153382921,0.09816221746110798,0.3866528804102062,0.14977959132157517,0.2852740897411059,0.5274107932548308,275120
track_02403,Blues,88.91024113272967,0.6002032221852139,0.6743321607631683,-9.664369089276878,0.06340921176174469,0.4045643792792426,0.10580904108821257,0.14602452439362876,0.5404466258469411,274827
track_02404,Metal,141.9600739388344,0.5406954543081409,0.896287863071159,-1.895470856490629,0.07122973207754751,0.06342706496960863,0.0008692607615224724,0.28224913549162367,0.5282084079258721,236615
track_02405,Rock,127.89911923129571,0.6645266162515523,0.8665189697541367,-9.472572890990834,0.0847741553036678,0.23834683238798895,0.09574100224264395,0.18314756610629634,0.489719189646482,268738
track_02406,Reggae,92.59793900009109,0.6337805748012905,0.6732534928391588,-8.949605464635438,0.09683781780357151,0.6744780918500876,0.11309479106799447,0.22886986719810704,0.5413389403321227,292173
track_02407,Jazz,110.57826365700063,0.5998266216876287,0.5081779328812889,-8.55001115037934,0.05578796342544456,0.8201487518318756,0.8854835374847619,0.31559301494344777,0.5654027921475231,350127
track_02408,Classical,73.8137465519019,0.15351343995855005,0.3674755884841433,-13.087664662208496,0.04417942396620524,0.8061226559794158,0.944665143050614,0.254257404974016,0.2570936280595525,416833
track_02409,Reggae,76.73395183702642,0.7522016660087395,0.7908987918526746,-8.656353964366623,0.0403693047264865,0.5385068538153512,0.13079317442596788,0.2656036611990653,0.5598220943288352,201991
track_02410,Pop,107.64105466854507,0.8095582688908238,0.6248729394086459,-7.557397251429295,0.10121186339766461,0.18613176200138748,0.02236196543166244,0.2953242202702718,0.8279627193615502,202406
track_02411,Hip-Hop,81.82370360556915,0.7773692533187706,0.6523734285281486,-4.279175455328627,0.5342238453796189,0.15400408957902043,0.07954730732978826,0.10256265932124625,0.8281905458636782,216583
track_02412,EDM,127.29864120863314,0.7308252805116323,0.8880361548700715,-0.939980303006041,0.042605739821785435,0.08876630105841304,0.1481494770960804,0.2725462625183489,0.7622399076904076,237229
track_02413,Metal,154.1708264448825,0.5325929464853837,0.8464706830174595,-4.325316095443615,0.04141768562746869,0.18918891211841038,0.03374436330811703,0.2464638008036339,0.373724188181561,303300
track_02414,Country,100.84412944981925,0.7490154692930306,0.43017302327264717,-4.711844613480556,0.09622349273882153,0.6094681884787837,0.001992437947064696,0.2641597168063561,0.7646815782832344,212827
track_02415,Hip-Hop,87.20499972352579,0.7945728881073177,0.8981381389911365,-4.0223901412031795,0.5445745303327437,0.2009092161875198,0.09894162910871267,0.2642719534435546,0.7077692871581762,261350
track_02416,Classical,76.58967873015374,0.16251716254684598,0.15823814190033955,-21.13651345029298,0.07687237237188001,0.9076016583414325,0.9286404876703646,0.30621818549091123,0.4452302846868511,371501
track_02417,Blues,93.33926956643911,0.7809495316348775,0.6175305097695795,-8.05760982375325,0.08236315611732285,0.6811746797006906,0.18258644745948635,0.111438460676276,0.5744497529627842,228303
track_02418,Pop,108.85018246589368,0.6099780044329369,0.8401924984725068,-4.519287030835323,0.0630604670924666,0.16324191526416765,0.028483115136020448,0.2267037451273198,0.8324950519486956,183591
track_02419,Pop,121.69578430505085,0.8853285882713173,0.7036315856651281,-3.150305178437243,0.09388166466309797,0.2663340489731726,0.04014006719839585,0.15906570402804024,0.6063185045440873,204479
track_02420,Pop,110.14855734571857,0.7171462085904285,0.6339795067362448,-7.665178823550456,0.10514898033739341,0.37036429272093785,0.020589911230330167,0.27924552703421135,0.6643427009770398,219438
track_02421,Blues,100.06185723603062,0.6827331553454739,0.6941591516882342,-10.197132931582228,0.0660845268261732,0.3838182950407356,0.007636990535909605,0.21770797011507445,0.7593288036052392,199498
track_02422,Country,101.23712251616011,0.7265212055221754,0.5263345512602889,-9.31107328835591,0.08872995690991017,0.502493243791226,0.026757154642118076,0.22292328002856626,0.673425177563507,193074
track_02423,Metal,173.24277763129672,0.3392226018307401,0.8471893553785514,-3.3225367810686697,0.0776615848182109,0.05746852364875121,0.09750548424414207,0.17998617261288366,0.569219001609024,203815
track_02424,Hip-Hop,78.90034550004893,0.911529924797486,0.8964352731187775,-3.807647014869156,0.4139806426999573,0.12354730576018316,0.035168221974276395,0.2207226199613907,0.7957623082873004,191026
track_02425,Blues,99.4187138629005,0.7622982247415522,0.6933522513229209,-6.419315189658083,0.05142790986757078,0.4110066161499204,0.04594456431746135,0.25966063756291513,0.5258385676571228,290803
track_02426,Classical,75.6473811674965,0.13188883124149187,0.27309997770080086,-17.085945393975635,0.05153693585120245,0.8072853425025228,0.9057727958802332,0.23400235540444564,0.2614583219953356,362071
track_02427,Metal,152.33127207097095,0.5539885574257373,0.8178113216688043,-4.050534291111276,0.050142834326419486,0.09916513103133669,0.021224118471881062,0.12053202424991027,0.42492478672977474,218593
track_02428,Classical,45.62057516867967,0.19167817123977,0.20455613330269626,-13.647305743487735,0.02655586913726906,0.8830628479655586,0.9428031130549217,0.3406176813842539,0.5445399964394515,416921
track_02429,Metal,161.14710122397122,0.3657064791929002,0.8559252695365729,-4.411459981402412,0.03190088347332419,0.18261775428238006,0.1800605405266748,0.12155556990599103,0.46700806966501596,355578
track_02430,Country,122.315413981827,0.6708534992604989,0.5809052981615004,-9.254069192924016,0.0762054351473257,0.5826616911868112,0.10624472759476111,0.18048125331464535,0.7864762982159493,237080
track_02431,EDM,131.35738835716043,0.7485327562639381,0.9396519726612413,-0.7223479750854818,0.06836857090537041,0.09484950308005391,0.2913327368946352,0.18232445933633573,0.5872512158697543,205063
track_02432,Classical,63.21379382463118,0.19811632432017212,0.23592324061236528,-14.248612140570218,0.036069804616157344,0.8190137498449712,0.9209572620336679,0.43739025108478474,0.4708191700374473,557884
track_02433,Blues,82.47496320209038,0.7002062918027011,0.6584536447936064,-6.6026773177285225,0.07342075118637634,0.5372342512500439,0.0665823687543619,0.12518905955685508,0.7048197000265497,284698
track_02434,Metal,174.49989384984866,0.539878386248761,0.928717655268377,-5.164932914505399,0.06351550188335331,0.07830983952316206,0.09262860605151363,0.2843129151474689,0.4079892138893241,268765
track_02435,Pop,111.78240432297217,0.8591628233794689,0.6000364419018133,-4.975818223971751,0.05068648954739148,0.38557372933738987,0.011746120091410418,0.17599625035462588,0.6521750057094016,254667
track_02436,Reggae,96.73560591171314,0.7841060297222328,0.6236898757522485,-5.778440297627466,0.051935807327501964,0.38857082714406904,0.1692382753169607,0.28065154826812366,0.5668417303888003,248336
track_02437,Pop,112.67858146771884,0.8284347231440385,0.7274979569490707,-5.722055788786152,0.09088979518162006,0.4560892453848745,0.00452151897828288,0.23894482552731625,0.8707163382621621,187094
track_02438,Rock,136.01444778348736,0.7620552759716785,0.9489086695716338,-4.6380171917283555,0.034706823734889924,0.2549401229750621,0.09844451286435203,0.13388173474655207,0.5371960825679614,298747
track_02439,EDM,122.12823518841343,0.7973587416196134,0.8737831831760152,-1.6398748894005073,0.033610110467328695,0.041108380208037046,0.06014912120552035,0.12168493482314202,0.5830379915345836,199744
track_02440,EDM,132.39922961978445,0.9299359752464447,0.8817298630778543,-2.7861792789702067,0.04009378136766987,0.0002336292848095445,0.033135201412610234,0.24077783028546176,0.7729982373502571,269374
track_02441,Pop,105.00280517790061,0.6947388896292069,0.6075514667527737,-4.936208795789432,0.09290950866170966,0.3902002325505517,0.0005498144637810676,0.26356825776489334,0.7954843829601232,255012
track_02442,Hip-Hop,88.50631962519223,0.8589865914501744,0.8065278156962802,-5.6177162008376325,0.3311972851643583,0.181997960256067,0.08021408005167269,0.29951529675121175,0.5892233227851769,195332
track_02443,Country,103.84258136821629,0.651178902038493,0.543803731409002,-6.586029913586255,0.07212387832602678,0.6903478704530741,0.044594661493515854,0.14291248394009182,0.5171655463115947,292494
track_02444,Classical,81.33942553639173,0.16970326982295839,0.12583875010439574,-25.903502946415706,0.05834615029930913,0.8993503337077524,0.907008945160556,0.3631855152919564,0.22165706457963316,335229
track_02445,Blues,88.71289711155363,0.7988037383628779,0.7200749783067975,-8.374609401044827,0.08828232569248812,0.5819214604936305,0.04875523552719743,0.20605165496550332,0.6667996174502213,256245
track_02446,EDM,137.04428265861404,0.7447981557138404,0.8446738103315774,-3.594762995220192,0.030410205975126548,0.1833887784339019,0.20582879747504365,0.23792346315689417,0.7289322455236485,224111
track_02447,Pop,134.83694764567485,0.7299043797981566,0.7031097534290124,-7.411730473701328,0.09365537680731716,0.17031426102598435,0.033551079781898606,0.2934144486459962,0.6025651309905182,186115
track_02448,Pop,122.45173742009403,0.736195859367047,0.7238624106698244,-6.7204797858517225,0.10064125444315491,0.20790788687558776,0.04269456876416793,0.13553187362835736,0.6468941179061134,243823
track_02449,Country,105.2775968849073,0.5327969749388446,0.4686106553630492,-6.631505882597288,0.05146070421289273,0.41251323717665384,0.0589744283419571,0.28097403771938056,0.5522669485765463,257166
track_02450,Country,95.47286684347048,0.7126245996398516,0.6463611553003448,-7.183837115938531,0.044842174226454944,0.6732126199226458,0.14450983728921515,0.15634957283970405,0.6022987168266928,235146
track_02451,Jazz,120.85929652716027,0.4967917125108419,0.5724748084224358,-17.191797979708443,0.07617175780578678,0.9503101921328212,0.7141568953197648,0.354883241281692,0.4802675250124748,268497
track_02452,Jazz,106.64257815088536,0.577345687889527,0.5224898621793719,-17.764401170068844,0.06231731723963649,0.9351389979838203,0.9832669424680963,0.3362209282849053,0.33180637361233317,265875
track_02453,Hip-Hop,83.57455085520641,0.8613619001468302,0.7190304962915754,-2.711827734596599,0.4952506338567048,0.1738158627300869,0.09802647501025478,0.1561281040121302,0.5261017162446497,232533
track_02454,Hip-Hop,90.05772356065555,0.9322397873252962,0.6858770917079375,-6.559223057921015,0.4549556060473359,0.15258268429099983,0.02264836494838969,0.23993113137998953,0.5118535276946773,225926
track_02455,Rock,128.3922373492152,0.7509287163645437,0.9198554738966516,-8.608766187319029,0.14264769198038646,0.3050437020977271,0.28458993097127444,0.16057335165802256,0.7478820377594536,233788
track_02456,Hip-Hop,90.74261817777472,0.7236846498256299,0.8467097099583885,-6.7157590553374344,0.3077040791577104,0.06532161590532341,0.04792851046998328,0.24842227198228642,0.5874529923331415,285182
track_02457,Metal,146.5767697412834,0.30717088937953924,0.953721065358903,-4.348428064541242,0.04636061548529134,0.13773690309495393,0.05057379535455886,0.28180409731982725,0.461419797376565,187676
track_02458,Country,88.1574117397225,0.5191672111473635,0.5010476102937109,-7.711177939513624,0.0811294504056406,0.46388867737918416,0.07506917067651422,0.2821285087915183,0.5343652651067087,281800
track_02459,Blues,91.16510080917796,0.7304545108788049,0.752218724737632,-9.989890531965003,0.0782269869287379,0.5362413958095923,0.12448392015866896,0.13372638542935505,0.5831729119994206,208823
track_02460,Metal,162.8235370326811,0.37819029450851566,0.8637669846006437,-2.669421309453713,0.033909582356806675,0.12552253798372334,0.1832059920371501,0.14981811106028495,0.4085723180353808,326662
track_02461,Classical,68.65948563802989,0.15315889469776783,0.1662549449526261,-22.997928648508427,0.06828556391543268,0.929371493976892,0.97859409178637,0.37490933190059184,0.3030932312236587,501650
track_02462,Pop,117.11504262338185,0.8342946410622217,0.8117803065411794,-4.158587001857919,0.055208144040994354,0.40488865086794645,0.0022883726575134654,0.12111861314127824,0.6761901491730669,230483
track_02463,Hip-Hop,81.00448796106889,0.8411580762887749,0.6097308022368254,-5.363130631193138,0.5142159665905073,0.12448763762633103,0.01179541478201609,0.11230671739787082,0.8414637799124707,281305
track_02464,Pop,120.8904411578483,0.7408550985375624,0.6807339403110972,-5.9379094772556344,0.0996647718415444,0.30671708129839614,0.0003639331987529027,0.28446476931701503,0.5263984012007407,247081
track_02465,EDM,131.09630036718326,0.7646746274805534,0.9717783283852746,-3.4550714905835758,0.047194543042516315,0.04265751295289902,0.25907730473565277,0.13908193213072198,0.8436051973058183,250701
track_02466,Rock,140.70640521737653,0.516504114497644,0.8997555187295866,-6.599961445263691,0.031435457964206874,0.13327721173190413,0.20976057877378324,0.11910139991973656,0.7463852259371961,250692
track_02467,EDM,121.69728923087035,0.7322386390053243,0.9819216360250712,-2.701021194230827,0.06053667486352098,0.01782338568970343,0.017239463401825004,0.19897044258421298,0.6262204606180524,285128
track_02468,Rock,145.3353251976802,0.6953762557729214,0.9378678133013297,-5.581893451366243,0.08024711150902708,0.2169782685203907,0.03587463202945674,0.33383302394687253,0.7044433767018488,272408
track_02469,Jazz,108.22340372845242,0.4135769295961116,0.4229078717920846,-7.211348408899324,0.06272405548721735,0.9543026353781963,0.9602342809578046,0.2185882828982978,0.422108777512725,312666
track_02470,Pop,104.32401047064818,0.7640612662504813,0.7332582212347691,-7.781174588709028,0.11701201061855553,0.4712710641140172,0.034120235533772324,0.11980232993631,0.5831335586997752,225583
track_02471,Rock,140.2617348863084,0.6597531423367371,0.8209860952438203,-4.001821724162987,0.03177639647562961,0.2873645648845556,0.27222392932762135,0.13096669765968022,0.7836658149591952,295091
track_02472,Reggae,94.57728248842018,0.7224008678343727,0.6268190498557973,-11.323650168770627,0.08194888384906102,0.4130921879967755,0.1976561636751058,0.2901094718298646,0.7205890036408367,191156
track_02473,Metal,167.16736753254958,0.4216942726944981,0.8161796421706291,-2.7568938114982506,0.04484645261174493,0.02878934499005539,0.10207931104124689,0.19636874497845158,0.455031122723208,260527
track_02474,Rock,144.54087708363738,0.648162974010138,0.8373729934555454,-5.902951964045507,0.12263511715929144,0.21320638445806173,0.04810910865279522,0.3400146750485272,0.5330762725324844,251564
track_02475,Rock,122.03292468960151,0.5044149002022176,0.8438353183957392,-9.09448718635658,0.05199896522718991,0.2442132434866785,0.26011150229400665,0.35338980152628474,0.7860273685720136,242716
track_02476,Metal,162.14573054278608,0.5903551665365895,0.9395264518590514,-5.394974831503876,0.05429278052703369,0.16332101881232075,0.11449543674164904,0.12651897094566694,0.35156632485096834,205498
track_02477,Pop,121.26855436354691,0.634145442485204,0.7682355916732653,-7.339387380439671,0.08671507249086507,0.3146254052960531,0.002131305326709726,0.2908235581543146,0.8226490520943406,218907
track_02478,Pop,113.58432701242417,0.8004935086048246,0.6395489593861188,-6.797060171787307,0.11378229956665781,0.21548161951990252,0.04094302580985588,0.15718745778208032,0.8757850277293738,229496
track_02479,Metal,153.85303176992332,0.36458148777191446,0.8919690424662952,-3.11840925125275,0.0462899859485246,0.11507667311084185,0.03413167426822732,0.10446753087620742,0.4713673165085289,266921
track_02480,EDM,130.51442342559386,0.8561679536284021,0.8328928554800482,-1.192016866151751,0.06463782473190685,0.05707553626353959,0.2633520542770311,0.11620743375291293,0.8201855704828948,201295
track_02481,Reggae,84.46682343726076,0.6297616606382158,0.6993660991869219,-10.283694995491299,0.0673789545570523,0.4966490922446594,0.0954399100936777,0.21968982873599116,0.5088361126777576,188064
track_02482,Blues,95.93742156230383,0.6709276518603977,0.6775969047650621,-5.253905590167334,0.04332824170836378,0.31592096780823353,0.10331610177379616,0.15824802872531768,0.6745549654802451,273056
track_02483,Classical,81.54352520854859,0.2726531166983947,0.16562722932103457,-17.26507673605729,0.026066862571165646,0.9095869379798356,0.9583958402489672,0.2648711896802521,0.35667725199649475,490934
track_02484,Reggae,96.82676362298373,0.6515385659760372,0.5028057905312766,-7.4785802846466645,0.07890779696588618,0.676142685786288,0.059694102148512056,0.1379008355792975,0.6849147041549174,228949
track_02485,Pop,122.95404473240933,0.6180549961918858,0.6806245601737411,-6.00733754045781,0.10803282824298076,0.26874490217189495,0.04629644452016219,0.299321555428128,0.8122904662777399,200840
track_02486,Blues,94.05999466108365,0.6886317214249033,0.5685291507848489,-11.05162253966949,0.08273404674010199,0.55142762765556,0.09955777330355234,0.18464765915816925,0.5966653192462634,293968
track_02487,Jazz,103.75085778616243,0.538404257857074,0.585303754297609,-7.977130563251626,0.052344955304402,0.6956502508224713,0.9783376285661614,0.23710971761796995,0.4015800967459744,307052
track_02488,Hip-Hop,83.42029574577093,0.8897686283494026,0.7235573785246908,-2.0866918528137806,0.4192836164590301,0.09992149047347422,0.08709863767505804,0.17910128460378702,0.8483589276482721,195248
track_02489,Rock,141.8959987667706,0.6293960775767993,0.823331836685706,-5.824840225070243,0.10274976719358568,0.10450998872859657,0.03756777036096199,0.1709554662534162,0.6711909333383916,265625
track_02490,Metal,154.10986960685236,0.5142219918019231,0.9630585741111752,-1.0041884983635372,0.04366853616267996,0.1113237177507041,0.02680378829094081,0.16616802101969946,0.31349057136738084,279294
track_02491,Metal,146.47418804456996,0.5076040171706736,0.8489289356420957,-1.282481984148883,0.04838085074047058,0.1329281424203674,0.06904898623148269,0.26144911659869474,0.5690768223068328,246704
track_02492,Rock,135.66267032688663,0.5150420066308208,0.8511511573982555,-8.232160914924348,0.08717183466938203,0.22551523790333616,0.09153427560129036,0.2345914718550019,0.589613555698261,233956
track_02493,Hip-Hop,86.34899537278994,0.8022502852701432,0.6455199519300626,-2.124621104789515,0.5703253272632043,0.2680631140209761,0.0788820306352253,0.23839622502870353,0.7620317921168981,213295
track_02494,Classical,64.36130097494667,0.2702824397393558,0.10538688573493449,-21.43423188509753,0.04465990242092979,0.9894951873318605,0.9241036917624194,0.2367217435716407,0.2569040848735904,304821
track_02495,Hip-Hop,78.42627821460721,0.8590815565049319,0.8160296986877063,-4.252066848268697,0.4543688823648593,0.09003323928756986,0.06438456761362234,0.28168577905227254,0.502765036467867,226860
track_02496,Blues,97.3187590152134,0.7549725459810692,0.562770358301413,-10.377185056811319,0.042988770284557984,0.37513828451279774,0.07576307872195974,0.17991453974298074,0.626188426079472,255811
track_02497,Hip-Hop,81.76580161457287,0.7746145986280295,0.7113856837225435,-7.53136887845349,0.3593950768348674,0.10064901609927851,0.07958904332331344,0.1364994709685728,0.6386561495936899,202068
track_02498,Blues,78.62068404989651,0.7114208689653212,0.6833752664422783,-5.941384755764831,0.08914695991011784,0.41415118187355215,0.027390737837971947,0.13121663644208076,0.7906891829121334,214537
track_02499,Hip-Hop,83.33004552506578,0.9124212840307504,0.600030711757754,-2.448924863174901,0.3160465871689106,0.05126071485720322,0.0029103543332409387,0.2039040092469197,0.8772377240342009,162023
track_02500,Classical,57.2332377151046,0.20098872612356705,0.35190519114161,-27.026364763550795,0.052713465156446024,0.8696825323658457,0.970279475821723,0.20564307294871842,0.4681893199212755,536394
track_02501,Classical,78.44741111123417,0.27898718617853174,0.2558964867401936,-19.399511489456657,0.062421070134593026,0.8646795152706502,0.9036912455421933,0.26901374771571734,0.29520536475854664,464197
track_02502,Pop,128.52042368665138,0.8414528395989443,0.833989061301298,-3.0069520494349975,0.08036453028609311,0.19082932667212185,0.028000208062762457,0.2762268827896237,0.6862927444058313,218649
track_02503,Rock,137.7098317256178,0.6160984429425734,0.8055065508596349,-3.7889093105306015,0.03711617198547995,0.3916441548692041,0.002474047581940808,0.3836782041849428,0.6192190011354175,275127
track_02504,Classical,59.4751254488305,0.24955765334834581,0.3760734833498558,-22.03615294665729,0.047718163046008406,0.8939190031991625,0.9269897902786567,0.298469796393199,0.5387280944307025,397543
track_02505,Blues,93.64874554550912,0.6206253694286451,0.7766186801498627,-6.257201129530365,0.08023022965045465,0.6952500054792508,0.0031998722693804106,0.18221206328646458,0.7575029174995023,194433
track_02506,Classical,50.61655114822355,0.19520109594649276,0.19546692257617587,-10.441233749080837,0.07868173837719017,0.863906894866607,0.9352113116145455,0.37982426214096365,0.39172280573100005,516677
track_02507,Pop,102.35766018155613,0.7961149494996502,0.6959203805819499,-4.498950530718641,0.09674596296227553,0.3035251023684003,0.03523699953554154,0.19219313524640302,0.5464553198600491,213791
track_02508,Metal,172.22625276275926,0.47325964997558245,0.9142615468252137,-5.548359598540469,0.0387457635877245,0.10694889142144218,0.06961606565111596,0.10378742021866781,0.5394500198637491,200071
track_02509,Blues,86.8611214943319,0.6916748383510124,0.7655737229031687,-10.68123273709621,0.07411955373948928,0.6846743980889023,0.12742331495292258,0.18799294603117367,0.7149118918816726,280817
track_02510,Pop,110.4469958997,0.8548976352598883,0.8123357912000871,-5.895400802992592,0.10536539478676044,0.4400923071861841,0.022976910509632326,0.1637478777840759,0.7807858187242376,187521
track_02511,EDM,127.99523433043369,0.7765086760752451,0.9976796220447058,-0.6109601243807807,0.05769666357101162,0.17898844602432795,0.20444636181147502,0.18808075968841897,0.879219822821602,271732
track_02512,EDM,131.02884088715905,0.9010825598876459,0.9504815285718371,-1.9055494150996042,0.030747647530480007,0.1447771680223132,0.23197275098364448,0.244569901325127,0.8063236645959827,208709
track_02513,Jazz,114.17837123153689,0.5861666282534896,0.46431230291915965,-8.857594924994,0.08172567895706015,0.9063963054258186,0.7933435571054391,0.26490691750207823,0.62207949236297,363529
track_02514,Hip-Hop,87.48316702350996,0.8280898792437716,0.7733345285135922,-6.532841411246927,0.5767803730960436,0.16718219902029555,0.05265053253821466,0.18712767767322802,0.5232285182867442,219080
track_02515,Rock,147.46365379044815,0.6267363710867618,0.758773651535407,-4.756692590713611,0.07030462251434311,0.16355539026991817,0.008164283314767606,0.39118052748443743,0.5869157535791069,243178
track_02516,Country,95.78445983964993,0.5509806382615328,0.4263833274416278,-6.021933979035855,0.05963379794348152,0.4376112677867926,0.13489337599739676,0.14151574617087465,0.6527048144911032,201963
track_02517,Reggae,96.73513182659326,0.7168858564196803,0.7719470373380786,-7.822379334039418,0.07046271308269791,0.629468033661625,0.04048393385212865,0.14871292356781246,0.7350719405323972,263775
track_02518,Pop,101.91450830862381,0.7227707586277496,0.8217694886194512,-4.949454828534659,0.10620363982798728,0.4239355482438746,0.006001332915588431,0.23074047929394073,0.8810065354824326,249179
track_02519,Metal,172.62727694202553,0.3640211512256696,0.8505139458107853,-2.757855622700112,0.06811549636833018,0.0924234353052563,0.06701993935555331,0.2820543111864545,0.3407423445147128,227728
track_02520,Reggae,82.91407291102611,0.7029094870242041,0.7889338218202706,-8.469796280950732,0.08651654320725365,0.5997112432168876,0.11328880988569441,0.12614062039719667,0.5656276129874781,298754
track_02521,Metal,158.8980645885752,0.48315411671287045,0.8288532597477959,-5.124819951006686,0.06534931642013209,0.033850677762512736,0.027067115523791308,0.2955683772912856,0.30442058422305834,307776
track_02522,Reggae,87.89551707845912,0.6326763615532766,0.594727193202186,-8.508613839114085,0.08655103342888587,0.5995196420412128,0.0421433748649007,0.12884713932235928,0.5911908812882295,266002
track_02523,Pop,114.90037515959283,0.7372232787231134,0.8289376192308198,-3.0214930271234737,0.09581321126422152,0.4419436622481707,0.03234409787184668,0.27525725108619736,0.6733088207593191,247510
track_02524,Country,88.12804355913968,0.5431247650051223,0.5431885637894631,-7.680026481868952,0.042482215204701156,0.5349640136253284,0.08436879365174783,0.12627313553189196,0.5393562625754033,248407
track_02525,Reggae,82.84938767686435,0.7196518347963761,0.7637096295904997,-6.920110439041802,0.0683305084104367,0.6012801904164153,0.13807952464151896,0.28261028498098584,0.579067166939451,258351
track_02526,Pop,108.28302844887737,0.895752126284058,0.6344737458249197,-7.708421678287493,0.06923625938985714,0.10762007812673763,0.04663057139332563,0.16079033173763507,0.7209720667885835,246280
track_02527,Classical,85.71133782086532,0.11585110622698949,0.3865616782354242,-17.849030498918715,0.07392165819917262,0.9345926188419894,0.9536810294056408,0.2517487052979298,0.2711816520835202,455091
track_02528,Country,98.27502441591905,0.7265580685258698,0.5616015176070154,-8.989200368595787,0.06161951744045211,0.6984953442049595,0.06101657040881861,0.15389195370971573,0.5354017685127518,201027
track_02529,Blues,86.74085220416407,0.790692455946242,0.6852868846026162,-9.646742487285929,0.05652898992222365,0.47763771741720984,0.018275695401454174,0.27786978604641643,0.6532821130852181,181998
track_02530,Metal,157.6076931455227,0.5616161478320043,0.9603348709698756,-4.617258250300358,0.06150511414412208,0.0014824252952262862,0.07920838318497288,0.14759203355685904,0.5811349037830458,303549
track_02531,EDM,134.3728484846762,0.8933031346703768,0.9471550384035058,-3.5541746950613264,0.057442707869168885,0.10980189645245667,0.17921179943925564,0.10016292346175099,0.6033030403811426,264321
track_02532,Hip-Hop,89.2323581696371,0.7649540895411299,0.8545299755886544,-6.649517095684679,0.53010744706974,0.1834545967176608,0.08747902553800295,0.21875878858421538,0.7225937465614056,156968
track_02533,EDM,126.87692581031709,0.8226105631298667,0.9066778567940822,-1.089661024347644,0.05255623757659535,0.04783102002946482,0.03719616198791019,0.2875549093377928,0.8206251978556429,248677
track_02534,Country,107.54679139807135,0.5870051268889177,0.628616253861631,-9.641738123347123,0.05090816744309695,0.5871542024184705,0.10495601921985301,0.14154964793917718,0.6384778738376533,254469
track_02535,Blues,86.08254829162475,0.6315017276213852,0.6443174588586107,-10.014184282683038,0.0995972785436354,0.5319875173461756,0.1132955650108481,0.14417392602129103,0.6226068316144734,246953
track_02536,Metal,151.0700948291977,0.5174988085684089,0.9541171481179583,-2.8754379171145774,0.06458316153723598,0.12344447372668571,0.062353006260278246,0.1701379165076075,0.47242014839088664,279281
track_02537,Blues,90.68154512810754,0.6171447045496362,0.6621441147398677,-5.633591447035909,0.04039036407280076,0.3667648851351195,0.1629123112205233,0.27878142131549655,0.7121481862604813,238116
track_02538,Reggae,92.09928279079391,0.6678089918050407,0.5295551975347322,-10.750225918032505,0.06194495068608733,0.6836537235781092,0.054890029009619416,0.2853729491854331,0.5544094056851343,286626
track_02539,Metal,174.14220672690328,0.36403682620009303,0.9619945903117421,-4.901177711385846,0.030503170119008667,0.10161615484471587,0.145292314280724,0.1699310681073668,0.524668739861036,277571
track_02540,Reggae,84.33214589476272,0.7598599018015838,0.7601075069097888,-6.261221478134368,0.0668836503831031,0.42349109214620306,0.10046049259369434,0.2070257013276084,0.5939523550825667,217111
track_02541,Pop,112.56652131149991,0.8238144260671667,0.645708057080935,-7.304810758782999,0.07011402339245344,0.24841964670450123,0.01642743422241077,0.17492107697288095,0.5559649371590434,220378
track_02542,Country,96.43317512813935,0.5589587448993936,0.5205976052359937,-7.9846053902893805,0.08539344519986267,0.5576553739789227,0.11514020540922709,0.21211858688078,0.619632517568689,242468
track_02543,Pop,124.8928607639409,0.6583387463196845,0.8295021487051585,-7.002787064057994,0.10158699921687891,0.239043856909725,0.018354078350448565,0.19108981057779206,0.8458031912220558,197802
track_02544,Jazz,139.32195788743735,0.6264699520216304,0.38336015058067086,-9.237412733480236,0.05768580217375982,0.555791057105036,0.9151664601501277,0.25376799311418397,0.3444259755262766,249612
track_02545,Blues,91.10512615575523,0.7363156365085431,0.7635923353967773,-11.787243443170013,0.09230547391410625,0.5790852938288391,0.034151086797542134,0.10513619128471932,0.5779779734376959,188057
track_02546,Reggae,89.99969377186223,0.7213875989141061,0.5102947203505094,-10.998279943145398,0.062308101327699615,0.5822854741303916,0.11686559498944092,0.10893899671941021,0.7390657722811664,274035
track_02547,Classical,60.513337761566,0.10168168617815043,0.18567086995888674,-12.21767712794922,0.05204055924063809,0.926487010304991,0.9922391103890533,0.3538519754321088,0.5353119383410458,519403
track_02548,Pop,110.3637216002421,0.6165348486873817,0.6094301881731106,-7.491457877287035,0.06416542361242328,0.1150541436339736,0.0035808344605673505,0.16121129854692945,0.5399162727141023,226306
track_02549,Jazz,120.26683110533871,0.5635779720638086,0.31209411220636446,-17.911696649544645,0.07079314534613566,0.9925892820920357,0.9629823206385577,0.30206273641195025,0.5172017016912509,364062
track_02550,Rock,141.47374369279868,0.6594503805459155,0.7916884132201568,-3.459763537879681,0.07591581346837076,0.16594412463235897,0.043789453961093815,0.2895124580178263,0.5306646463858464,236246
track_02551,EDM,124.31725888729602,0.7573100049529847,0.9157333510736846,-4.560691910505154,0.04694711724069186,0.06581865323828098,0.24456228834727184,0.12202638766708984,0.7731193800635145,194517
track_02552,Metal,159.79185910672058,0.39677865115050376,0.9926899838530001,-3.7050513919553283,0.04609668048991923,0.05927879224752122,0.008538993931329642,0.23696117380448298,0.3787545831431911,209482
track_02553,Jazz,142.82175235753914,0.403737523560533,0.40270392418678536,-5.466113259293785,0.07332704513612459,0.9666059013707525,0.9026933907632152,0.20851715546698293,0.3310852792193568,287191
track_02554,Country,116.69951282978695,0.6497072289782908,0.6535930189352146,-6.795919852820218,0.06767520194292154,0.5687740275702977,0.1992635849806107,0.12087896802752458,0.741682993548746,298585
track_02555,Pop,111.64882932206044,0.8472163469007026,0.6404346324331364,-7.015794493367178,0.06268372376917418,0.13508831000540608,0.04273390580806777,0.21576137964091507,0.6035824369975754,238526
track_02556,Country,107.14653980480287,0.7006616898482051,0.4302854554383267,-6.135163757590169,0.08052835210680395,0.6147482010957892,0.1446285415707875,0.13389155712980746,0.5945259362806308,185430
track_02557,EDM,137.6639922328053,0.7093966555279111,0.8322074381407604,-3.7093445890735155,0.05880908230825173,0.18794870577305509,0.18736052606037948,0.2125323182020584,0.7147036479903188,292367
track_02558,Classical,52.72562267450955,0.11578805569963804,0.39146205829255454,-11.270979310556775,0.07606439879692996,0.9758555248163827,0.966032630218173,0.2663325688245297,0.21979339485854893,376851
track_02559,Blues,93.87871042579114,0.7086890644363217,0.5423173267945187,-10.111154996856296,0.05921911441418557,0.654368945756039,0.15334768374120386,0.2659174625221734,0.5156756563524357,250169
track_02560,Blues,87.8605458965982,0.72509012371179,0.6451069193747632,-7.938908630274581,0.0848981331343136,0.3618152014771813,0.17296608614064507,0.29190136205964257,0.6700998955250224,265340
track_02561,Country,112.40079379824934,0.6723151866793609,0.6905697100103005,-9.442964798732994,0.07948437018554591,0.4246686558333009,3.3099300228922604e-05,0.12404604523754947,0.6850177544837712,243429
track_02562,Reggae,87.45850751999153,0.7076714313601551,0.7299872816638739,-5.081868026864412,0.09306383658311553,0.6457398508242557,0.0494920276292796,0.2675969203418095,0.5507843832628889,257586
track_02563,Classical,59.611237238232405,0.2786173479382016,0.26784401939387203,-29.55813448937429,0.05770717050403165,0.8926357863548103,0.9701639111475856,0.4352100868812634,0.5755379413559716,535270
track_02564,Blues,92.06369256959563,0.6531891711795583,0.5401777287457324,-9.130568085930372,0.07542013952069154,0.41360781201338165,0.16919917111495852,0.29624767020132686,0.5360464556943743,211232
track_02565,Classical,67.8096492346482,0.18473026889055874,0.2393419578496476,-21.205839210657853,0.05142152205771665,0.9719573858373882,0.9631796615706175,0.20518570129094385,0.2691809112961275,596777
track_02566,Jazz,112.3255281867181,0.5129611657814965,0.39880137900289725,-19.865519959506415,0.0973120923470872,0.5694979420682369,0.786300243460974,0.23879099062893255,0.49621726246268905,399808
track_02567,Classical,70.47606256240414,0.17324751171823566,0.38914350145510934,-14.12620341163484,0.027324606641992325,0.9854819513445144,0.9211213297453769,0.22544529306044606,0.41663731191779696,554694
track_02568,Hip-Hop,81.26693250715542,0.8738223055676573,0.756168192328638,-6.863986112502032,0.3951211854134736,0.02768834044164158,0.043261349721729785,0.2218784186172656,0.5474119777076563,291406
track_02569,EDM,130.03253361707044,0.9447707982583813,0.892518605448894,-1.3329477828699372,0.06901482602181722,0.10949697878119927,0.20971247841093044,0.1040169620024192,0.7078660422505777,188882
track_02570,Blues,86.53522650835859,0.6640853913593957,0.7125387043698089,-5.06244390254001,0.06339753146687083,0.6164193258219173,0.04922184742723421,0.15637934245680987,0.780459162255063,221770
track_02571,Classical,69.08992607112958,0.18036952434083728,0.28875091937050945,-26.14555899279236,0.02423282026211188,0.8738666795609514,0.9524355242144181,0.3686005511254734,0.44059740941698666,404936
track_02572,Country,84.94306127831254,0.548818692126404,0.5514277914638376,-8.23655552275387,0.03374357686755404,0.5511127038591939,0.03636604173999047,0.13223100651383063,0.6153097693033096,185459
track_02573,Rock,153.0579476773524,0.7665029652952633,0.8913804983094251,-6.0389992142327396,0.09830753457074498,0.24893821327701568,0.2422741204213365,0.11512722350841459,0.7540519631717311,261715
track_02574,Hip-Hop,77.67588069614422,0.8863614448325209,0.6350963518255786,-2.460419019940061,0.5831215563121531,0.2612976969507739,0.02106772990265592,0.10336034995477257,0.874676336730092,173357
track_02575,Hip-Hop,79.4895214934323,0.7611340432622224,0.820365987132497,-2.552638229075444,0.5358169097805673,0.20223238978750216,0.028775756281143018,0.2093926950588874,0.5947868690499747,244389
track_02576,Reggae,85.61631607913148,0.6240585924801055,0.6811307315714499,-11.730642388562346,0.09839526974821705,0.6981865853986098,0.02988493824988614,0.18546048193961415,0.7304228055666445,262550
track_02577,Classical,75.38866824169229,0.29565912199794786,0.36654788096710156,-13.858428383285187,0.03256207020279987,0.8312870364991861,0.9444947602285354,0.38588952539556576,0.5402714736033511,426474
track_02578,Reggae,90.60648854611118,0.6722704089874743,0.6343427203165894,-9.961473002142036,0.08598233422079399,0.4638188845667754,0.17740515468517082,0.29271773170708604,0.7579421457635058,230034
track_02579,Reggae,90.37988604440426,0.6510699117068613,0.56070087541504,-10.069944243399458,0.04016557891031686,0.5280604448006735,0.07749600110456865,0.27973780383878605,0.5122121520837564,257011
track_02580,Rock,124.87408533467979,0.5689325724971448,0.9367190877943739,-9.019722796863908,0.06213203535578894,0.18857870733114224,0.11247918561707604,0.22649947108357896,0.6236099859119383,218937
track_02581,Jazz,133.78523493779636,0.41692704262522673,0.5439537386209895,-17.4410199585881,0.06349725384590556,0.595978575717383,0.9107843228782417,0.4034978539259773,0.5191590406796107,251736
track_02582,Classical,70.16461622438047,0.22791295612093476,0.33293261670528046,-25.211866974189025,0.04573475689644323,0.8303253058708457,0.9429593564220194,0.41050752542610236,0.4765564643137406,522105
track_02583,Pop,138.97312211037223,0.7500227375396004,0.6790025047029289,-5.860943827539407,0.1036365739304945,0.1727187525048408,0.010077394332747226,0.233395652955318,0.8467603494343892,181702
track_02584,Blues,98.99867743200305,0.7865433528017168,0.53782130194681,-8.073545546608901,0.09385892352161987,0.340045817862407,0.09877308215325618,0.2730459191720892,0.7701356635136247,218222
track_02585,Reggae,82.00646971615782,0.703273768107171,0.6577499615934311,-6.727887503460613,0.07239049767201414,0.5457076691111685,0.10592931634600872,0.2980754868771659,0.7374858085769673,242926
track_02586,EDM,126.81488115421371,0.8568148652484409,0.9056741398661675,-3.276214301968155,0.061358717043528445,0.03792183327743895,0.010964669981825737,0.23963440890562024,0.5579406787114934,255108
track_02587,Metal,171.5345464087941,0.327826137797366,0.955878570136342,-5.840007406590257,0.054898303036074514,0.17228729269665327,0.017299054804279512,0.20354778729883394,0.3478174316883949,353334
track_02588,EDM,124.49438894135459,0.9379486520445821,0.9098832859604318,-2.3256241949281717,0.06681156836049357,0.16021865186823783,0.2290909438636212,0.25782741084226246,0.6972724365857148,206904
track_02589,Rock,133.1630766039071,0.538483218244089,0.8447830511780908,-8.895110123889555,0.11324841627954867,0.2726892670275152,0.2223323391056654,0.11903096789653253,0.7858790241776816,203802
track_02590,Rock,147.06586445292263,0.5360114708366448,0.8613849215499344,-4.1524367234409265,0.1009178138524439,0.23187074827406134,0.08536390494147626,0.19911722517592906,0.49686273203920417,253963
track_02591,Country,83.47832846576918,0.504685289663883,0.40648441532536495,-4.670140201114532,0.03718007071037527,0.6999368115437785,0.03288452230225563,0.23492688879103787,0.7846866416542717,244870
track_02592,Jazz,136.66743711354928,0.6171621890390661,0.5884650893901064,-11.951955150260659,0.08874641442379538,0.7321999029104966,0.711957138607026,0.46826339278330986,0.41595123707941095,411464
track_02593,Blues,87.94205781515036,0.7027675253565825,0.5263871259508961,-9.531654159452746,0.08013138536656361,0.6663728019614243,0.07948753691202853,0.21291284914898279,0.6908186599900832,239000
track_02594,Reggae,86.03103121193745,0.6489636694524065,0.6962862007713035,-9.970069437104259,0.07640389354048019,0.5017347365818507,0.04343797416517972,0.15331321140843632,0.5511800159919692,262059
track_02595,EDM,136.57884994833532,0.9303173489235341,0.9980340415468698,-1.4946662268756055,0.050559948704958585,0.028198959664062963,0.11525255381995037,0.21449133313597618,0.899923392469506,261798
track_02596,Metal,164.31117962482267,0.5379229413460669,0.9997880396578162,-1.9735435851446708,0.06835720797781505,0.05173622741280975,0.0006725014321785184,0.1451974176199755,0.5369400345221687,329383
track_02597,Rock,145.4115404866772,0.6739430901323069,0.8628966071335893,-3.133815532378211,0.031474271478107656,0.2462795530237823,0.15132618609835205,0.18799663993628507,0.6100285102635091,184445
track_02598,Rock,122.3484699477016,0.6621364876764027,0.827031589495816,-5.2889941661267,0.0798866485929875,0.3464111807725099,0.21887953747057978,0.2621916983539244,0.7508242730343988,198898
track_02599,Jazz,98.08118511901367,0.6806082872286356,0.4345411025477729,-5.076481229799285,0.042790668896047976,0.5637903721810824,0.8329632401619643,0.46230778547957974,0.5220903161444705,243875
track_02600,Metal,160.16868862642892,0.4270689471748642,0.8081024071695989,-2.7609372078310086,0.06170007285658616,0.014285606431250254,0.03417629384765719,0.19523115977756383,0.4339912763231929,339477
track_02601,Metal,155.46243882388492,0.31111143239831224,0.8189854005649744,-3.1160377339971976,0.07318582073065769,0.05204465785191501,0.00678796594468405,0.2417254204104625,0.55660567170152,203670
track_02602,Jazz,118.65844711134997,0.49910659974531124,0.3281746412210705,-9.615400137584448,0.0757066687796428,0.7948774608901352,0.8435551903802484,0.36293738804994957,0.3032349166210585,266195
track_02603,Rock,128.69860468748848,0.5323734612123855,0.798596578056412,-8.218622150279849,0.03352469563497666,0.22316734099214863,0.008108758850667863,0.10011725675409493,0.7169895002615104,270182
track_02604,Blues,94.34351372587729,0.713517276977265,0.5893252308481874,-5.489834119808939,0.08375087389002908,0.4476681030254762,0.04212538341059224,0.12756127652008847,0.7287256051934876,194213
track_02605,Classical,79.37013936819483,0.2778082331867462,0.11305464329606155,-21.65606724354637,0.05561120711268859,0.9172870407073999,0.9019535346989511,0.26316981975458154,0.2247322885248486,335691
track_02606,Classical,59.08119428264936,0.22907797753389342,0.14792264902704327,-23.339777613158546,0.03978822460256126,0.9639604663179567,0.9194659404529133,0.3644942363976975,0.5131742050003537,567078
track_02607,Jazz,109.29382912465448,0.4935133235353962,0.5868496269832606,-11.16961303345836,0.05513916375186959,0.9916210759258468,0.8162648915010574,0.39434893527714293,0.5895415658696757,360761
track_02608,Metal,174.2630991818477,0.39137584322642216,0.9355473793533768,-2.440145622536537,0.06376789858470035,0.1893418113438641,0.0734358066529113,0.1079315077911567,0.5725333058272228,341914
track_02609,Reggae,89.08034355462023,0.714771299168214,0.6664654388768442,-8.013367341906083,0.083054016452175,0.45759201254573717,0.13544207203862618,0.25768740882553876,0.586721970799482,194822
track_02610,Jazz,125.13421388387712,0.5345836941556216,0.4584872195111871,-16.0439195414344,0.09913610006805211,0.5275683675806362,0.807586125285043,0.28930914943058383,0.45460468525122216,400212
track_02611,Blues,93.48807237357903,0.6846677723326405,0.7564306307660625,-8.347749310495319,0.0586811706056989,0.4797399195871549,0.0848762157956407,0.15198281241711017,0.586891618997572,274635
track_02612,Jazz,116.68835094598305,0.6085181549251092,0.4185417688438426,-16.068218493473736,0.0486428444291606,0.9860958642772517,0.8563346632803255,0.23442649795704906,0.3795255904320185,280727
track_02613,Hip-Hop,92.49508824646078,0.7543511999356156,0.6546162145965687,-5.74175075810485,0.5455948457153195,0.18709715691344503,0.09575793775866065,0.28090808698552505,0.5604548787292969,198393
track_02614,EDM,124.43853451352483,0.8819691106660192,0.8960767649443142,-2.5876903341870525,0.05392872367325642,0.15770373363020634,0.04757578532441129,0.1346095187229811,0.5485615400902752,182879
track_02615,Metal,157.55700594735984,0.3269588654204731,0.975500434228167,-1.206456332318795,0.0430898288360445,0.06071676598707498,0.07253393688258791,0.20049275187614624,0.504738293593478,273311
track_02616,Country,96.72724846060804,0.7377503954190603,0.42996803755644963,-5.208366926349622,0.05341381635694298,0.5132643064259643,0.14176588874204507,0.2858754219748758,0.7148602335660731,232350
track_02617,Country,92.59820854583884,0.5579356919171855,0.6987331363212781,-9.966792574521886,0.04065283192376,0.6531057523780781,0.020276404644594882,0.10672820111691272,0.536393691155826,283903
track_02618,Metal,163.28591424854764,0.5442627020026234,0.8468251281837159,-2.41524627341642,0.03932669609180792,0.018609822597625846,0.11490860241004552,0.2817304397566798,0.310637707057729,285572
track_02619,Blues,91.25869470075475,0.6581643458737044,0.5997579131491312,-8.159323020039675,0.0628764879571735,0.41505617273594786,0.1834350522494738,0.12585484259373414,0.6212869350214923,209409
track_02620,Hip-Hop,83.85335981405751,0.9197411801804856,0.8117646578738514,-2.7477201324854796,0.34180657747820714,0.1196941213683907,0.028315117007631764,0.10193621705592991,0.6138091841754827,174116
track_02621,Hip-Hop,79.82660466196258,0.9379460956587877,0.6566363052572198,-3.5000272376546775,0.5407796607820984,0.11231113188223116,0.015623914067104906,0.13318070317604958,0.8941801456036096,180501
track_02622,Rock,145.5435679849036,0.6654054875300395,0.8334855793208251,-9.97875900467954,0.11531934380870805,0.2694863512149074,0.28126324364582417,0.2782696375723733,0.797142437557092,272091
track_02623,EDM,127.38505771231124,0.7373339986918166,0.9593744227590251,-1.0690144851543377,0.03845795757622253,0.15294893082698258,0.17459200741242184,0.1219050289803346,0.7007134390280835,249443
track_02624,Classical,73.23710151800451,0.28540590480932226,0.12343460944749189,-20.924744750721757,0.06341562571886841,0.8066894619864783,0.9752830903973637,0.3083607733347488,0.299748726626189,491181
track_02625,Pop,103.81988291964402,0.7489962696659678,0.7351055032576397,-3.2789819263916993,0.07887606076373392,0.3267826454158793,0.04426312870270762,0.16428100003523174,0.769665547587036,189944
track_02626,Blues,88.43369281127981,0.6661056469374019,0.5493023556591934,-8.479633206684086,0.061408103807998105,0.40658497271688554,0.194684262138821,0.20043060374030663,0.7569433081530272,201118
track_02627,Pop,114.81390216454547,0.6598904322282049,0.8137819591719002,-7.984994475333505,0.10905471527229846,0.308436962335603,0.04610727721790103,0.14092225146002368,0.5409095195056867,185773
track_02628,Pop,106.54463126856791,0.7778662213070356,0.6466876533137265,-3.907925836482553,0.08840113301847193,0.4268785814865519,0.04074040632946583,0.1173458631371585,0.7428085713482656,256918
track_02629,Metal,158.837866228444,0.3618000318572775,0.979417371203831,-5.256422155499476,0.06432597293622308,0.06000396276836217,0.11356915109949553,0.22324388656825223,0.42521078458739003,224536
track_02630,Country,102.5494384142375,0.5329582920212448,0.5174197267110271,-7.417628038754105,0.07417328642973271,0.5221779274583558,0.019407202274432645,0.2894859996361652,0.6248237244916057,276057
track_02631,Country,101.36496782835937,0.5874885434288936,0.6437676291508491,-4.625877954066329,0.04684555786726728,0.6289857456534211,0.10707947108730564,0.17839340810312007,0.7360340155663287,235383
track_02632,Classical,60.1960699862572,0.28419153337967995,0.34685415415969656,-10.721239211279205,0.041599180683811576,0.9329598553378794,0.9168020749256097,0.4451099081661008,0.2645470891817475,548964
track_02633,Metal,158.11496664433815,0.5452393626264476,0.8067067877979518,-2.3521138421566787,0.032825379342924524,0.11837144773061353,0.15471169440565039,0.1462145858590671,0.3587840842716586,193341
track_02634,Pop,112.71866272586364,0.8098839825078243,0.6637066466513941,-5.491150024110226,0.059412627013405966,0.2844782415809066,0.031236423715706497,0.1143637853304047,0.8261693172191005,202659
track_02635,Reggae,99.68538368491079,0.6456396127890417,0.5228090322911979,-8.056903667476758,0.04325215981026355,0.5351074571872672,0.1506997075172403,0.1658631983344613,0.6465048227242076,267545
track_02636,Country,98.25074337710345,0.6949139711840243,0.5170909762305484,-4.3036409844308015,0.09600637852866481,0.6080441891833065,0.10011606793449046,0.13899346156782388,0.7647178209130614,299157
track_02637,Blues,94.20565470883405,0.6588813988717646,0.5379104304084956,-9.924239089097885,0.07583046155968294,0.6380930367138363,0.07707813864499938,0.28296173185069684,0.5732696179033786,180308
track_02638,Blues,89.24756841924948,0.7471426700964545,0.5821888757991848,-11.811210851896307,0.061914240523045325,0.3180784589224544,0.18015075508043554,0.29070505258681156,0.7206139747838002,180082
track_02639,Rock,140.29129083208915,0.7442081333907715,0.8032343405735789,-3.720738354584146,0.13642556141653564,0.14251135623512617,0.1480892310389112,0.10770024482238978,0.5127438431114109,238877
track_02640,Jazz,111.74766686184076,0.6231765269677503,0.472466736838199,-13.930956493029703,0.06952700537147992,0.7748193026432699,0.7718249325477388,0.3134496739093068,0.41696458604389397,397431
track_02641,Reggae,83.47513084557382,0.6787030125297776,0.6156483329920771,-9.99797328210416,0.09990977948814714,0.32945100359771656,0.12859022785714716,0.13488772130728713,0.7518571967855547,231417
track_02642,Country,100.02246107031253,0.5021596390781514,0.600339392178085,-6.770736563954825,0.06482473321113583,0.6454254515078923,0.04822743734966815,0.2722193619569503,0.759433598904965,261834
track_02643,Hip-Hop,93.15995503556314,0.7613950332164338,0.6055726787295365,-5.06191669171237,0.43448737326145914,0.018019496953029134,0.013380140150141374,0.2019841789369788,0.5939003040078317,299556
track_02644,Country,93.09578964636542,0.5340851827958458,0.643619260236895,-4.43147022511525,0.04839488498144908,0.4429758272332084,0.06449510060851234,0.2664497599257052,0.5525281678548792,262441
track_02645,Rock,145.82555960138092,0.6749025481193904,0.7795641326161554,-9.517820860469298,0.12060230376484016,0.2756392283778827,0.2526378748525885,0.1779400046910149,0.6611448259121648,213984
track_02646,Blues,84.21335865466922,0.6583619815833688,0.6969617335632109,-6.220930863986448,0.059255530104600815,0.6195414226226005,0.1355504920546565,0.16973495430151997,0.7629190813233317,234785
track_02647,Pop,124.48337069706544,0.7907628926323056,0.7293301654010595,-4.987871255922898,0.05126373680356179,0.10162637197906564,0.0275219283346176,0.20482169295334884,0.5285340821309421,195941
track_02648,Hip-Hop,79.8009403410483,0.8059386888847021,0.6257586964620093,-4.412541948027423,0.308162515142889,0.1887715126902935,0.06732055732893966,0.1974288949250302,0.5700029317190447,212468
track_02649,Metal,147.2254056182378,0.3825729929903088,0.9405091892372249,-4.758275864849321,0.049876349472778456,0.18576907194004738,0.16499932227222247,0.1510944500316323,0.4792727404205444,321462
track_02650,EDM,129.7767335799246,0.9267081512142745,0.8174803771785905,-2.9426696687457388,0.048614964749946366,0.08817486324069164,0.1875294565293371,0.1340415677676338,0.8465808686905008,206631
track_02651,Pop,105.20782827798168,0.6301882881785162,0.7207359763678247,-5.434592946352373,0.0901084781761688,0.36518334657850215,0.003145872623237128,0.2244967091584788,0.8655237152696211,198941
track_02652,EDM,123.27704058433308,0.8148896014442899,0.9382888854830623,-4.986694481903603,0.05347041063085932,0.1211356301024551,0.22365304115637594,0.2778460932070898,0.6760759188446755,272107
track_02653,Reggae,93.96810082851147,0.7621060297913621,0.5193712394002531,-5.326035196713783,0.07875401649649635,0.45925910252225766,0.10120384710732114,0.17711849935537155,0.623783308738832,201640
track_02654,Jazz,95.71885934230782,0.4798868843769442,0.4865281645403291,-16.12019502814417,0.05350759762861473,0.5106040253157076,0.8731478252758187,0.24498246295566717,0.30494847314677276,335896
track_02655,Hip-Hop,90.57219832500212,0.7506557633330313,0.8662771687595016,-6.2690695377023,0.39936788682709495,0.06539315398559319,0.02538053370718384,0.11482702291062837,0.6179082314864758,229139
track_02656,Classical,57.73119615428286,0.23768490827912267,0.362580461159685,-27.902819712412867,0.04733699785052954,0.845850974596023,0.9721215590556148,0.49107134741776715,0.526143791620115,484703
track_02657,Hip-Hop,80.25037678101873,0.800113378308722,0.7214793283398888,-3.3715459289409138,0.3424209730736699,0.04732218474127731,0.0626589051672234,0.21434843043849933,0.561601882192845,281183
track_02658,Country,89.14833678896107,0.5068888055701916,0.6813025676465794,-5.369049664417204,0.08350203724644431,0.6735788924041131,0.11563063321806151,0.17893327811276125,0.6442037505756502,261718
track_02659,Blues,95.54691990380395,0.6694453540713793,0.6305659960632416,-10.348395336190679,0.08513977716323526,0.5948813005705011,0.004447989161620036,0.11203880806025837,0.7767129364234819,190270
track_02660,Country,89.28843922596725,0.505416854296042,0.4553897071481289,-8.878202163617722,0.0900647911406421,0.4468464247592519,0.17253018837568612,0.11734330168862793,0.7719932899551901,205117
track_02661,Country,112.89343740927958,0.7102120823972964,0.6030508892665083,-4.719037849626175,0.09210913251497913,0.5224492002699154,0.027486826750362625,0.2260567311644376,0.7621238295225532,189319
track_02662,Reggae,100.5375346911916,0.712764556047206,0.5335241551287462,-10.674500963174015,0.08070939660652073,0.32976581061437604,0.1486327344188959,0.12086669781688274,0.6756466278751413,208879
track_02663,Pop,97.22786542419198,0.8214470933955862,0.8236009306511005,-4.5519835689851895,0.10543528176749142,0.212998896078077,0.014438767970527122,0.2728247760709265,0.7459451394620862,185919
track_02664,Classical,70.25659849098722,0.20237542170906336,0.3927080207002025,-25.87971773467227,0.028518090391862275,0.8324565739067568,0.9989442008016196,0.3956753164693083,0.32236915275260525,433425
track_02665,Classical,72.23591692731218,0.2883119469007993,0.22711928093656264,-17.975255078775795,0.04902027553993943,0.976277079297564,0.9991381887172813,0.47983256229511084,0.439222339113048,447731
track_02666,Country,103.68980379246568,0.7410277381865803,0.6938103201174306,-7.443012052529091,0.08522968175555862,0.5967374280769231,0.023383370923677795,0.15933573146693955,0.5940954225933561,224143
track_02667,EDM,128.65468359159487,0.8642579413764855,0.8198780296099897,-1.0744142200340105,0.05589838230647942,0.09794588585627267,0.1658579622544638,0.20060914691055914,0.5215171774910936,229494
track_02668,Reggae,87.52515126378822,0.6773135937926331,0.7545015949893531,-5.276033850274116,0.07416374356824113,0.4826368248864873,0.1685774233885036,0.10485390939787734,0.5387037847502745,246875
track_02669,Country,110.4325613444154,0.5426015814558638,0.6617046699333002,-4.872794003761768,0.088537121149923,0.5197683576889304,0.16492455495126804,0.2689590616762741,0.7989620816336904,283306
track_02670,Jazz,145.50034049326015,0.4520723865542874,0.4438846421201622,-18.617039476432385,0.0936775713390624,0.5500745691562355,0.8849672430522383,0.30193455693359544,0.6217091541884134,360408
track_02671,Blues,96.12317441285525,0.7778280988180165,0.6428713650054171,-5.506479552549218,0.052144723697941514,0.5057512492578123,0.04275354897396282,0.1376151025171934,0.7860164396007057,275291
track_02672,Pop,120.23759663388611,0.7003526777292786,0.6727454540664572,-7.270206272410778,0.07303982094153309,0.24805997221890813,0.037414140837951686,0.2732587105839469,0.7986940478965552,181797
track_02673,Metal,171.94356207684967,0.5967568300720708,0.836795410935254,-4.292386655533483,0.04401007732723062,0.00881347891845512,0.043843771386931074,0.28032278867696125,0.5528574536617189,291663
track_02674,Jazz,110.96968324668619,0.5098489037848871,0.3932409165815882,-17.783887879187652,0.07733249257826966,0.7786488801826433,0.8280973998215114,0.4566494984324662,0.547884536005163,327601
track_02675,EDM,122.8837815488638,0.8478433182775409,0.9173258175941229,-0.6490815701379935,0.06423266804168051,0.16738840669198957,0.16468569591045906,0.23040396215148864,0.8102167775873113,223064
track_02676,Hip-Hop,83.15301819746718,0.8757340567197611,0.7597061928415818,-2.2825623820066,0.5641598332770197,0.287289342799884,0.038879547812717796,0.2755566319910049,0.8051498797627535,180412
track_02677,Hip-Hop,86.13659349032841,0.7614174439319452,0.8771875134716387,-5.857665412111674,0.4865902386901137,0.0523524640341721,0.07597851201388243,0.29565008680733007,0.8149704465568479,206040
track_02678,Jazz,120.90719079562518,0.6061877849285616,0.4313370362190223,-7.146032256743393,0.06354703083408847,0.7341360108282784,0.8297763270730774,0.44333685029221553,0.6814796788047621,264871
track_02679,Country,122.46784390009975,0.6627720443445847,0.4007369022675619,-4.943861971397989,0.04876984578227249,0.5416492206238848,0.1683136514090368,0.29937122939013794,0.7384650514356558,276404
track_02680,Metal,173.50465130287552,0.5062225998239684,0.9985474381554285,-1.4039668305169144,0.06416354554304068,0.16830596170328585,0.05114552369343864,0.22448688721568927,0.3181812646196896,311460
track_02681,Rock,147.1361273944402,0.6557193252293583,0.7985446615588224,-5.755962929586828,0.09578392723055586,0.18768831978340095,0.0805387386395405,0.24597406724418142,0.5896146033944318,266911
track_02682,Rock,131.3802787618662,0.6666400632196616,0.9504961713127212,-8.120728023077596,0.13093658192465818,0.3423860189637924,0.17373162028780065,0.2939688261061811,0.4161764746447633,219064
track_02683,EDM,120.3532066250491,0.7945174459175379,0.9706908454819086,-0.5429082837368675,0.06986717003527175,0.18878085600301633,0.20137521731572056,0.18634519883952827,0.5230769501167768,230767
track_02684,Country,100.19411833963889,0.5002567846526963,0.6363156829404897,-6.964162667889943,0.06416459032405256,0.5087487936172523,0.07499476722975251,0.18622673565013115,0.5048097033278091,262347
track_02685,Classical,78.26468792696006,0.17200310793334633,0.38310637982447115,-21.508557632878478,0.07382301311278786,0.9715618779616031,0.9124330975378429,0.48988116787748526,0.598536674153348,589542
track_02686,Classical,77.28906231160813,0.1620960947619528,0.3401160089679518,-13.134890493746937,0.031605115948613,0.8247879767825695,0.9634162484321418,0.4413870667086294,0.5854892388896527,545962
track_02687,Pop,130.64885380182648,0.8485677896623063,0.6155714871707745,-4.596927402679364,0.0702257102179279,0.12983878373325017,0.024455129087733365,0.1316306686408292,0.7948030072246739,240207
track_02688,Metal,154.22688539295217,0.41327060554432565,0.8026619594461287,-4.701320308127602,0.053390584976263845,0.1388022558832101,0.07640811713734828,0.2072096792134276,0.45727907623671504,198564
track_02689,Metal,157.33745091615816,0.5939406077740759,0.9089014942804146,-4.568019602020488,0.07567223731009604,0.0672001268006777,0.1459814668998297,0.12944410114362392,0.346947934229682,329121
track_02690,Hip-Hop,81.75346955362076,0.8257711988684224,0.8821683862417908,-4.5719945910662965,0.4272163355111842,0.0020384782197428006,0.01334136227740781,0.21573277701959753,0.6975300162614952,253249
track_02691,Reggae,87.82291537723803,0.7418924607745833,0.7718592453246982,-10.750482169095829,0.090322605479701,0.34624138906837476,0.1136603393084539,0.16787273385595974,0.6415147581718625,195115
track_02692,EDM,129.57813506893623,0.8953220353658112,0.9025014620172072,-1.714115320775166,0.06088048261654766,0.17481987815284294,0.11766612508587929,0.26228597853645097,0.6035347582263607,295149
track_02693,Rock,142.31361870537856,0.7485312188322018,0.7639047950194384,-5.034157714116109,0.08047006097181851,0.1230411931497109,0.22574291766369953,0.32865617061983454,0.5083667463561939,239778
track_02694,EDM,135.22845305753225,0.8909924491916812,0.8613514738246779,-3.8044552879729565,0.04760358222855317,0.05855796295558227,0.06510691617435221,0.17982015144504787,0.5102816891305396,237394
track_02695,Classical,67.17096138397753,0.1017287642993827,0.2551061293235385,-19.50424127697807,0.027190050967318136,0.8469927146838585,0.9783495590981349,0.21102674738859778,0.39581067467467224,354199
track_02696,Classical,77.17079029065698,0.1474624018202902,0.10904425465492068,-27.80386752104069,0.04601761564750881,0.8861569304245388,0.9972304690626891,0.33978501016933027,0.4712270829873973,358014
track_02697,Jazz,127.4490361451391,0.5124585081467197,0.4870264205768615,-5.038187492985992,0.09921229968093126,0.6768567897472106,0.8511776061474498,0.47140704758881796,0.336867064963423,383451
track_02698,Pop,105.29649908607684,0.7015536286925763,0.8088249387124232,-4.1355020853055935,0.08445736707261539,0.3451906633041709,0.0042905639220110646,0.25231894029627155,0.7064765866781009,191805
track_02699,Metal,159.40496560989044,0.44904524344307106,0.9500410601416647,-3.8639573640959997,0.030144665924836854,0.12241263522437643,0.1905324949852567,0.151391966158313,0.5448579993516499,342067
track_02700,Blues,107.71047506715067,0.713559399382582,0.5380401628561622,-9.43200799679746,0.06675525710412263,0.6741476064542382,0.13183709446116448,0.27505551255917815,0.7272775102519808,248368
track_02701,EDM,126.355762407913,0.908675608799133,0.9082868588061509,-1.86615122065212,0.062368242986623204,0.04234929271743235,0.04094543997142201,0.2718088525568312,0.5447096423664813,246867
track_02702,Classical,67.1058384208042,0.18670691889088625,0.2669427573312421,-27.28933151943455,0.041673672530780706,0.9333807661732347,0.9558530794081027,0.36469092767354594,0.40433204485250174,460018
track_02703,Reggae,90.20625201691746,0.7999217738984451,0.7848096949344094,-11.2163994187918,0.054381214962753666,0.6783167398895846,0.030144781207128848,0.24855779504553305,0.5003324070223055,273630
track_02704,Hip-Hop,79.80056050316806,0.8236501054606806,0.7413075839150295,-3.024849495479632,0.32422030357437936,0.11319964317302951,0.0446038544973299,0.12478531193144334,0.5342666185497343,249731
track_02705,Rock,153.32781196944705,0.7120994614882208,0.9052800393410771,-6.48055818520924,0.07078060730214111,0.19931550807623188,0.017313220166853358,0.36988904178172766,0.7077578094907027,273228
track_02706,Pop,83.41142589253343,0.7834927001507916,0.76912315335584,-7.970896449495487,0.08491939864438361,0.2724658885555647,0.03529359283837665,0.17652773206667313,0.890630012754865,208544
track_02707,Reggae,84.11434532900252,0.7412671118903232,0.7101360027443335,-8.750916028963537,0.09705876476868369,0.6488916678936584,0.1732421429458043,0.16965310219432558,0.6292999367457289,251337
track_02708,Pop,102.26717737007455,0.7886096844977145,0.7694901881538532,-4.902838749843809,0.07058203858251612,0.4347836628974675,0.027584309968756205,0.1979702346433606,0.8948255216939498,245150
track_02709,Jazz,127.49288297263801,0.46149369706416066,0.5826884190775947,-19.634024399881262,0.059996811223010885,0.5108265192457684,0.7426892779868,0.2540238128490234,0.624133947092227,399675
track_02710,Blues,94.23757122969734,0.773464054922211,0.6905398966346115,-6.939535989598045,0.0713692596412411,0.4690174426591967,0.13843378616848787,0.29462333720187645,0.5086682127068951,292168
track_02711,Classical,61.14593493607503,0.22537842938028974,0.2541259487439105,-29.625419019484177,0.0446965747031223,0.9238897409046607,0.9504824724930484,0.46161855925439427,0.3594382682672082,407582
track_02712,Hip-Hop,76.22637563592224,0.7712246293886247,0.6407017880906964,-6.498618059283049,0.4086264054110625,0.2029966956963466,0.03241699952981798,0.27682183501277324,0.6198271637558529,285531
track_02713,Reggae,100.05593841605419,0.7929572305900074,0.799772174067332,-5.3295449951119265,0.0830945407152121,0.5985763332088366,0.15184201952180348,0.272520975309258,0.7855356388556625,297838
track_02714,Pop,110.86747306046256,0.6219474064182733,0.7845248443269439,-3.173993533111469,0.09538033697218579,0.2105844940857422,0.013496014273245167,0.2857955192973802,0.6213161229591149,196151
track_02715,Metal,152.68502583053473,0.5146222364479487,0.8359314591205285,-4.002955001269388,0.0446193411157126,0.033742091351389725,0.11594144781957871,0.17470229815092578,0.4386702518545338,185097
track_02716,Jazz,109.41761201875275,0.5520801419791582,0.4983682512820782,-7.776417544925417,0.05999725680894581,0.9496376158088579,0.8454702618649079,0.39856324165239987,0.34260545363297545,363384
track_02717,Metal,159.6068218366519,0.316345260170684,0.9793961675311157,-2.635974395634822,0.06959381781148823,0.09353589689388347,0.17037954768915362,0.27460811796353807,0.4070454719526066,282462
track_02718,Hip-Hop,84.12706619497537,0.8475368952532125,0.6591398165574152,-2.4360029550298323,0.4298999779504118,0.05004610077480219,0.0762731833418884,0.14383027448879704,0.557411710028742,175191
track_02719,Reggae,90.40483215951627,0.601099657500551,0.7128562073011488,-8.770273496716275,0.07190936953888177,0.405281859556939,0.035650610997712495,0.23999793424948185,0.5630820600879092,292257
track_02720,Jazz,103.8506790627574,0.6950488549552989,0.54747048231814,-18.860026339753862,0.07368130170061243,0.7000614963352336,0.9419357703086204,0.2165072706714,0.3788515006578808,356631
track_02721,Reggae,98.24850386085492,0.6907007969026024,0.7160483148956023,-5.926432818444052,0.08659355860665675,0.3966649427698245,0.06407985100349574,0.17605531080914405,0.5611298778596,214897
track_02722,Classical,82.36458781648089,0.14760913537206305,0.3987183566376006,-14.334993192231874,0.07160102420066639,0.9844293793701322,0.9665000991598325,0.2527929702765694,0.5034104277902169,419137
track_02723,Country,103.95003670874513,0.7213701421330359,0.48365208413854854,-9.285236820489443,0.049107178205948745,0.5941341257329014,0.07004060805592163,0.29222920482657794,0.5392936389309262,251290
track_02724,Jazz,111.42868484022871,0.54564164507192,0.5207646275722078,-10.794113809040363,0.04479716147465354,0.5326867852231518,0.7915027712490176,0.3290737989616239,0.4100890236717144,375899
track_02725,Metal,170.31619262978091,0.3169133900241135,0.9621235543354524,-3.6673810164659217,0.05263862853806476,0.045357976076413765,0.09800935346063136,0.1727786910670714,0.37354093087568063,295129
track_02726,Hip-Hop,78.53576430152414,0.7659110783195785,0.642471747417844,-7.036981232405514,0.5600803961837396,0.0370734286891166,0.038469407304656845,0.16685492925780615,0.846182266695588,289030
track_02727,Blues,84.31379266501871,0.6920848978324585,0.797719972801221,-9.461016693922016,0.07919982275461235,0.5543577804077326,0.15729636656982823,0.24238368745008643,0.5035339201916051,235776
track_02728,Classical,63.86056643651041,0.22292174975608808,0.1690938261290272,-20.41349856492518,0.023067063663663064,0.936122562413493,0.9541316381642053,0.39422686968758985,0.3101625520238984,465446
track_02729,Country,94.42499444084675,0.5188120707491947,0.5261147624883282,-8.935036729542427,0.03729837916740768,0.4786730634493538,0.14840927212013533,0.11460366087942589,0.6344677727713538,209362
track_02730,Blues,89.15722925674727,0.7373314772068333,0.7888945332956483,-9.829937248010554,0.040917538844050576,0.5939469867876532,0.0013960648912254127,0.2745067298364334,0.516890375631071,284156
track_02731,Rock,161.68676557635322,0.7325143635431839,0.7920346318576181,-6.307711525618389,0.13828509524754057,0.12047471117045833,0.2716586008071658,0.31863338178677425,0.707937931575787,269500
track_02732,Classical,83.19429700237558,0.24993239669167497,0.2551822869299244,-19.768244754664387,0.054150381668440786,0.9656552788357325,0.9742259548837557,0.456873498183765,0.40291310866348895,365587
track_02733,Hip-Hop,74.48741684944358,0.8614355043396739,0.8667014538213288,-7.24705449126007,0.4350922957416683,0.12695814195105393,0.032379523839392146,0.1960333531001399,0.8522913911395866,275077
track_02734,Pop,114.84360078240024,0.7770416356686716,0.8214050660636864,-4.815110794638053,0.06690685912680513,0.44550114002803387,0.031602289457375664,0.14379242499758033,0.6446666148666013,254295
track_02735,Jazz,91.60547350624532,0.5919711511092651,0.39182159856697013,-13.815961110494005,0.06674349908751157,0.6509750882072984,0.8025482094232074,0.20219393569015537,0.4188315455046592,305865
track_02736,Reggae,93.3246246145407,0.6483892473176232,0.547348706734742,-7.6806412654857406,0.07592698713863522,0.5344688240531188,0.1283779618449677,0.2629569067929133,0.7740658134649411,252402
track_02737,Hip-Hop,81.21854282865118,0.7300356095888987,0.7963017938884172,-5.080516629857295,0.5274996260503301,0.1277032442971714,0.012759840683293812,0.27441073076616507,0.5331553884581289,248548
track_02738,Jazz,122.3614701477981,0.4830930597885553,0.598584182119628,-13.74710269736024,0.0701025118286869,0.8848483754869343,0.8909246756016441,0.45242620758240004,0.49457338343515744,281753
track_02739,Blues,96.44987023833254,0.7034488430340168,0.747838837495799,-5.054693774946709,0.07880360705618575,0.511525433533879,0.07303157085304533,0.1389392884957295,0.6969973362666715,244959
track_02740,Reggae,88.51556350718393,0.711588972741794,0.5054503462781501,-8.938545065257404,0.0853481727565562,0.3656936018065089,0.012911790031381144,0.2672058281455397,0.6851821605390086,198325
track_02741,EDM,142.07504816281153,0.7982136062050597,0.850646547043616,-0.4761262925010863,0.033402355264203425,0.030797418220351116,0.09615315993954034,0.28395400029941187,0.7256841481203753,200410
track_02742,Metal,160.0450543891461,0.3200769187569876,0.8323157963719631,-5.849810934559272,0.06290780783121998,0.12677589363766414,0.04216038058579712,0.12988128897733894,0.343705410415982,279137
track_02743,Rock,133.96432740203713,0.5730521047853899,0.744751629433198,-8.289230965174264,0.10363831736602078,0.20992347811487277,0.23037373107917722,0.26092563980292016,0.48481566684671473,202748
track_02744,Classical,62.12198183653732,0.14527808069194675,0.26485973715676736,-28.595983708840965,0.024468247932112143,0.91216272063207,0.9919812048210239,0.4742815553389564,0.20433132026431694,433347
track_02745,Hip-Hop,90.61666893055408,0.9386122716642071,0.8581746678137339,-3.934321188221265,0.3601575232767707,0.021786442193688704,0.004751578268564472,0.22241535692508227,0.5144754416061431,181600
track_02746,Rock,142.67806261473848,0.6901195460847263,0.7077195895611249,-3.0754235114641117,0.06551331898966897,0.28709360935153827,0.08506468354992731,0.21806076328585514,0.6196949903208803,203958
track_02747,Pop,115.2319411522681,0.8786422726184946,0.6520538037190693,-4.5581616924038695,0.11924657794408962,0.36615250472839656,0.0034386966415356325,0.2176848699390381,0.5719370998724946,247495
track_02748,Jazz,143.19273543930248,0.5448730655050888,0.5284804707753004,-13.414399833742058,0.09709410520211482,0.6106566590553477,0.7662856124704457,0.38133486885162915,0.6585050375143093,382641
track_02749,Jazz,140.49080398407114,0.6957741657480918,0.40632287010429974,-19.165116398642507,0.05169400969995092,0.9489259169074311,0.9098137570443127,0.43706024721156794,0.34966728226911703,404303
track_02750,Hip-Hop,77.01918689476618,0.9334708424513154,0.6329240438129808,-3.528301229627389,0.4177345916103238,0.0072302241239689865,0.09391330670147383,0.12356577246701024,0.8096567083455506,191699
track_02751,Country,105.96525879662576,0.6583046355287666,0.6817667551144526,-9.406459115521967,0.08590053899588618,0.601235584479425,0.06294414850768049,0.20919443827700512,0.6933883039831357,198663
track_02752,Country,107.40232447216492,0.5485896173623571,0.6082763689058576,-5.287652949896938,0.08952339396305983,0.4401398013997968,0.09110170980638499,0.2894162899807691,0.7316250627332923,253101
track_02753,EDM,123.50408566809344,0.7114317525923974,0.9418311727604533,-0.7708622330485397,0.05803974482620111,0.1287588732657655,0.07479452054204584,0.19892070024507452,0.7899846789050522,246115
track_02754,Metal,166.6448912615139,0.495059413782977,0.9477713869765823,-2.891692708033361,0.049326964606917385,0.043372226559200325,0.18512291680196616,0.2029659563116043,0.4443299643623818,224391
track_02755,Reggae,96.83560194528978,0.6384241802429319,0.6590070215597827,-11.94746228557916,0.041887465108463216,0.4289921624240185,0.09332009554240156,0.21512736752482925,0.7664013101591923,299593
track_02756,Pop,121.63275781539795,0.8328264742344103,0.8357355295559097,-3.424146855272685,0.11580950740384079,0.11285005930378911,0.035588706691523385,0.14517159256113732,0.5750210748822616,246280
track_02757,Rock,144.55812573004337,0.6422220382143129,0.8136767368096882,-4.438027052312789,0.1272780324316189,0.3143801765045299,0.025080450220791185,0.20353321419662207,0.4187000741284756,277673
track_02758,Country,90.13626935933127,0.5725773454605001,0.45187261369535353,-7.4797223492143985,0.06161487190874163,0.5803883229698549,0.053200540707953596,0.2535018494193634,0.5295380736438144,227197
track_02759,EDM,121.80347909363171,0.9065028376249052,0.9230864250415355,-1.7713889267601357,0.04990974023053754,0.1819188434352677,0.20817827444628734,0.1763671129791525,0.5954423551136345,251949
track_02760,EDM,130.61101272335705,0.8356708149711802,0.9733051597963019,-2.734991594896954,0.05422441062292076,0.16555863048221076,0.16426840743130636,0.24629383230286608,0.6389089527461893,272355
track_02761,Hip-Hop,88.80179276629288,0.9374208432385627,0.8538022431335327,-2.8643934058391034,0.4956548862352397,0.06612693242849776,0.07306785444849198,0.2956768928917446,0.7103734058691243,219625
track_02762,Pop,116.70483169196241,0.6692705591920116,0.7972880134184106,-3.260569184710074,0.11426572099583784,0.19517557200024382,0.033600384970139674,0.20937159852085696,0.7900416676857078,207011
track_02763,Blues,95.12433664258306,0.7742512826560344,0.7362788975549739,-7.065735828659062,0.080701994735667,0.3224727623568911,0.14990723707041106,0.22762089596040483,0.5907234188753149,191218
track_02764,Reggae,89.59513720247517,0.6408649322874055,0.7163137508903236,-9.048911959465547,0.08454681152906268,0.4636221525250501,0.021703437442781626,0.1346107375571767,0.743471023422405,225231
track_02765,Metal,147.93941411352031,0.3526787641873626,0.9462748963719121,-5.995456166789097,0.06309439597756619,0.030254355482006723,0.19687371681726284,0.13262550549086954,0.46573919849306156,232292
track_02766,Classical,70.5496730174823,0.2940929842285755,0.14042345909609733,-12.237773845523783,0.06223610452424572,0.8146174181283414,0.9483706828899944,0.3556938059434419,0.572855852566335,419529
track_02767,Hip-Hop,80.091289833666,0.8597931408594156,0.663269092766729,-7.534800450657759,0.5990757000212381,0.08088888838884156,0.014105316512880396,0.23989807491943527,0.8286728623687607,231242
track_02768,Reggae,89.32564896254783,0.6210786614939574,0.5270521470746138,-11.67128487674242,0.07956738871805703,0.5353252758957456,0.1325613313119866,0.2011334326548362,0.7452523056216745,209737
track_02769,Classical,56.04833689194341,0.22784402786293426,0.13940275775051195,-27.02612378668429,0.03969231449767591,0.8803812848145661,0.9498559650517387,0.37421206100211246,0.3875255279255527,569996
track_02770,Classical,71.42050399351257,0.16869207538375924,0.11841458364005933,-27.63832451262679,0.02556941406568346,0.831619107423711,0.981292053335656,0.38827171899118096,0.4027123640346073,580345
track_02771,Pop,114.10372557037313,0.7102235827755947,0.84444339100116,-4.143348173199316,0.10439778584436117,0.33997691800879515,0.02535042144806446,0.21011834204968693,0.7608340202766846,215618
track_02772,Pop,120.02136418214522,0.7340105513832601,0.8319145331330987,-6.504684508916599,0.07804383819329212,0.25851334242698487,0.02730394161573222,0.21684945817079043,0.5992500116169075,202137
track_02773,Rock,140.51877108318791,0.7251022247776553,0.7833537775234716,-9.64307321791897,0.08869949254799277,0.3500873330395937,0.07546031171741346,0.3151039341313324,0.5631162730992938,183067
track_02774,EDM,124.22970919935993,0.7898186029940155,0.9882879217176175,-1.755803379987766,0.06560977249793654,0.15716660501028268,0.008399322846188051,0.11308850046501079,0.7102978420474176,226662
track_02775,Reggae,86.05929895195179,0.75065690024906,0.6341016676029102,-7.529359335528184,0.07059140635870112,0.3698148554380087,0.03527395912995828,0.287951265065026,0.7668557438507742,213428
track_02776,Hip-Hop,83.47643310665349,0.8972974222176601,0.8312758827953688,-5.243375039230526,0.5186672317596625,0.11616144536163533,0.010070958018948018,0.17867492832977847,0.5634652176911723,273754
track_02777,Jazz,131.76836801083803,0.508462124649527,0.5116768990137535,-12.31779978428526,0.09516953671092399,0.5455127176751935,0.9063127565923996,0.4017190632710119,0.6802506189650802,372580
track_02778,Hip-Hop,76.98615510962362,0.8071892814812026,0.7019097741821262,-5.573289576234437,0.538644188274199,0.06700770297135329,0.04704185596427814,0.10400171303412634,0.7030663677219404,190284
track_02779,Rock,129.246705952804,0.7716191942194748,0.7005315853962868,-5.795957304060574,0.13992045131348047,0.2525672466719059,0.0008900878798901667,0.16566142881554674,0.7689766375567737,283678
track_02780,Metal,151.86068889402682,0.32954068644668105,0.8522748809900056,-1.6580294356461245,0.03148317570895252,0.11843943332505785,0.1908999079461466,0.23574353495803183,0.3275799935801273,244413
track_02781,EDM,125.92157834856444,0.7013803696004977,0.8673550434011699,-2.54513022502485,0.05820321567581295,0.15622305152085772,0.19905576334008904,0.22530177606338533,0.7662994889277741,229920
track_02782,Jazz,125.54751661961984,0.48444615315428674,0.313013558722518,-10.69353076827854,0.04337019486516357,0.7534561172366847,0.8144589123132244,0.3426271561231064,0.36505611454883774,403209
track_02783,Country,91.66806706706038,0.7001060238580623,0.6275341846120589,-8.809726775714251,0.09358033530905924,0.44838387742692914,0.15942914970693936,0.18410674414565706,0.5549048947067486,184140
track_02784,Metal,168.156917651819,0.4594815394951197,0.8607331596484377,-4.084485550628062,0.06956825021685725,0.13239280372282367,0.08922121862476858,0.21550326261698788,0.5300576265960687,202346
track_02785,Pop,109.19495322781992,0.7044710792898076,0.6468855725012511,-7.939192729968479,0.06217770881521685,0.4232977308325949,0.02729602256962356,0.16833160539743616,0.7433377782517859,197928
track_02786,Classical,60.82421614590669,0.17088555660417254,0.23982245246049236,-28.715735666597688,0.055825432172748754,0.871281419110437,0.9433523647600788,0.3267801853840774,0.4529637154970171,455821
track_02787,Country,97.09388915275085,0.6552406536578448,0.6638732422102981,-5.382690570436614,0.09871309425750575,0.441722601406214,0.04450401055757074,0.20785349304439582,0.5707645107031419,196674
track_02788,Hip-Hop,84.76568594068587,0.7366313353223507,0.7283284223548577,-3.864130783210955,0.4319081759896266,0.2677063112820404,0.0717396483789627,0.2267941610892404,0.5284151309917094,168580
track_02789,Hip-Hop,86.90607182985029,0.7836021746459286,0.7889926387547324,-2.0665638008024363,0.37920751766987904,0.050000106972473764,0.05463332821339998,0.21037807810228398,0.8687546530032377,158040
track_02790,Pop,114.42505727035909,0.6982323700354496,0.7920493120557595,-7.133935251420259,0.07672500461826566,0.11233310911376418,0.04133133086748039,0.16814375326140105,0.5992691679233497,225955
track_02791,Rock,149.0117986551142,0.6043354836497203,0.9436902550447208,-6.745832997399793,0.04213707210542699,0.3538922448147338,0.1642904346313843,0.2807408715842157,0.7749965078778942,216146
track_02792,Reggae,92.95201179109193,0.7832746118390315,0.7405453991978225,-11.018280252864528,0.042793618366912124,0.33727398873831804,0.05868656083491974,0.26227180315054777,0.5964123459821343,252302
track_02793,Country,111.22149742854658,0.5852055055465863,0.5705020114978123,-5.334472639761183,0.08005862349385623,0.5619530307945553,0.07667670214547102,0.1815003962466035,0.6299405635988797,291774
track_02794,Country,104.40884801441648,0.6747689087224245,0.43762457568154894,-4.195275275696339,0.08452898513800781,0.4894489156500322,0.008509513854127126,0.24226063447578522,0.72030771349095,276612
track_02795,Blues,88.47380863873799,0.7830269515436865,0.5775947103838326,-6.949279868732827,0.043639578269660674,0.6042339219904668,0.025405179427428082,0.2391172696083207,0.6597029143560215,237049
track_02796,Metal,158.19834626270918,0.3006849826207406,0.8353911821425688,-5.367333275470551,0.07801710131734521,0.012969564786406075,0.10019455482806205,0.2839435862473516,0.4822560656570619,308078
track_02797,EDM,119.84397236404166,0.8930472388746485,0.812255207966689,-1.7665713631889912,0.06291972124808848,0.1814614565720649,0.22377497842662306,0.15649113577164311,0.7402029842094814,247315
track_02798,Metal,151.03192222940962,0.4163762326174839,0.9914573395827773,-3.9810974802409245,0.0640850245458067,0.12873225376904568,0.017290390380631827,0.24867316367955783,0.3626002832021224,236746
track_02799,Reggae,88.30197248404079,0.7091149964329655,0.7586585414097857,-7.20414619494629,0.08912350825215788,0.4065340697560193,0.17719573025940516,0.17540783491525413,0.7557343003570981,243159
track_02800,Hip-Hop,83.7361417017105,0.7497053009790511,0.8568453004813019,-2.045887653484886,0.5093971321262648,0.2867486847863857,0.034999553316431856,0.22551904668752076,0.7046738214293169,251059
track_02801,Hip-Hop,91.35321256494458,0.7102526933627451,0.8785966934199961,-6.014678359637807,0.5739209587517381,0.03213944462026186,0.07439205814696412,0.21587164628646532,0.6432764861010336,150770
track_02802,Hip-Hop,86.85794275034394,0.797569787924066,0.6104298826335716,-5.393312710335468,0.3843420529347443,0.02009321225732855,0.02933698613948651,0.15881902474521073,0.6420294682417671,235409
track_02803,Blues,91.25270039744764,0.7948647499163117,0.7837434099674387,-5.8443189459932965,0.09945864242923787,0.45037829073379876,0.1896642639997413,0.25220399247918235,0.5505379578583934,285283
track_02804,Hip-Hop,85.67181753227256,0.7549928121538534,0.7553407135130863,-4.524015159978112,0.354847211892209,0.03709662200939977,0.09736012901464271,0.2786535230604431,0.7640268528287439,284525
track_02805,Reggae,88.65925658028407,0.6832119729590623,0.6405335188660308,-7.611671627582109,0.09968580220708256,0.5399835212220933,0.18534317300808145,0.1510056404169446,0.6195234985445449,237735
track_02806,Pop,121.86183556504707,0.7854946292703643,0.7089615411625562,-7.4109276784329285,0.10957359704018901,0.1286044292190811,0.0016048697633454568,0.13950310799066026,0.6213517026400369,189068
track_02807,EDM,123.59795074508908,0.8030472154023068,0.8290681467922848,-2.8110545818136674,0.0456066377790163,0.07672854398424583,0.06557010356152229,0.11888746695846125,0.6042831725424912,194265
track_02808,Reggae,99.89753767054557,0.698758335520213,0.5002645180724362,-5.960819694395113,0.04076070262334577,0.302803956996873,0.12230078863592941,0.29470418515801655,0.7567800453061937,200387
track_02809,EDM,128.991211305629,0.789436998260464,0.8744684001238326,-2.172691433416509,0.06237758490904854,0.026730537642279884,0.01177956588942911,0.2579137252310755,0.7590368276895467,271258
track_02810,Reggae,95.48091847716715,0.6469354048023768,0.6331773599640891,-11.680716251134546,0.06998625830157632,0.6714697625576326,0.004892732223814523,0.22619697304149305,0.7507527095454627,273960
track_02811,Hip-Hop,77.60704663568734,0.9062294606937151,0.8069167156939977,-2.9729979084747296,0.4151280883661299,0.17874308541902825,0.05154554491969107,0.1949453096886918,0.6152412839084691,213446
track_02812,Pop,105.71766370729604,0.6235808343266832,0.6001305960841,-7.898404755723873,0.055316502467337776,0.24838167645325349,0.015283284359007915,0.13132847572180298,0.7061797207121148,254722
track_02813,Country,97.51499347723876,0.6602101882186382,0.5800749972596936,-6.87280432353005,0.08160877495356965,0.653783667783146,0.1997933814834251,0.19310210998972754,0.7984869863379358,180633
track_02814,Metal,143.64561295491902,0.3458507083147952,0.8725506404633567,-2.4309490132799634,0.031590964551245534,0.17043551829232773,0.18831028713796116,0.27776329210616624,0.5739080728190679,263555
track_02815,Classical,66.554420884386,0.21944352070880102,0.3100818489197095,-26.089040272455552,0.06041828679032521,0.9799238384367168,0.9243579454297395,0.2365999686955063,0.5341695890719473,577450
track_02816,Pop,112.68191389605917,0.7576374520693614,0.7871886546190465,-6.29165609214755,0.10333084931033665,0.294003351997309,0.03189587014557325,0.29296589002062956,0.6885262230081046,217212
track_02817,Country,94.16211828692306,0.5911968108125379,0.5174407576416351,-8.761438965308896,0.09120585953315574,0.43404635198584873,0.11262581307698581,0.26283016984682706,0.6742714828401228,277545
track_02818,Rock,147.82089865014598,0.7749777096093187,0.9850640822183581,-9.969129062137828,0.06804900376516276,0.3512134088395681,0.16093356160546057,0.34225262004464585,0.7413293131351752,191329
track_02819,Reggae,86.67407283388734,0.7305590405248532,0.6101477458660455,-6.575081979115731,0.09423956762110135,0.4129244808634906,0.1929979288348479,0.22454504934506211,0.7634506313659224,197519
track_02820,Rock,118.95235141796655,0.7532243182916175,0.9308946937047371,-6.597341529132761,0.04424588457214338,0.391032147857996,0.18726906720983713,0.25512952125772137,0.75417983407817,180056
track_02821,Country,101.41601012580132,0.7483862869310606,0.5695515061297824,-9.988783929222624,0.09531559325132935,0.4704683218384568,0.13770581061379134,0.20301603099108853,0.5976301270522658,249707
track_02822,Pop,103.84565746471225,0.8132541327076253,0.7508239971695949,-3.7263748529130654,0.07727631545137363,0.4374568554828824,0.0018514227705360875,0.17316092330552896,0.5291932234401403,244074
track_02823,Reggae,80.13074374853238,0.6984975410874115,0.6598538225560279,-6.076372697479689,0.07254566417518428,0.4725525691993182,0.19227088947538562,0.29371162761398883,0.511525035108312,296845
track_02824,Classical,67.34937181861245,0.17435161311008832,0.3025599009513802,-17.261552118871418,0.03980627080110622,0.9973317446041448,0.9357109453699621,0.38959447657934965,0.5253545622875107,318350
track_02825,Hip-Hop,80.2440801227467,0.8954556061996988,0.8403625625870794,-6.464336831280882,0.3012390567415487,0.12700514812409983,0.06871376140620293,0.22450043595650535,0.6782799164382288,153078
track_02826,Reggae,86.8491867346942,0.6996691934382727,0.5742976703087304,-6.520158756396962,0.0825421144795463,0.40772234685839814,0.019487032620309597,0.10003600779679256,0.6790156557144467,224689
track_02827,Reggae,90.11776838755645,0.7715527405844916,0.543421729478219,-11.486982917663946,0.04069178581058335,0.6822649160077948,0.060040547070709695,0.1919009884681716,0.6183570870805324,260348
track_02828,Pop,115.57289680656636,0.6810817084684183,0.6538713476349653,-6.222456462845868,0.09475918137345052,0.4796138988473163,0.035189036839652084,0.25592061698911506,0.62242678781402,253850
track_02829,Pop,120.23232452209378,0.7246854559105963,0.8284315022441717,-4.779203571033012,0.08950401781982198,0.12818282193035088,0.0365205952568899,0.23720807310259165,0.756028769794862,213890
track_02830,Country,93.21361007332413,0.580413781758205,0.4456692870261803,-4.076793070389917,0.08223723953866377,0.5244360646978544,0.18718328617774138,0.11822347487323946,0.5262983649279673,252754
track_02831,Jazz,107.55697073309278,0.6727896233245085,0.3267675048162701,-6.671333962449843,0.040157275955113765,0.7609889365094544,0.8006691542503399,0.32820012609923155,0.473513828506389,406241
track_02832,Reggae,94.95611091421783,0.6065628633247273,0.6240654677704665,-6.187290190492668,0.06665973701414783,0.3676701563797642,0.19097205860381938,0.15325510798529335,0.7395284796902182,212398
track_02833,Metal,149.6558472734724,0.3145694676800861,0.9957561992354301,-5.260758600199687,0.07152836707082225,0.03950348270194642,0.07481907339203282,0.2387179180803769,0.583609467444338,209913
track_02834,Reggae,94.57870388338522,0.7775152702044966,0.7056713151148685,-10.880720785157704,0.07408552383398494,0.6285758526509544,0.007747297737732506,0.19916862065752394,0.6188368639984755,298374
track_02835,Country,94.14407507128149,0.6006383182913873,0.41663209043339733,-8.011842089652045,0.07501559933473123,0.45044980707208193,0.1263753502013783,0.294389807517643,0.7592599758505969,280194
track_02836,EDM,126.20194720105638,0.8133347496790742,0.9048247835327994,-1.5246246062256068,0.062496200202055895,0.13189027730508993,0.2932475981670279,0.26396451755965655,0.8108640818431501,217812
track_02837,Rock,141.20520599854206,0.6175453682939624,0.8341514135801487,-9.16236756047454,0.14254475804603264,0.38297030897999274,0.07633238035821885,0.30880234329201317,0.4813958949654946,191807
track_02838,Hip-Hop,85.63549439008426,0.7878125825941216,0.8252221682435072,-4.63891582299891,0.5863814108340992,0.06836250452189203,0.08721204049887295,0.15658269794984975,0.5981993036506241,249410
track_02839,Jazz,114.19050885297469,0.4166672487425689,0.4220730104727066,-16.438956039184312,0.07430071692155657,0.8916949264511864,0.8459097933138657,0.3000867670814785,0.361022546347858,393377
track_02840,Classical,61.029528642867675,0.2771285499302789,0.287205406346647,-29.29731593715569,0.04887658697108776,0.9769607072372665,0.971408960254426,0.46104258242283735,0.46963191588908293,513836
track_02841,Classical,62.71301519568493,0.17588737985354436,0.264301768147314,-10.105424615416943,0.03252889385955728,0.8260996766545715,0.9594976986479506,0.455914699327436,0.4592863191514776,481333
track_02842,Classical,78.35739631855476,0.2771216198459008,0.2675775192566933,-16.247949783407286,0.05959681949127449,0.910229238511386,0.931075814558313,0.31333825547307165,0.32628151939616645,375696
track_02843,Pop,117.8781213408623,0.6912963123265722,0.7404420372270504,-6.891657041988125,0.11628662659553106,0.4308790793860229,0.04811190083989073,0.13741143619133797,0.8374681705098324,237587
track_02844,Classical,79.51870984856542,0.14227152217178343,0.1551565829209909,-15.645365574302678,0.05302849368368963,0.9114411821364098,0.9752515323459354,0.456491237906537,0.2955855602434867,412707
track_02845,Hip-Hop,83.06359505570884,0.7260384641493781,0.669846976163334,-2.3270029159128365,0.43874391373056426,0.12557213716680746,0.001308434873421016,0.11020293658427023,0.7674783717898894,237843
track_02846,Rock,146.79127333670223,0.6726584895486212,0.7330968628073414,-7.535571813042526,0.12748297663681774,0.1524733671749912,0.2648061752947309,0.13644349010467097,0.46765973204959527,299378
track_02847,Classical,64.26114108731073,0.22567080357405242,0.2872239885971053,-19.644795931931938,0.03970848258502791,0.9339849292191159,0.9837154345101339,0.24614422700183813,0.3361847131392195,502852
track_02848,Reggae,79.96892300197335,0.6239011984404556,0.6197545970561944,-10.43247498890084,0.053293691044272576,0.3475943375998723,0.12991023679829317,0.24926870198214235,0.7030381730069168,198711
track_02849,Reggae,90.99701174264831,0.6654094418057394,0.6946520013334202,-7.185458734665554,0.07090689621271348,0.5994103307558287,0.005938185683697039,0.15124415923556778,0.7383351113419769,224046
track_02850,Pop,118.76007000428483,0.8473743368895825,0.6972445303881417,-7.449851879272729,0.11930056047298286,0.3622372122115275,0.04910978475207903,0.1967311031369317,0.6580771999746915,237173
track_02851,Hip-Hop,85.0575485478019,0.7942626232627288,0.6784147510287794,-4.192351301112959,0.4092805844693467,0.12067526649506184,0.0023045603894044308,0.2178141857106115,0.5488284119388172,162167
track_02852,Rock,135.6038093227581,0.7151353461837915,0.7939728178551733,-8.857528617931333,0.0992908976474977,0.1644713484813822,0.0812934641876115,0.28640179299336216,0.695944712545566,202111
track_02853,Jazz,107.60247029196621,0.4699313889167723,0.3292982388877155,-16.554401201881195,0.08219854161055165,0.7876453973707069,0.8001912773624028,0.27836818007364916,0.6990111330892796,283664
track_02854,Country,98.81004728080723,0.7055110473589161,0.40790939090614053,-9.642479236125252,0.07988301293937894,0.4575498566833609,0.08513108704145374,0.1368333160712123,0.5531215717059519,210604
track_02855,Rock,149.60593150270853,0.6782508069057269,0.8106306641002413,-8.785175192292193,0.1083658490112269,0.15791538291722362,0.12522852516001806,0.347740552646579,0.4516917210246914,281429
track_02856,Country,103.53565864375167,0.6822847374238119,0.5135247950671255,-9.965000782084907,0.053541205266295785,0.6617958269312588,0.190387778738502,0.21210332852249064,0.5919080309123077,229826
track_02857,EDM,124.82010376157835,0.8233838191080081,0.9473367977721424,-3.8876758698106455,0.06638149251966824,0.03364552775013337,0.16752347293926423,0.2552766517072666,0.5853553930755758,296887
track_02858,Country,94.9448005008627,0.537555981523328,0.6718570737777987,-8.945003979490451,0.057599789980809626,0.6136232536214444,0.1630843320032122,0.19554263063562616,0.5543405028825177,271068
track_02859,Metal,148.72633226334548,0.42611184272618463,0.8565614031729905,-2.500290523718661,0.030274597491978333,0.02127518868446665,0.1837297618095897,0.18666666546422828,0.3528545924024522,238200
track_02860,Reggae,88.95524140497423,0.6292195168906339,0.7891617816937283,-11.902095466887952,0.0808832542367886,0.6520549885781308,0.00503209797724844,0.24503497281810022,0.7996513283764205,285430
track_02861,Hip-Hop,83.14544858469492,0.9283914490680755,0.7078791903319377,-3.64074889178072,0.5544030950329253,0.13091112795430046,0.005150854646238357,0.2899322868983265,0.5289920211297438,262095
track_02862,Blues,92.49227103314202,0.6842329958028306,0.5535954895262496,-6.010124356542198,0.08500225225243963,0.5292707979261984,0.0978042690700791,0.15117372811519517,0.6424854397624957,284988
track_02863,Pop,91.76089873367857,0.7055124291221753,0.8229137266850655,-5.116901369431161,0.10763056125493603,0.30562841754908737,0.015351246112102597,0.11835189532594398,0.6294787212033269,249754
track_02864,Metal,167.17183265039012,0.5135883521651308,0.9571659819742026,-2.1328289194972134,0.03599862086157381,0.03177211321156599,0.06344784976680438,0.16020575573358245,0.3198243114767195,305114
track_02865,Country,87.92011177188827,0.711008087438127,0.5871771704997373,-8.239370051265656,0.07995286048106076,0.5033778430699503,0.11731112286843462,0.2985268059975603,0.59047831256481,242399
track_02866,Classical,59.282652736329915,0.23199977326490342,0.2569020827270002,-11.404070785644087,0.02940879081926922,0.8238554940538,0.9321860131823437,0.4490663679555065,0.2140805824760939,410918
track_02867,Hip-Hop,83.6498906485129,0.8699180925252159,0.8686312156500946,-5.470348357997068,0.46812361052347773,0.06851551101805861,0.041221331403687146,0.1673579615540983,0.7622102191886095,230656
track_02868,Metal,155.8236002180811,0.317344560056858,0.9000151800992557,-1.0457218819231322,0.045393513093297075,0.09859162009792846,0.13040648873480806,0.14045312007597913,0.5107521631095125,195765
track_02869,Pop,100.56349490747972,0.8757308103834297,0.6317558931742843,-5.839846043439075,0.103688853975549,0.15925483819015485,0.04664637667704708,0.20525048135291557,0.7019262617948403,200062
track_02870,Reggae,85.81293439563409,0.7734900382989096,0.7845324226441182,-9.339523816475555,0.07254361901500428,0.42616925313286286,0.07360335233427007,0.10566671212451605,0.735780645323125,194190
track_02871,Hip-Hop,83.58962645128344,0.829563728026133,0.6530088026625195,-7.6314545328383465,0.410332839795554,0.1518438757140268,0.0765430621878028,0.20021040004709267,0.8130028070743611,215702
track_02872,Pop,127.27404017347922,0.7273832963346603,0.8350802759804967,-4.623882250040318,0.09616170028711196,0.25395441693475185,0.026688322808961815,0.16083493930888465,0.707135095761066,256636
track_02873,EDM,124.2314437298144,0.8459419743063339,0.9514731441251083,-3.7208564772648023,0.05110883205477812,0.06289208079475406,0.06767262519810634,0.2939178653541705,0.8650327841547705,263934
track_02874,EDM,131.22212605864937,0.77280596743669,0.9192504357217361,-2.7684783840290783,0.05931368326202566,0.005426838072432583,0.278067253969274,0.21351865842557,0.77362668088599,191770
track_02875,Pop,116.90835297807257,0.7399648225722533,0.6637240676408278,-4.279439546443017,0.11522580413664445,0.16341348195897581,0.023291099464884904,0.16305232720718563,0.642696715618364,240624
track_02876,Metal,163.44497786503368,0.5580679899274643,0.8095220275114117,-2.181879753191491,0.06334549459668133,0.04076959619462417,0.14683673390562055,0.19927438937579156,0.44430743870332345,344427
track_02877,Hip-Hop,75.7908021271286,0.808307855273761,0.6751574219776576,-2.2080955254341488,0.3917174952219275,0.19598247361926688,0.013744748959878851,0.26487749696997676,0.7170031774038054,214307
track_02878,Metal,154.6459374125503,0.4598994845674981,0.9147094044021485,-2.3910229002677283,0.07749010456240385,0.052802353589395445,0.15161015507332595,0.2290281937621091,0.5085435202278988,290016
track_02879,Jazz,124.08711444144723,0.49455473675326056,0.49757376310827206,-11.8192323042446,0.09916399950039434,0.944528208477437,0.9034218344685134,0.27850238783094516,0.40476326486018777,418906
track_02880,Country,94.89699965076697,0.6136122598971073,0.6659088860212603,-6.7670538373352205,0.07969272671055164,0.49841962829087627,0.11225789809398233,0.24528293726121309,0.5889416009944201,296287
track_02881,Jazz,123.31818500684048,0.6622406520984386,0.5092092886199899,-12.333321305233678,0.05871179709633324,0.9435483747929478,0.8268414646423059,0.4566180740701356,0.6131999352872788,256411
track_02882,EDM,124.24962561705235,0.9030829712558491,0.8672260712813713,-0.8943938078716052,0.03204604154987154,0.0014430627751278015,0.03397861538063039,0.274788561554908,0.7134887412238629,247024
track_02883,Reggae,89.86222844872262,0.7797681814240024,0.7245728037724428,-5.392308534437707,0.05359880642539123,0.5124343265621174,0.06371589063316777,0.1987639591384068,0.6671227488752866,277927
track_02884,Rock,135.2591081264524,0.5652746548501912,0.8531847515063868,-8.695375692766188,0.07335927269111694,0.32519972906446987,0.24231596679631792,0.3386238942206729,0.6780331401621689,193885
track_02885,Country,102.89839957057089,0.558107518532304,0.6803202094042384,-5.466456514773553,0.04913040590377579,0.40183042335714286,0.15988947824059496,0.1848179419202131,0.6927133135573331,257488
track_02886,EDM,122.04001496731854,0.715310798106479,0.8526016915966743,-2.2922687064735374,0.033343212674608734,0.19441040178779959,0.1232882348756781,0.16326349485747507,0.7100785919543712,242979
track_02887,Metal,152.18514788814616,0.40152470732853274,0.9489764573599911,-2.6992824017646035,0.043526181345195626,0.024427000309386628,0.008494684989448387,0.26758303598385713,0.322542584870358,343311
track_02888,Metal,165.79909394597968,0.42028666787827895,0.9434006623114194,-5.292478233956282,0.05565481001417351,0.014502943371993671,0.048821126059252797,0.2166373378999695,0.5221262056625761,323827
track_02889,Metal,154.3667884541399,0.5284043096102572,0.948797285980047,-3.9251351175734,0.03593355770962043,0.05613832400478927,0.10107115530602764,0.27388235573902464,0.5904763844439991,264872
track_02890,Reggae,83.89164258108116,0.7129890596131779,0.7984564416709248,-11.79971090440742,0.0948983296567828,0.6367563046329217,0.08306856493203148,0.2761892707276725,0.6945683727118548,228339
track_02891,Jazz,139.06497864363183,0.6431045634513081,0.5977333348521492,-18.683664112445573,0.06958820610674973,0.7606872877012067,0.9413600279133677,0.2799075546766541,0.3277489279757868,403677
track_02892,Rock,145.20090985000706,0.6962631098566826,0.9198932414489416,-9.708698356399472,0.04165971804523944,0.3344742641585048,0.13198500643865183,0.2216743008646634,0.7681478387756713,276485
track_02893,Metal,163.7528800802786,0.4847861883230231,0.9978045436624072,-5.326651618604258,0.04780642036165733,0.062242674360736897,0.17602644754378194,0.15105930400860212,0.406038299302251,229877
track_02894,Blues,88.43576702197012,0.6549180712929382,0.55404239722573,-7.022327449334846,0.08292099942346307,0.5138925951464716,0.0010519104862350083,0.27475106438040364,0.7866761398983536,229101
track_02895,Country,97.36044550437681,0.5734735999579605,0.6032133184772224,-5.784192396338662,0.0845984013976909,0.6491700343986777,0.05367909120246801,0.2373923203773298,0.5404717172854027,264418
track_02896,Hip-Hop,89.23656712855804,0.9345677588375041,0.7365738320985404,-7.485403176702267,0.5814895596982828,0.024128462569241404,0.015910960650325545,0.2735356025873339,0.7205914162054445,257656
track_02897,Blues,86.11607233791744,0.7096204037644399,0.7643729961093323,-9.017351682558441,0.07112789127069821,0.3018454143939682,0.006662412578257327,0.11675383998550953,0.7096982256437087,247994
track_02898,Rock,129.1327144812633,0.7669330705544976,0.8977308830453443,-8.074840181974434,0.10900105126690801,0.2610771759757685,0.10088272862245486,0.10857894112144649,0.6204402705654171,233621
track_02899,Reggae,81.33105218497289,0.7112403324234139,0.5118523670362177,-10.573172867233488,0.05197007104029802,0.5395882458762128,0.05272710652707627,0.1288389961756014,0.5055059216895513,290324
track_02900,Rock,121.12230956905975,0.7914644591362507,0.9109785979924534,-7.111013021159788,0.044641313030441,0.2425314554484946,0.1371965169930227,0.2259628926810113,0.5513214324804165,260925
track_02901,Hip-Hop,88.4183393061428,0.8726089236362217,0.8726654250603261,-7.030466192182455,0.5446695647231846,0.05902374028603575,0.002742910194595727,0.20351722680859258,0.6273007122247377,207095
track_02902,Country,101.67285452454499,0.6189834456523962,0.5384035266931342,-9.245812629082256,0.0980218088622077,0.6280293391465397,0.1695136521082178,0.14683273313028272,0.620325795222492,242217
track_02903,Hip-Hop,81.90038169092709,0.7968130037114205,0.6504817690377385,-5.348842257136257,0.3255729411237195,0.2595143276662776,0.004690265209795941,0.17612921234631093,0.5400551476171874,223519
track_02904,Pop,138.84644978371873,0.8648329369263432,0.789967110963735,-6.228630180228826,0.09097548301621818,0.1515953836102631,0.008023614529390271,0.2067355241174395,0.7562395066925411,248105
track_02905,Country,116.19693077947397,0.72560187019084,0.5162792636403564,-6.778400227233769,0.09251167890656074,0.539283596961692,0.0890297913001169,0.2533028914271336,0.7631903377738971,185802
track_02906,Rock,143.97138416653172,0.6911510298403898,0.7772164042251654,-4.516985330851471,0.05431821255446781,0.38955169722904504,0.0017519747201994007,0.2709311511723705,0.43535889876865114,209012
track_02907,Metal,157.13025421939327,0.3931695091401848,0.8811600962181803,-4.877266151781404,0.04660200353311495,0.17667010398374114,0.027730958402234787,0.18874951873199816,0.393290092734943,249936
track_02908,Rock,143.7286518895755,0.6911657350423753,0.7845415669341681,-5.753843181086101,0.07110420829779587,0.3027839411926919,0.16343998783676203,0.3788471836269254,0.6471634172803211,278543
track_02909,Rock,155.38692120363513,0.5683248183259165,0.9497630262191071,-6.023184179634029,0.03088050124270378,0.2557801504410754,0.09308384382760648,0.11725055856522668,0.5789238355953041,213288
track_02910,Country,95.29601395954111,0.6417926255695339,0.5272432521338507,-4.175984642821228,0.06456905999024841,0.5972375745669031,0.0030684382979759397,0.16029104129972965,0.76660746984802,254756
track_02911,Pop,109.86587528528295,0.8177671830793184,0.7474280330659953,-7.743832931587367,0.11297100255938472,0.4991928348511503,0.035436071971614726,0.14630156303394773,0.7217638376692196,203613
track_02912,Rock,146.24463866829484,0.5315766035738123,0.7129948058365047,-7.759688361678126,0.0777875090961509,0.1283546932208639,0.16473929861004888,0.2749904587164608,0.7004106774453313,248580
track_02913,Blues,89.0637638331298,0.7204167441852752,0.7404104950522189,-8.831249724683621,0.05037712387528169,0.37520397977042186,0.17994520328974783,0.14724837774955596,0.7184052875302733,299770
track_02914,EDM,120.672569078186,0.7525021678219773,0.9258115963315423,-1.1468570229637236,0.06541008901855389,0.14734346496360984,0.17291269530270484,0.23465186144935538,0.6940445850055511,180215
track_02915,Classical,71.27132332221582,0.2410218545709823,0.2292936883645704,-12.469997259227085,0.042927966379960325,0.8616267338901121,0.9557085017831233,0.35275173620274647,0.40723922934623535,304743
track_02916,Classical,90.2420603737979,0.21771935386108981,0.3655796376648117,-17.618060333214796,0.021302068645664855,0.9740787088105188,0.9839784492695117,0.21465496025285485,0.2501137834311968,463318
track_02917,Rock,138.98295919023934,0.7926081944234831,0.7518328449081743,-8.557329237354619,0.111161805782478,0.11319346271525788,0.2462058484535934,0.15970934576018767,0.6126216656357115,241779
track_02918,Blues,87.3830518213533,0.6543233598156004,0.6857389053416612,-6.782580125145032,0.08511602049124276,0.3034543927755325,0.13037009175989306,0.2261473758734206,0.6552964045669631,298755
track_02919,Metal,138.27708831450056,0.31976919523629305,0.9148531605453717,-2.0288579970729383,0.05781018138455502,0.05586843283112533,0.05276580733688057,0.14756770818749088,0.5938894885331428,335753
track_02920,Reggae,94.91475550864416,0.7496077245749058,0.6101174364592089,-7.770925705342467,0.08379057161907948,0.3981853032077764,0.07325477581683797,0.12115521410999411,0.7963040834920501,185097
track_02921,Reggae,91.12348917354892,0.7112237971553149,0.7013630189210938,-9.4023655170899,0.0634953283570784,0.5182300359433003,0.015811222686101533,0.2599744332272204,0.7768566644293082,249133
track_02922,Country,91.20613856972248,0.6983969709641717,0.6635774222362817,-8.781531710803126,0.05234603468139354,0.49456630404121926,0.02183334917561135,0.24591585105691816,0.5408512678061218,261280
track_02923,Classical,77.926160473925,0.26121606468501934,0.20379822750630902,-19.69523139347084,0.07350556417777655,0.8768796683898793,0.9081538273462509,0.4984682365686955,0.2721120821852865,338923
track_02924,Rock,128.5687438342722,0.7520874592396547,0.958865220052153,-8.772333259392106,0.053644311570356304,0.10484995285407914,0.03955273733768183,0.17916474785497738,0.6884143290201132,197114
track_02925,Reggae,89.57623974770347,0.7111194905819936,0.5333199759780748,-6.564092007267773,0.08548759193197329,0.4230246366722478,0.06571561556008039,0.1439362901146271,0.7441519028108459,252493
track_02926,Rock,156.23411052479094,0.6306287741038697,0.7234749060240089,-4.031484564007209,0.14925920430923534,0.23650788781151802,0.15352920167267142,0.12355283176028954,0.5532069723549191,217401
track_02927,Country,121.30407244626394,0.6647754363383784,0.5944605159647733,-8.434860479075006,0.08667389142072719,0.6753129009757689,0.06318766944463905,0.1034130833132136,0.7697462559945516,290747
track_02928,Classical,57.531474841328915,0.2268588588400877,0.2445774249843283,-20.04066455119777,0.02609713463550658,0.9027962370434138,0.9563783490782556,0.4888520260031997,0.2132890733142026,371842
track_02929,Hip-Hop,77.65180184856786,0.8663865207378063,0.7551156651758879,-6.639469901421631,0.4880480537506702,0.14197868255546345,0.06890146183619537,0.2378153856258785,0.6891261276043616,227207
track_02930,EDM,127.48198710989236,0.7158110603567543,0.8987693195921685,-3.7844248545578596,0.03212989858502606,0.06607604608748706,0.02624070561834153,0.21594836458571376,0.7014676258852306,221063
track_02931,EDM,122.68832737831126,0.7133367584812461,0.9735527828230627,-2.322382446223134,0.052830968654401574,0.11098286908559096,0.2264882114498071,0.12910038893640866,0.7456193763086131,298563
track_02932,Reggae,92.08295933252084,0.6772998450651141,0.5840565067223182,-7.060282680388207,0.09231840477284178,0.4152097224202594,0.14137832354777743,0.18680380073825015,0.5906255111553742,254007
track_02933,EDM,134.51317177772881,0.8451578377922611,0.8803175170938642,-1.8197251929391784,0.05932933591603778,0.004580102511693185,0.02695884033525303,0.11889708808141584,0.5927735221053338,261623
track_02934,Hip-Hop,82.0371171234325,0.8577030416646039,0.7771426417330631,-3.316201492362717,0.314072874523763,0.21151535063228438,0.07377239566223397,0.11222022319026964,0.7154729428927455,166964
track_02935,Rock,141.51435697206725,0.7605640767684607,0.8532919373993613,-8.525929346600716,0.0712555522190366,0.20810986662101624,0.13549061929928877,0.2261615097849768,0.6684605009563505,211715
track_02936,Country,93.4206905270721,0.57901694749103,0.6297516663672926,-8.060338465191029,0.04673587042374197,0.5945674043401123,0.00928105779219992,0.1341193719917494,0.6224090686008331,219268
track_02937,Hip-Hop,84.95577514856456,0.7559827990100533,0.7746082569613891,-3.0973513239393746,0.4533659746933829,0.1935088034650223,0.06661523958274078,0.2641068993210137,0.7751707235913652,298158
track_02938,Country,95.75239597348838,0.7194219623697147,0.6123314046726231,-5.4624237340743225,0.0777402438917364,0.43173767343746094,0.19159916421124557,0.2818272574255855,0.5708660380494364,216927
track_02939,Country,107.77346771718514,0.7270549818232711,0.5154750113305917,-4.432916128935681,0.03382886013039724,0.6287699883660538,0.06730618842313665,0.1974793891131421,0.750724965804237,243568
track_02940,Classical,73.22538169488814,0.1330578006170556,0.36798073462530956,-22.1992470414542,0.07062779411635285,0.9025095836835526,0.986220857176294,0.3988472202560599,0.4034864562467073,465927
track_02941,Rock,133.93914719153176,0.7917525121149134,0.9809608627111992,-3.9493277932945796,0.12349450348908687,0.1469679324604011,0.14007917698293118,0.3183708357632996,0.504707026339192,281678
track_02942,Blues,83.34121975025262,0.7490677824886127,0.603978868779111,-9.867577243926362,0.07860612123636107,0.5374028561034799,0.1837873402987373,0.2532486268418428,0.6621094617721781,242573
track_02943,EDM,129.9122453321555,0.7396073737013016,0.8285737453687114,-2.212563862368389,0.031858654494231836,0.07870618919788686,0.11970332374544973,0.13926662424193412,0.6204048837347826,277506
track_02944,Blues,94.50975080016931,0.6636865794833877,0.6388253244889335,-10.595222199692401,0.05510299695548408,0.5641680333375501,0.023387187650132393,0.13756436219893547,0.6584103678713942,226474
track_02945,Classical,67.4320253633477,0.28604794121704513,0.23786573413262393,-16.55809412181507,0.062287927688590636,0.9674227685121315,0.9975178991111334,0.30046979992998524,0.2989803397294494,597320
track_02946,Country,77.5835929083187,0.7379376289556502,0.5067482761130032,-7.372999159263992,0.07699089363641243,0.690181486703253,0.1781584707473415,0.2334106006540089,0.7570170715013067,269553
track_02947,Reggae,92.2585197669797,0.7771123247467334,0.6898340929975386,-7.351033250940033,0.04622929631537211,0.565944196365352,0.0908693434738382,0.23028804631636468,0.5978519328589482,197205
track_02948,EDM,122.41780234249873,0.9384928118885854,0.9070425995567993,-3.2144804244082605,0.06851360481853033,0.10768891628724137,0.0047717028924700085,0.19473380253674016,0.5009512123729547,207487
track_02949,EDM,120.77479314710207,0.8958061658088328,0.8993995287067253,-4.032533946854607,0.059896458733085065,0.026506279143845804,0.05344599937383876,0.2517511856870295,0.8080578776285152,222023
track_02950,Rock,150.28971909968826,0.5731577186882312,0.9293747787175792,-5.508085153559768,0.06681894227919048,0.3808079310698931,0.0633198706349651,0.3549338708282891,0.678297548624683,280165
track_02951,Pop,103.89545469000535,0.8207459307139279,0.7376136383578319,-5.202968807282925,0.07573232751499988,0.14671401653605465,0.010846422893299451,0.25376633066721166,0.6085766201987576,188438
track_02952,Jazz,136.9190423999073,0.699105226339465,0.36320467015511126,-10.169252766944092,0.09561532027449962,0.7998563673169685,0.9397091845253371,0.4929115136446445,0.6441453703719142,308901
track_02953,Jazz,115.64942184166226,0.6525478504571633,0.556006383045192,-7.312176164624544,0.07583346416500067,0.7384779588788064,0.7934014168286985,0.2010082565545788,0.6057941083443823,329062
track_02954,Jazz,86.18463490343288,0.6410182692028833,0.3271325063187209,-10.855589279653376,0.07566215035063936,0.6674121692827415,0.7406225672494674,0.43989113819917697,0.48476976484692874,360565
track_02955,Pop,120.9252775088582,0.6140991217536563,0.6094664030267626,-7.841739487582227,0.09883543872252719,0.31445418895807575,0.018512120583444404,0.23512158162190624,0.7214417088992601,225610
track_02956,Rock,130.20461226696503,0.6912084173527727,0.8751356855411478,-7.948777192853922,0.14368851791228945,0.21759094712232982,0.06506818237171734,0.2663538819003962,0.6995714679523655,294012
track_02957,Pop,125.6840477805895,0.6078884739585692,0.6505727052846706,-7.22355968762557,0.1016481478979249,0.22483470027318653,0.03864533727697608,0.10829528878751903,0.7432462311200634,239849
track_02958,Jazz,112.44155333409944,0.5883799639051852,0.3084830801563672,-11.116267769159736,0.09741102527303827,0.8975480311851347,0.8036791238001537,0.2414622939084825,0.4860257735651914,266207
track_02959,Classical,65.42034844174124,0.15918011279491281,0.3170320245968938,-25.356449051110516,0.07089043712327284,0.8623947061766299,0.9402330207566579,0.22992300416864267,0.259070047443751,433162
track_02960,Hip-Hop,86.55776114993682,0.7461608619408846,0.8420350563370413,-7.8908562030370675,0.5761715979426255,0.15008918389386172,0.02267478263411722,0.1005713005634365,0.7238185874979097,273571
track_02961,Country,85.93368125967966,0.5220060072975568,0.5515154889530678,-6.613085582271134,0.06168130178776855,0.5374106662989344,0.11793002558000308,0.20527070188203067,0.5397702616587975,193408
track_02962,Pop,123.43759962868478,0.8077896709929206,0.7078402468809775,-3.6101425167695282,0.1133820416785021,0.11979221641522347,0.005966229485643898,0.10552565987126031,0.7326920988393056,256589
track_02963,Rock,148.54831947488694,0.7407138887890646,0.965342787404966,-4.69380212893207,0.13133878681527525,0.2036963796885174,0.1030012086044819,0.383290245969945,0.7658298145304819,201086
track_02964,Rock,150.70350951071873,0.781155193671343,0.8013203200683031,-4.1489839534172575,0.07851698591140067,0.3301552004504785,0.27356337467421993,0.23968213508822453,0.6104540848960395,268664
track_02965,Blues,91.94009611606678,0.7911649333233275,0.7447448902295357,-5.086496767055561,0.07184584669068626,0.5276798208555886,0.1672333630540957,0.19856105115761807,0.6220160020499209,212209
track_02966,Hip-Hop,84.07886388816114,0.7718218715072787,0.7031184906159993,-7.083484634688466,0.4302793459871153,0.02409753726696894,0.04271160846981797,0.1679824264868119,0.635306178884039,277678
track_02967,Reggae,92.52989007520188,0.7933213543708907,0.6837410844368628,-11.604969834789564,0.0735629304408712,0.4108816742627771,0.07389550559688736,0.19191703117000578,0.732380223916635,240245
track_02968,EDM,132.8619795086393,0.8186700727062697,0.8603944275483693,-2.300638790736485,0.039935634177412624,0.052198763081645595,0.22717763254335613,0.168509452901818,0.5205598691756448,260908
track_02969,Jazz,133.79938039260256,0.4205731845541373,0.5569027880122224,-11.63639469867368,0.0799042755212423,0.5279435333968325,0.9284197351955319,0.238333524413146,0.6859284719160244,377046
track_02970,Reggae,89.74974353231303,0.647426631291014,0.5970932504329837,-9.955332553509527,0.08785911053046463,0.3684919259453387,0.12169442340489911,0.11027100315182135,0.6648582727705159,223675
track_02971,Blues,83.63409798986244,0.6496285711925109,0.5714688480132775,-5.511347399764247,0.05408444504098033,0.6849620136212907,0.042045176928507955,0.1768567557445924,0.5036970279250077,208902
track_02972,Jazz,148.3819706670185,0.5808442349084131,0.5328169704019932,-14.786705913858317,0.0715212303959867,0.57331663683616,0.707094040321054,0.49441039244324886,0.41989234021454797,379245
track_02973,Hip-Hop,92.52361775417667,0.7032298836583232,0.8167710804179089,-6.639939708563988,0.5486092256680187,0.16614122554776642,0.09872478798987822,0.14205469682087052,0.7893861444907475,155749
track_02974,Blues,100.0752483163913,0.7863613689186775,0.5797981124635734,-11.583936816936827,0.07263193799816257,0.5086452084163565,0.06234144399879196,0.2973075595367416,0.5209134272462377,184521
track_02975,Jazz,144.3454994235944,0.6581518776443208,0.5519977334475804,-9.219175369606486,0.0700153725624385,0.6366034441153644,0.9631647261806218,0.4329966326711915,0.6351627807833916,242973
track_02976,Hip-Hop,88.9741540689614,0.7787032195473186,0.7274655113698953,-2.969888166196636,0.5678660018143966,0.08546781427658588,0.06864291672657648,0.11556284123051269,0.6638293087875045,186070
track_02977,Metal,163.86350313427397,0.40118497074733683,0.9055477779883803,-2.762758888162379,0.046434361447340734,0.1971076426348089,0.17515487591400491,0.15928056577332333,0.4523838692997145,204281
track_02978,Reggae,91.30911467252106,0.7280343689240574,0.5126905583217718,-6.46234295071179,0.08624512025868172,0.4291770803741987,0.09445746837497189,0.23384392116306943,0.787737156819176,220472
track_02979,Reggae,88.022618597869,0.6670611270166813,0.7654388609132519,-8.37081993449422,0.06407688924803434,0.6621985729003367,0.018668904895412286,0.19462455658045127,0.6957122293926057,269903
track_02980,EDM,129.57245336182436,0.7846113884156131,0.8549314000655903,-4.001602243313128,0.03600544052865666,0.10234880251357291,0.2617496347190709,0.21797351365215917,0.8490654601147458,274358
track_02981,Hip-Hop,79.21114095647437,0.8389023817485133,0.6729615283120838,-3.5751323205951095,0.5645597587012556,0.06326530607463327,0.016067761830179838,0.2750714371456957,0.6445087660354023,207238
track_02982,Pop,110.66332800914394,0.633054715143821,0.7438154530251675,-6.627776159670201,0.07063339096765905,0.1379098609056366,0.031793407644353976,0.21676168190349354,0.5881090268659444,205410
track_02983,Metal,161.44862628850524,0.4565807003373309,0.8346924992635887,-4.636171703949855,0.034145098206203005,0.00556319911954668,0.1051843652141342,0.16742458450512104,0.5891320365780919,204525
track_02984,Classical,69.19820083126747,0.2509411764054189,0.24424173828059012,-28.31970494634846,0.024791497723595863,0.9663005438485393,0.9629624334205843,0.2837381177331232,0.5028701752167388,591024
track_02985,Jazz,152.44815579633814,0.4079639008899829,0.4499012735884452,-18.752444723670685,0.05447942660816865,0.8561988098955684,0.921659484273028,0.41891973517096737,0.32605853361950904,325654
track_02986,Metal,155.12265183618587,0.5788050534551001,0.8440597183634484,-1.3445058904703533,0.06683106446900308,0.0037801454662834914,0.04796862974766767,0.18259602909428926,0.4748467366517264,333711
track_02987,Hip-Hop,84.95904244522639,0.7105615273969532,0.6921559444852147,-3.176975939224933,0.583215705632379,0.07261999820535703,0.0021425148834860797,0.18046726875484298,0.6340475354719354,258482
track_02988,Country,98.08028912734247,0.7446744711977573,0.4074978390310271,-6.866996531357366,0.0841725197284939,0.6371314307638762,0.14693451382925357,0.2058702745506324,0.6952892966211186,229515
track_02989,Jazz,113.33123592546302,0.6898922693275691,0.3560574046810247,-14.644146540402659,0.06885729760310638,0.9450587544122204,0.9167622659997317,0.24344853940829914,0.47544544997872473,257829
track_02990,Rock,142.2533747717271,0.5070601143735477,0.844966165509405,-7.026164753725051,0.08101794162292568,0.1626418479786611,0.28416137692445376,0.10105214554320835,0.7566181799989355,285144
track_02991,Reggae,88.71017997511815,0.7162940442395956,0.5817965492092778,-5.8005248763290265,0.06826150229169826,0.5144574447518678,0.17291349292138714,0.25945570158386666,0.5965229595055614,288505
track_02992,Hip-Hop,89.61973232577573,0.778509321738208,0.6895314380655345,-2.0237112504858903,0.46776813500741987,0.2639494488359953,0.04260328494448239,0.24454463008178728,0.6146342569216584,177935
track_02993,Rock,153.8171972413114,0.5767450650027695,0.9080813025765637,-7.163891169199749,0.033772730756945646,0.22390247612771907,0.16500649252662614,0.1455284841739526,0.47356524207704603,261814
track_02994,EDM,126.9797477643796,0.8556640832549514,0.8641810393940517,-1.758454983650633,0.05031904492976548,0.06660251495420125,0.06560393984950794,0.11620874876189036,0.8129564245519469,196903
track_02995,Blues,92.21880157310774,0.6132208723776474,0.7491166598092286,-8.55985538228165,0.040321142251851315,0.4054640875758215,0.0815393705098539,0.16283895068978502,0.60873483920418,246202
track_02996,Classical,69.2278687107934,0.2931629469408602,0.3356729889336885,-15.538303887675474,0.06982187500320385,0.9209771068157102,0.9011121293187664,0.31773943487384604,0.28760723511533104,566827
track_02997,Classical,59.22370943329386,0.10468630977780587,0.14146008800440293,-12.851457360336106,0.06535125169113556,0.9597785809715866,0.9276306619334052,0.2708297570026795,0.21494896374292505,306782
track_02998,Rock,139.1472504643843,0.6147226575460335,0.9507658300945218,-5.2269270903149465,0.0473143121827298,0.3961465421281807,0.2311922199005266,0.316071254705106,0.4866462330428563,202479
track_02999,Reggae,86.82221351316473,0.6206280125790322,0.7905670214914016,-6.557967511904392,0.08356900536596362,0.6831489339366678,0.08149601690342756,0.24370670805848968,0.5618623692156354,212284
track_03000,EDM,136.06540391738395,0.7052849352622015,0.9531445207093736,-4.015425614071678,0.06466445029142281,0.004451965483972198,0.15963950721053424,0.25533019098878884,0.5951793733250698,192946
track_03001,Country,104.18020986665525,0.6645469281156599,0.4077700684630829,-6.757795827309771,0.08494872123991828,0.42073026333561825,0.08263457304930395,0.16530225460602038,0.774099687605605,228867
track_03002,Reggae,84.11459449145474,0.6146266137337094,0.6012180408055591,-9.156095450262926,0.06970349097163116,0.4016053856403688,0.181368489540968,0.15701567355535434,0.7554652332538387,206402
track_03003,Metal,142.24241710193746,0.486836834250952,0.9196384963695545,-1.8067430086035108,0.04406885303563211,0.11557270489819851,0.1554726637677522,0.19815459726446524,0.5491930994816834,247883
track_03004,Classical,73.71563906356799,0.24677955302942867,0.38289462745629355,-23.362333580128677,0.0419801865447179,0.8167099354381709,0.9641492779574712,0.365735217690461,0.21613830349294713,363402
track_03005,Metal,164.27584378005827,0.38760942342668936,0.8275959632584156,-5.886627052868263,0.04488401718389124,0.04323054202712047,0.02044046910906172,0.290217160243036,0.3802865626369937,232746
track_03006,Jazz,115.56924761500433,0.4064246616012057,0.4284713221606161,-12.781976377649649,0.08936069609139352,0.7072058249557356,0.7843479624200408,0.338628940422546,0.39519619216960844,300853
track_03007,Pop,111.6392103665323,0.6038029252675472,0.6550508216703095,-4.06238429533823,0.06642320347012176,0.14429180441580636,0.04745402799972696,0.22449402327032386,0.5240103797742663,259975
track_03008,Hip-Hop,81.40444281831712,0.8911634963231573,0.8909618911299009,-4.156915095372136,0.4809310672230619,0.1218485845529502,0.019675395318873825,0.17484014844942897,0.7080388762061459,169685
track_03009,EDM,126.64791553268964,0.9305916398328251,0.8097422791355083,-0.045105920285666734,0.03831250880808031,0.08175347207980187,0.013515392449715268,0.21695644062160624,0.6934221061603967,265993
track_03010,Reggae,84.91342555506448,0.6887438499073358,0.5841068738658229,-7.832179791001255,0.08782390118763796,0.669425256672588,0.19277054684441716,0.17023890679479886,0.756754334549141,238462
track_03011,Classical,67.95280493781776,0.10119496814518732,0.33692344800234586,-12.382083931754341,0.030484285541325956,0.9832384417633114,0.9914097277294696,0.34138725531025715,0.5192139243191367,307245
track_03012,Metal,169.3465603179762,0.516557895907863,0.8596961458322987,-4.887819232066373,0.04073042517398916,0.029680186512161557,0.08536313113503557,0.1521897150049895,0.5681596425651251,238882
track_03013,Blues,87.04685428265286,0.7200419036261542,0.6502393522112142,-10.827839776342392,0.04287122170304707,0.5734073818963359,0.024234491845518735,0.11146983064144692,0.6325601998014836,264956
track_03014,Jazz,142.41406254745138,0.5759912172754148,0.3134025623056358,-18.642766676931007,0.06913150160862105,0.899589966100488,0.8884027536747158,0.23141306603116085,0.6550169095365979,372304
track_03015,Hip-Hop,90.81629571853874,0.9368731042533154,0.6647137417494486,-5.155372938543146,0.36776684078321625,0.16752020667794026,0.09093180729717816,0.2135501142325748,0.7040282155859812,181488
track_03016,Hip-Hop,72.39638129386597,0.875636543235953,0.7908255433416702,-5.246449921534928,0.44012632299879806,0.12184844796127249,0.062021179970382034,0.1813327858465987,0.5589977256346388,249952
track_03017,Reggae,89.2945691379428,0.7925873489759375,0.5773807565390427,-8.204211862083644,0.0505256477322499,0.42930972611143403,0.14341600854829986,0.22861880481341168,0.6242949085513698,295427
track_03018,EDM,125.31838428804907,0.7260632164311536,0.933558082979804,-1.9534433832225835,0.058534508907209196,0.09488978091249484,0.08099604826003225,0.2327358338713056,0.6485429706091288,265021
track_03019,Country,104.1621129144229,0.5366068516520198,0.5428484079576517,-5.6453601971305725,0.06736639176479102,0.6552342145428782,0.12337557235058315,0.18639032943743936,0.7775486270687453,219749
track_03020,Blues,88.0563030283096,0.6794883854514343,0.552384755002219,-11.798271374013956,0.078234735969226,0.4075973626539639,0.09277791742425685,0.17727110433150617,0.5524654387842388,209428
track_03021,Reggae,85.93100116267418,0.7756379473982528,0.7049241242139915,-7.534457059946542,0.08371227578916798,0.5953172438508464,0.09859667736782106,0.18386151227956954,0.7727848043490906,286672
track_03022,Metal,178.33043633386976,0.5571604040618724,0.9784229286336941,-1.840450188725363,0.032169897304221366,0.16417583693114526,0.17981823550421636,0.11134981803053041,0.42488426813309643,280167
track_03023,Pop,121.13902492299113,0.8905751530832258,0.7270885261517712,-5.099619638766729,0.06701374440446262,0.33570010562475866,0.020029881751820657,0.26911569989017337,0.6508452079293771,205572
track_03024,Rock,135.3455811938055,0.5842951823848471,0.7147255936801571,-9.855652464311671,0.14176335222927816,0.1756228025932507,0.13436975775691906,0.3851729358696566,0.5870067915122901,294077
track_03025,Country,93.7031617432967,0.7198159957213102,0.6986909185010427,-8.260873185571066,0.09892540810634877,0.4961189639022745,0.002344623539338531,0.17344281154546184,0.7992545002750908,263415
track_03026,EDM,132.02513226637888,0.7868030873974273,0.9045672450040984,-3.85802830957174,0.05640752520725442,0.010362384339261356,0.14544296936118806,0.24299915625787666,0.6719784235827091,238663
track_03027,Jazz,141.41037089199875,0.5492495498451333,0.35576970787075757,-19.130533046257952,0.05881204027467023,0.9029816832473916,0.825854060540789,0.27567533074806805,0.3082899109771756,365998
track_03028,Country,105.78316159892645,0.6497997319043094,0.5335295718692157,-9.126168688959382,0.06874522633442066,0.6932344690798543,0.15743719914645687,0.24949969695068727,0.6929926408188889,215579
track_03029,Classical,69.72884223287022,0.2890921783624255,0.19708944917226884,-18.175726817272547,0.0773687709878655,0.8542319466055204,0.9471953544399712,0.4257486453595058,0.4764394740454337,391424
track_03030,EDM,135.34912595230043,0.7837088382224016,0.9571036093459794,-1.870831498877703,0.04350151782525495,0.1635576539560701,0.17852282087887947,0.10172374551978008,0.5274912806289599,244634
track_03031,Pop,105.82068934740816,0.7482345547061275,0.6858497156897906,-6.731818877244278,0.07508136136853098,0.1773512678146438,0.03393789540794783,0.1203470989058924,0.7067602861641716,228373
track_03032,Classical,87.03470516653702,0.16038472354901273,0.13068681683462768,-15.9328457905428,0.05417242169599232,0.9618952702381479,0.923552370561417,0.43746923465777565,0.31677828960092014,479970
track_03033,Country,103.30754340006584,0.7477420841947736,0.6873944295435288,-5.198549541657972,0.06741621969607915,0.602447372746222,0.14562167806881854,0.10168030485564775,0.5307098662858869,236858
track_03034,Rock,134.3768969244134,0.5567830488231805,0.7394518209447838,-7.107738193663664,0.1326462598959509,0.17227709828426208,0.18650773655796737,0.36162886528788407,0.7737641695625632,248087
track_03035,Rock,144.01462499205368,0.675650827299346,0.9338356365687479,-8.440087192498298,0.09372539615699499,0.19580578463524279,0.02835370349295445,0.13152383366698117,0.4545885882500603,185016
track_03036,Pop,129.26497272718584,0.8002651939671417,0.7949979599008408,-5.617386296827456,0.08575544583255615,0.4742756951641339,0.0315591841882422,0.24950812612621867,0.7658068946127479,235864
track_03037,Hip-Hop,92.46377676816012,0.7773845180220844,0.6477315117457947,-3.6589248914643058,0.571386114081026,0.05507473311001049,0.09207030012036006,0.12803642184090874,0.7942647530198126,294054
track_03038,Blues,82.3456503360009,0.6542773606589003,0.7768036650905537,-8.143578847034258,0.07472466754398245,0.3033044986520402,0.13055595109043858,0.1612704842816099,0.6540249031457592,182100
track_03039,Jazz,87.57288204279861,0.6756568326777248,0.303185769743088,-5.162443988493587,0.06878405886235173,0.8127698236167987,0.8080157667417146,0.45575800090864965,0.524795178047353,369599
track_03040,Hip-Hop,94.19152758075754,0.9392490704523486,0.7813221850186187,-2.9020890708569738,0.5416864554756273,0.16733931740309874,0.04383507136175799,0.19935968161917178,0.8211954961827514,187845
track_03041,Rock,157.27632424118028,0.7120050223276018,0.9467014403521213,-8.881715404474107,0.143297326172234,0.22325218432825328,0.2581350895129132,0.16614387861033558,0.4116115888818859,224227
track_03042,Rock,151.19124457763274,0.7692175753220907,0.8005950130174949,-5.754930319404795,0.07483795080837863,0.16086434061456728,0.09771534029440661,0.290770648969392,0.6865357354449134,180600
track_03043,Metal,153.14463370174317,0.37012112843829564,0.8368294129569434,-2.271665814219758,0.06899731915006571,0.15540280261236394,0.19380810888282973,0.2768475892668064,0.44934142415355144,261725
track_03044,Classical,67.5005640873843,0.2983577294882662,0.34626752051239895,-17.477407858610352,0.032864234997837555,0.8675317615153633,0.935078571624659,0.3433020218043321,0.3687987177162004,372150
track_03045,Country,95.85307547969515,0.5899892000168613,0.4398887888485646,-8.323872670396156,0.09712251023478545,0.6115790635524972,0.0015704392098764954,0.16577225848850494,0.6316105211103249,280508
track_03046,Jazz,123.28126782849789,0.6764593813562252,0.5922344753215598,-19.066455083092958,0.09537088414889244,0.5413842667609444,0.8011858640150769,0.42877223672909803,0.610814792775878,294571
track_03047,Pop,101.31832069309033,0.6497131461214879,0.8210426049732037,-3.0573112118574395,0.05349802099099804,0.32164535283608076,0.013065179245290754,0.2664773667099408,0.6384292367099222,193556
track_03048,Country,113.02886170147556,0.7100108033819559,0.6809661817356931,-8.330028840732377,0.05021175257259583,0.4812191852109734,0.03069001462278207,0.18614275076311435,0.7353406544738019,274460
track_03049,Metal,173.83664517210306,0.4694036824380291,0.9776888143517606,-3.429072525420289,0.04123575414410021,0.025899168052550527,0.17367256418892418,0.11123455978044235,0.33528288357592867,300876
track_03050,Rock,139.02992370354156,0.566494376657789,0.9789003022459329,-8.302747863463289,0.13901039546170185,0.28453272083471387,0.20021283216019709,0.13280004490532152,0.42629641137568813,258488
track_03051,Pop,120.10986655121064,0.702500742013325,0.6890729717987373,-3.419942264064776,0.11829180789185391,0.45925238255380163,0.049911736178054056,0.2737817687802955,0.7817430070480327,245081
track_03052,Rock,135.82143279836865,0.795477886967272,0.8929109772460463,-6.49078367334502,0.12376545763318746,0.28081012134248506,0.21299656385057042,0.2851399717745198,0.47153520969271456,270594
track_03053,Jazz,120.74689232765576,0.5262049372319211,0.4499536385356614,-18.52174891433985,0.04450136560437256,0.7963538716501924,0.853601210932095,0.30774595739103233,0.5264455810045457,413843
track_03054,Classical,72.07009330394366,0.28879823428630924,0.18811350633526658,-28.56442418656002,0.030170256354446243,0.8190947828965034,0.9178604504359681,0.3250262164479836,0.4952203575742083,340708
track_03055,Country,114.46201752263505,0.5109502492394703,0.6236022043110127,-5.920540415146193,0.03452542597414941,0.5906920867923339,0.059731169393811005,0.13545706406686914,0.6154645853878982,199166
track_03056,Country,95.74052454722889,0.6493181415359599,0.5812688188448559,-9.603844434883314,0.0812794950409624,0.5406692633536587,0.1446146746989617,0.26538499718701397,0.5968698055972081,263026
track_03057,Hip-Hop,73.61800465082702,0.7588446725170961,0.621958563395511,-6.916638056594351,0.4091829233163664,0.07363130675764061,0.05727351999905152,0.22278113218238602,0.7280264299348432,232188
track_03058,Pop,103.53776116854581,0.6188815504316844,0.6098128977875774,-4.65309302962725,0.11347889026100193,0.26375463332091176,0.041838521513796634,0.10585309222714943,0.8110760223880731,186384
track_03059,Blues,92.90496311048064,0.7122969132664638,0.5794654827747956,-7.497382981373233,0.06637249894458169,0.3021346243676184,0.095365141286967,0.2302375849101091,0.5041650979073963,276404
track_03060,Metal,165.18002175818177,0.4745259865802494,0.9799871059627944,-1.345965160761991,0.06655790200990908,0.14553403092054906,0.05547224940481992,0.2979523902384136,0.3730443614514485,320995
track_03061,Blues,76.75687369756855,0.769641204701103,0.6189977678886647,-8.484729780489696,0.042624261966275424,0.3831349236505435,0.1665991316611272,0.1956722404758362,0.5692795160034188,226637
track_03062,Hip-Hop,94.01324632166548,0.8255745278393768,0.83749223326792,-7.8471414423832595,0.5041213100216608,0.07069018711514395,0.027052029168765326,0.11826034132134647,0.5769569054372717,166482
track_03063,Jazz,123.75653168383101,0.678702865160032,0.46989279136968887,-17.52838914567828,0.09982713983187044,0.749428792461437,0.795866579015657,0.3510128397008715,0.4054763180958005,406197
track_03064,Metal,146.6162966315702,0.47170475473147916,0.8642146400047458,-2.47979506280673,0.06273671044828572,0.07940020655481156,0.05520642055811931,0.22282087496405978,0.5829454947633023,238552
track_03065,Classical,75.4299228228391,0.1137988217555876,0.16438238612193795,-23.174707054216448,0.06692669726782344,0.9807802893437106,0.9451786549760799,0.2858383075024715,0.34128428972714214,528368
track_03066,Blues,88.8396223305096,0.7682460191220152,0.5595090818720254,-9.78177616656495,0.07101284043842065,0.528641318094426,0.038762822891705656,0.1460024680030329,0.7276493207106309,185380
track_03067,Classical,56.29543449005661,0.12332609639802741,0.10295714183061189,-28.57676317304197,0.046777997743086705,0.8480708483935507,0.9068980397803125,0.27692162328428055,0.41152894177559246,360303
track_03068,Blues,80.93728337295012,0.7454079115586713,0.6161927594172165,-6.975628657086182,0.08806573458584888,0.6013142719162416,0.13536215965722462,0.1094262503381406,0.6979144799344427,279507
track_03069,Classical,58.83425028067409,0.2510764242613134,0.25388042392503385,-10.088607571113194,0.061156237713353157,0.8136320119293782,0.9401910654400624,0.41907940934454035,0.53694769770761,364469
track_03070,Blues,100.29787516824506,0.6621725171465244,0.5228175129498254,-8.107090465869984,0.05039609178255938,0.6428460600100424,0.11546280529129999,0.11187512838621894,0.5902626990872957,200030
track_03071,Classical,69.39882691546276,0.20425793962085587,0.13635498140015298,-16.407446066160073,0.049853085496912974,0.950689395247037,0.9291068792923974,0.44874966930064175,0.4603282181882865,466735
track_03072,Hip-Hop,84.92380039825576,0.9333231981444303,0.6674436272334443,-4.678988761407885,0.34121043012690083,0.20240328855346074,0.01853057960098107,0.1099580845843208,0.8299587228835197,244362
track_03073,EDM,127.55800538270145,0.8637378814861131,0.853835011547444,-1.411103013483856,0.04913055792129817,0.17162145842322185,0.04852124168279707,0.2514159326530114,0.8730210306848014,196727
track_03074,Metal,153.17614031405023,0.46065283210412555,0.8028998035646316,-3.7811834924531205,0.03892301449267927,0.07365360877343163,0.13500681495413783,0.1701927542101403,0.4024019661600646,300586
track_03075,Pop,120.9435843579258,0.7412113746539704,0.7338540140915338,-4.262420005180858,0.06473733876361341,0.491659628299443,0.03904417655038419,0.13227467396176462,0.5444278308675088,256033
track_03076,Jazz,117.47289022831198,0.4390850261264171,0.5748941526678963,-16.956119111703273,0.04862147184364315,0.8130844085443083,0.8565735790830498,0.37277973621073757,0.47437925921612606,266730
track_03077,Reggae,107.58983685496793,0.7968194326706668,0.5334296650241883,-5.099716422484072,0.04994067398925435,0.4891645854460207,0.06752273592426701,0.2910842497197239,0.645650992646368,198323
track_03078,Rock,149.18581885114418,0.54640553792199,0.8088046210202844,-9.854951480517292,0.12035478791168598,0.3386767041308641,0.12342414072550886,0.39539979381228085,0.6715975659230797,215950
track_03079,Pop,113.2425480773477,0.7982507668878085,0.8364157750214283,-5.492351148084955,0.11271435285546354,0.1419199111984345,0.026579208736529497,0.16321011194820778,0.8182787047629521,257320
track_03080,Rock,132.77784503623013,0.6875788691831808,0.9748358750301199,-6.20470632563479,0.06127336449697199,0.11784206397733565,0.26548591582525105,0.24365742355841605,0.6949287957769286,183910
track_03081,Metal,152.49295687840805,0.4318822839043988,0.8995152946944129,-1.816761534180431,0.056941270132802514,0.045751505800781356,0.14717913932639876,0.15944934934898905,0.5269189639637939,257588
track_03082,Pop,110.4135426466772,0.6767048221387156,0.8076438805158354,-3.917923079593635,0.06136617519525119,0.28960107248591066,0.0020099489249246483,0.1709103345776924,0.7923915373478481,218328
track_03083,Classical,82.32980061360726,0.2643578358545696,0.24326908292434127,-16.42812225831483,0.05689297975412437,0.8814173994144979,0.9820797616414029,0.2577345659653099,0.266852284550951,446632
track_03084,Classical,77.72550297949076,0.18805590468296474,0.38791417994006705,-14.61868691881788,0.06310783172412195,0.8983127423843654,0.9443378134255602,0.3579644562555221,0.3174532251707813,491100
track_03085,Reggae,92.96135933292382,0.6866307190898873,0.5213266844732651,-7.21845877451605,0.06246481503828471,0.6481721249803301,0.1560676876899727,0.12906562839795122,0.6805147191615543,241079
track_03086,Rock,145.78388070325394,0.628372093814919,0.7466333318815578,-3.141855391896952,0.05668692311874643,0.3033582562983218,0.13623380590682427,0.26654435644800234,0.7730719969475232,198855
track_03087,Jazz,104.74452222012891,0.6675978610193517,0.5960175197014642,-16.222517616575722,0.08331602428819283,0.7528762429161495,0.9095748993877212,0.4892643718311932,0.4104346913684988,312086
track_03088,Metal,152.9046914279258,0.4664320985330942,0.9815795639940115,-5.306843861689719,0.041844158436483134,0.18370609035715696,0.00790711863093836,0.2312231268119717,0.49185776496538547,243091
track_03089,Classical,75.273496694674,0.11482703561333128,0.3109470313002932,-13.734260870166061,0.029799638573711547,0.9466926002120561,0.9646200134760433,0.32326354365893156,0.2659952528179238,490604
track_03090,EDM,118.18539432922537,0.77553615321221,0.8324137362594061,-0.3610481426803682,0.04591456520792781,0.08994102897673545,0.24079223423323787,0.20259469456205836,0.5479021928886049,235896
track_03091,Hip-Hop,85.10722110161973,0.8789255135606077,0.7323331544976995,-5.859357715948916,0.5089374275510712,0.29642682123226716,0.009166641568531397,0.18442429608438776,0.8762475211721794,172871
track_03092,Hip-Hop,86.37177359354789,0.8370115385408202,0.6466017151553142,-4.710250509818238,0.5923462030502553,0.18927006611898747,0.04491411560497186,0.26550649758791506,0.5851289942608606,234998
track_03093,Blues,87.24461981276767,0.7992835341706462,0.6104212484344872,-9.111035865578607,0.041192563734819235,0.45233031874021185,0.15267826822255248,0.20311935921146215,0.6971136249062727,193171
track_03094,Jazz,103.22127433910636,0.5605805324885794,0.4343229919645437,-11.2454228072353,0.09824848959502827,0.9089722993782202,0.7506904408935766,0.44097800447126273,0.6364396239215553,327101
track_03095,Hip-Hop,92.51642227458731,0.7953115907343018,0.8781760671829618,-2.0483641122510923,0.4946786401957198,0.18064536272156656,0.08408269795865703,0.20324635905027774,0.8478023602091627,175563
track_03096,Blues,84.0018917600498,0.6063794176530559,0.7779771013116682,-6.94930070238077,0.07064602725617172,0.6779574951730605,0.1773536089174348,0.12168519545663331,0.6873192334599263,258147
track_03097,Rock,139.6823867670981,0.6478610098543368,0.8292662855656435,-8.399876374925793,0.14076858427353175,0.19534033619700264,0.17023969823097015,0.14463392065669195,0.5736973568396189,289272
track_03098,Classical,84.5524030214975,0.1997287362746376,0.2847609356680927,-23.78905085414789,0.03558733373036303,0.8967769821394113,0.9659607988927579,0.2133776213887857,0.31743273666042005,340103
track_03099,Classical,76.34275563347225,0.2735083458534805,0.20318349361059856,-15.474580090095444,0.036458509169346745,0.8350592979720174,0.988102036644642,0.30507478401145,0.2813672170674536,345863
track_03100,EDM,127.8890259579417,0.7890645851027757,0.976572666118889,-4.386364145635892,0.04894010856869826,0.10748266637500437,0.16642473203093305,0.23037796609704864,0.7023182497015262,234673
track_03101,Pop,121.7487451646923,0.781361934225681,0.7383711365536665,-7.0571266920470865,0.052841405942977676,0.2845619779330646,0.02640234634736334,0.12541874498502728,0.5237586515990488,248275
track_03102,Hip-Hop,83.05430096298292,0.8533921175880326,0.7601529279115906,-4.219709078483303,0.35016805710698107,0.20543444454071272,0.033578896283666525,0.19041074851518355,0.6332437455985075,253218
track_03103,Rock,150.80966170863695,0.6450305172920663,0.796967148281081,-6.58440684752231,0.11265643968846185,0.2040102150177387,0.12428462241702184,0.26885194510262095,0.51760370553094,217474
track_03104,Country,103.88398868550453,0.7409271246574676,0.5106574282480999,-5.168199835046698,0.03469228216144276,0.4187945854125381,0.08762163874118743,0.21711403469625534,0.6825598954343571,219218
track_03105,Hip-Hop,86.90870840605905,0.8356262321683484,0.8007251217966127,-7.820056173438801,0.3368533982886359,0.028478170791313272,0.009819716574878401,0.1520967430393096,0.712820904153282,187631
track_03106,Jazz,135.0495681221322,0.45424600311736246,0.47864727983437483,-12.624878415681149,0.043718095930099815,0.7609686624337206,0.8687253628550712,0.40824518305336477,0.6982168318369593,287798
track_03107,Pop,115.29436690742386,0.8991526211300302,0.8197075400247467,-6.449872833143576,0.07704164638807824,0.25516239849524047,0.03670894079525074,0.1682265505324767,0.5591188245501043,208240
track_03108,Hip-Hop,82.9534905588302,0.9380129591711156,0.8008119867968083,-2.8883756194985395,0.4434751166074975,0.00606242378660139,0.09904692223172126,0.11176642999852848,0.5771096815121775,197036
track_03109,Rock,143.02334683232812,0.6978801493562825,0.8841568208262024,-6.281741556566924,0.05063668931705659,0.20070329306765966,0.20793269020743665,0.22764283201053317,0.5624516047644094,276463
track_03110,Hip-Hop,89.89385329819855,0.7640474856003538,0.8461369462586816,-5.221578695361622,0.5146014095323441,0.19509023653090732,0.03062257034545801,0.14161534061171424,0.5503142040712192,239643
track_03111,Jazz,148.24806552496352,0.5360713058269014,0.5388852912670051,-10.403930039324383,0.05137582476964536,0.6385865863852567,0.7237747559324156,0.48371652647699664,0.6546201924917066,318978
track_03112,Country,93.16331796056582,0.6807501419895813,0.5639014287897985,-9.43260024128216,0.08307079884727936,0.4832316977704383,0.07701154690837425,0.14903538485800913,0.6630071061415418,199895
track_03113,Metal,149.5593470398025,0.5801605120879784,0.968952546913347,-5.297306104862885,0.03283637918144261,0.10717353654994673,0.0568285235459052,0.1566499418829136,0.32616647782512354,251693
track_03114,Reggae,90.39516688509761,0.7435015780183174,0.5232043984096525,-9.97425020384646,0.09770166055096212,0.36208524204922055,0.06235687117464921,0.28646787196103063,0.6013051454320621,182825
track_03115,Country,100.70742221791019,0.5727525073527391,0.5163078075834124,-6.593487585230672,0.09629414565960322,0.5800353279904404,0.029475638356078717,0.10139923709529736,0.7552963566526041,208253
track_03116,Blues,73.30321668698207,0.7153686364218085,0.7447530563192021,-11.57849367247857,0.061369011140485895,0.3800635402615288,0.07157550214436395,0.17086133325010322,0.6062839312261175,188957
track_03117,Hip-Hop,85.01167123746072,0.9056312045854874,0.6139894928332152,-6.285051501470193,0.4114540210042468,0.29265715358456823,0.0003393648214860545,0.16160414755251862,0.8721649038451615,260930
track_03118,Classical,71.00671680426653,0.14501335316291536,0.3190265534307951,-15.093222140002693,0.048330672958850504,0.9893834939730847,0.9202707079541842,0.47402475019387924,0.5022032306101183,490173
track_03119,EDM,128.85992152146383,0.8207273102011206,0.9288340880422848,-1.9872947746969571,0.04686789363744247,0.11249206869159711,0.21097460188832348,0.2677732584819741,0.6217322943290875,199267
track_03120,Classical,75.29696191338624,0.21024358037929464,0.2467852507659181,-28.916023935944644,0.05795038460104131,0.9882800714686173,0.9402231786001102,0.4683080567680857,0.5252405432767383,555529
track_03121,Country,100.86301446850817,0.7296571301078298,0.4568278706378245,-9.249721321511435,0.04688962796864071,0.4178880131341904,0.06401601976636813,0.1566017796025651,0.6248645298013363,289710
track_03122,Classical,84.84050304272607,0.15823749176371177,0.16498349745431673,-20.317086991136165,0.03938884278622061,0.9848058919739888,0.9440076731314773,0.32304486640177504,0.4503448520434,557626
track_03123,Rock,140.79829958768167,0.588606662108017,0.7577636615080455,-7.819229547154794,0.1279064831134784,0.11735661126336305,0.19447001522355786,0.3740110435969367,0.5792225389625609,285953
track_03124,Classical,63.04610677017968,0.19404702470719876,0.20193059133647928,-19.61481147172443,0.06370623234107956,0.8001380948964099,0.9887211722731853,0.46590885790349656,0.41651917344348355,576210
track_03125,Pop,113.87972977305913,0.8092769030650269,0.7295415872589311,-7.439954065193782,0.07448894100088516,0.16553184339699567,0.03367866791782756,0.21641893982659854,0.5134137608334517,192871
track_03126,Metal,165.63765615258734,0.3782377446658982,0.9489719064286402,-5.365819499697547,0.04023870505291973,0.18152527897377438,0.10922750092048567,0.22416992849544398,0.4367298436095238,297426
track_03127,Hip-Hop,88.07581601841619,0.7402746619116054,0.6761705415018643,-7.058033509803482,0.3349639901611674,0.2636937552021378,0.027785916506998187,0.24450480389357124,0.6711929438900999,189606
track_03128,Classical,66.16434435593892,0.27591161866214303,0.1701748732729432,-10.690579702111126,0.0712136455678355,0.9970032907304518,0.967794845514108,0.4792180247732727,0.47603724882068593,382830
track_03129,Jazz,130.0934233926695,0.5554260716888371,0.5209706176977373,-6.245593218602332,0.06534340712463407,0.5132010374518057,0.7339141341812354,0.4915734325249804,0.6492810164895333,321628
track_03130,Metal,161.73140130939606,0.4335123225172596,0.9848690736079299,-2.708980049529435,0.06649432532542947,0.15718730148989007,0.018138684838666964,0.21630731185399277,0.4127745579555924,208519
track_03131,Metal,166.1525546006947,0.34844673158693185,0.8624837214443439,-4.575633308684592,0.032431518195728384,0.09243168984787171,0.15318596843384175,0.10443052654977994,0.33376543514396884,321166
track_03132,Classical,63.49447790236017,0.27428990392920516,0.3856322997404209,-15.699300284668213,0.021645443947807895,0.986300408065127,0.9420952771680817,0.3104602607164236,0.31365294517586106,534776
track_03133,Metal,152.86189722709884,0.3277589482564376,0.9194406564504201,-3.260317419191336,0.06039469644916465,0.12366109927261826,0.10003946917290074,0.19875478411373115,0.5772496695868388,210980
track_03134,EDM,131.53371298477674,0.7335199546391148,0.9323856476947209,-3.842200865183279,0.04151671499740127,0.006481272812525574,0.004921005034112092,0.20272389144287137,0.5231179635529877,205550
track_03135,Classical,81.74795934997458,0.15004014355588718,0.11582526351409661,-20.06951850869663,0.0785920076316074,0.8128317123070273,0.9070056492749794,0.37853496948400345,0.30002708515125165,311708
track_03136,Rock,136.66245537208704,0.7491521458998173,0.7596546052547549,-4.964900441129969,0.09053826159210676,0.3714873077242815,0.29188860008806916,0.24548823569601877,0.6338588236461868,280709
track_03137,Country,91.02915714204602,0.6732884533045538,0.42417651437062487,-4.556062385368758,0.038441251506211464,0.6196187412731293,0.05830301518523478,0.16465294365605665,0.5422533935863132,205924
track_03138,Pop,104.68222794454725,0.8783661286420994,0.8333727925089031,-6.44498256848941,0.10851516949745016,0.27673812930283825,0.03271723745682972,0.16688877517421802,0.706389038508394,254045
track_03139,Reggae,82.04245420016406,0.7673357948149326,0.7998285550497398,-9.359882506522966,0.09546212230992412,0.6933840496533596,0.07912265716042106,0.24325688339006946,0.6743277509537207,290464
track_03140,Blues,89.49979784918435,0.6145623984249722,0.7405756042153832,-7.160850000086529,0.06116422039861208,0.5588545528849853,0.04660740131181962,0.15305001299132648,0.5942400550776215,242430
track_03141,Metal,168.83985849134473,0.4760542792874901,0.826229842968292,-3.4957812381264217,0.03983465191770313,0.11435677441946185,0.08946874888114412,0.23593511235789888,0.594749108958663,301832
track_03142,Rock,153.88699647992212,0.6850140489019889,0.9593220779600786,-9.349513565143624,0.12602952735209355,0.17182749121909097,0.16208280557725127,0.3974504315604952,0.7936208315073041,187484
track_03143,Hip-Hop,89.89799120788405,0.719478039617705,0.8000038920701262,-5.068892402988208,0.5260106870933182,0.057215262563948044,0.025821641790137642,0.20866254781950422,0.6926934111568797,205107
track_03144,Hip-Hop,92.905551089543,0.7702699846514189,0.7425227647231927,-3.4721869806823795,0.4476049687413609,0.25415919884068133,0.07130274359995731,0.11547191446090926,0.7427341617181645,263280
track_03145,Blues,87.7628524053244,0.6892312956877114,0.6009789373554383,-5.342560332210244,0.08045046291072108,0.4840245642270733,0.15092239612437705,0.2557539275183053,0.6441367674723459,236582
track_03146,Pop,113.18539701157309,0.6217840294105212,0.7395545957429037,-7.51180432559897,0.10026021676801877,0.46858739149046236,0.008105305485578047,0.19418771570204563,0.7955098372239301,201223
track_03147,Metal,170.82455269478336,0.5153309049541228,0.9792282328417894,-5.586386644227114,0.03359110011029058,0.14270498815519453,0.07970564819956322,0.1963262522501879,0.48129481068270674,354300
track_03148,EDM,129.61901494371267,0.9341807467251385,0.9589323850108606,-1.7520310793327827,0.041380153900541145,0.1402537158883435,0.08675048002776121,0.10752619683037522,0.7033738350481096,208206
track_03149,Blues,85.80355512495693,0.7357105707443781,0.56004126544924,-10.411997226679304,0.07449610888550762,0.6869364313584175,0.18277651447370824,0.2728993459253844,0.6592771499983462,275873
track_03150,Pop,110.4497765750683,0.6635689676681917,0.6412021621867591,-6.138078310418539,0.07428485781798813,0.2628527299450041,0.009179553515222106,0.2956445340052979,0.5582839091474916,255707
track_03151,Metal,159.65277872295144,0.3927550197285109,0.8764049275478838,-3.509613276134432,0.06001875007621589,0.11670226895886,0.1261427340242226,0.2689095365107581,0.5660151466843955,208552
track_03152,Rock,138.18277505487626,0.5925762141025266,0.846561278316287,-4.874950761856239,0.10932580564472417,0.19385685142302306,0.16259879674900699,0.29527999480743217,0.6055000808175212,220596
track_03153,Country,111.48078006186371,0.5482511761426465,0.5073389568682569,-5.661182667804927,0.031182911719585635,0.5923792831566659,0.15333406020204962,0.16694089725415634,0.5228503307602367,298459
track_03154,EDM,135.34657096828312,0.9486453655023813,0.8000406330388801,-0.08424875485695527,0.03403482878714382,0.014082295987579086,0.2303429414266732,0.17003692012410115,0.8671247746000208,231279
track_03155,Reggae,99.87163193776351,0.6867946735987601,0.6118441915763119,-8.636213998971197,0.061890849621767635,0.4374185799876954,0.19873286840157878,0.16724269881436962,0.5769151242598002,230403
track_03156,Hip-Hop,92.916949767135,0.7557863052762697,0.6854916749395217,-5.9349463229836115,0.49019011447334543,0.034461803419162204,0.005842391342318343,0.2861163634584415,0.8196754767250003,252424
track_03157,Jazz,97.33048692603568,0.5956850955106554,0.420540918095323,-10.755045411241944,0.06293676182366847,0.6555640913622115,0.8059231535329542,0.44112711680412797,0.5404204144915563,361493
track_03158,Rock,125.31184793370599,0.7497968679139199,0.8457341825002123,-8.30336565434147,0.11086909337461742,0.31799380819358075,0.1392527939375877,0.16897663972320723,0.6228953271453062,242526
track_03159,Hip-Hop,89.45985944821892,0.936518573559692,0.7224291336888016,-2.911184010652157,0.5101953254069237,0.2903146116371428,0.04286509425513522,0.2815251776633695,0.7275522868636353,280646
track_03160,Classical,98.45962877906992,0.2105396032636283,0.271765583787176,-12.032177279847478,0.06224372775705923,0.9652947315696813,0.9769130036403719,0.2829939660508943,0.2823190260240707,551291
track_03161,Jazz,104.4341098819655,0.5397004529548453,0.37442754180053806,-19.934871083585808,0.041593446890755795,0.67887033598601,0.7372665029825825,0.20670910239412457,0.6437077080139361,362090
track_03162,Hip-Hop,79.37622496438792,0.7992917930765497,0.6638498228328132,-4.023437691626327,0.4846262516339115,0.11433749003326188,0.012871751953450517,0.14236336288933504,0.6888836235209332,178552
track_03163,Pop,106.77307067951213,0.6662050254730114,0.7770347840419897,-3.426579173022393,0.055262013674347465,0.3997154166284874,0.02473033398297496,0.2650380933402614,0.6686021291083041,200705
track_03164,EDM,124.946630589832,0.8706990941823928,0.9615942862974612,-0.48989452923422583,0.05276205156380137,0.02440970024862912,0.11095039326766673,0.25685004902422237,0.6977651862192059,290530
track_03165,Hip-Hop,95.96484488030869,0.7445606870225884,0.6793304069866282,-7.273992699912786,0.37919961655616663,0.14771902958753963,0.08336295994572963,0.20674468300407267,0.5977854392924384,168788
track_03166,Reggae,91.51591127141653,0.6585502738087919,0.5779912898395059,-6.251147107105874,0.07313210477520223,0.3821991139899576,0.0005092501822635765,0.2946069758799602,0.6294158567367791,278331
track_03167,Country,86.76799542747105,0.64290096264442,0.44003305882689886,-7.258649911533122,0.032586128016616416,0.4122998044478893,0.13154762615481397,0.290339674694436,0.7332178756114349,218866
track_03168,Pop,136.59158089016734,0.8838909254726859,0.7992192027066278,-7.128235200126013,0.08882944344212662,0.41862404763299543,0.028989498631435368,0.1987558583991862,0.5288237589759488,257746
track_03169,Rock,151.01345039542963,0.6655283922926731,0.7739335418878333,-8.537585082104062,0.12034572012507612,0.10383666827562663,0.2742576232208649,0.10552539643456091,0.6523956187522817,229973
track_03170,Rock,138.63781414532497,0.6192133491748821,0.8633312548868575,-5.940529436118809,0.09380994259655433,0.35383225332616786,0.009523511936191775,0.1998951041323661,0.6999334455386654,260266
track_03171,Rock,144.25827528770895,0.6482065267223512,0.9256756768486213,-8.657887642805248,0.07403556503645539,0.3665492645648636,0.28071436380855996,0.37651874649675154,0.727322017680305,194828
track_03172,Rock,131.00465234653956,0.7860478682376695,0.7180572853554373,-5.553598741609203,0.14529344113897233,0.28207023647794593,0.23938529615642248,0.13543863545014953,0.4979399091449716,185186
track_03173,Country,100.2056015384915,0.7457044308738091,0.4352593328514913,-7.524979216599225,0.05323121101565321,0.5548406308194765,0.12668756377394372,0.23232589387633087,0.5003887639735334,187293
track_03174,Hip-Hop,90.91834437099155,0.7760141239223328,0.6264815431787054,-7.638103024067331,0.42572693906813136,0.060151705407435974,0.07901474971272379,0.2159568771931026,0.6442371401745626,269399
track_03175,Metal,161.013897781299,0.37833704054025696,0.9039728857573235,-1.1250976220928282,0.05640382732838954,0.07470152594564049,0.07668511096774407,0.29340670171834615,0.5156749580195117,347781
track_03176,Hip-Hop,86.64700394919235,0.806215803384882,0.8489739497590467,-2.4108202148938833,0.3061721635763381,0.018675123666716243,0.013401929574575878,0.12442409587321752,0.681791153346659,234763
track_03177,Classical,69.10627829062545,0.23769622731280984,0.2906520735443692,-22.13632930736315,0.06326741113420054,0.9183902166717783,0.9759939521137593,0.25809461107075804,0.34410855410793967,504478
track_03178,EDM,130.50731757198514,0.7462542358234479,0.8464449228844639,-4.701245042515764,0.06967919297144673,0.173973828645029,0.15631679058966821,0.24302063571141838,0.7226381451694031,287329
track_03179,Jazz,100.84513736502967,0.5526616453642565,0.3800026610851795,-14.119731162007712,0.08292018332158568,0.5584535322415197,0.9878968623883769,0.2127586052807161,0.6226149421312914,329429
track_03180,Metal,153.70951757279462,0.384626873138272,0.8236645703104515,-1.7381253090287583,0.06398058132084668,0.058176244706993854,0.0033858343340546827,0.28769806847360924,0.42127594993798856,256092
track_03181,Metal,157.5886779524066,0.4389754922992792,0.939723732676783,-1.902905864828039,0.0350088874373274,0.1797347808087605,0.18650794362470746,0.1518539453328239,0.4492163819825862,292590
track_03182,Hip-Hop,88.52202018442122,0.7663082385200044,0.8544027920409468,-2.4230505845610866,0.3770647975074633,0.27841531112555573,0.023879884650235352,0.12345347310851713,0.5232895512285045,155976
track_03183,Metal,166.74026755268835,0.3726473999118086,0.8730930689901787,-2.3292206262821398,0.04510370439936408,0.13687363033591612,0.08641556384970049,0.13928899053183447,0.5202176702907408,181096
track_03184,Blues,89.09546023980464,0.756180952924989,0.5109718002889637,-5.4009403421914,0.04675391123288984,0.561176954088822,0.11030061631549018,0.10933456956711274,0.5885519825814776,202381
track_03185,Blues,86.36671683869875,0.6982255128511872,0.5553257980382021,-8.617498346889674,0.05130898926991251,0.5815420982595537,0.016085824013268503,0.2906608152791848,0.5586127668300058,230710
track_03186,Classical,71.38865798198819,0.18266684549594275,0.21293536331032137,-12.695290009037123,0.023972538585368394,0.911216285765962,0.9965625852133064,0.23003910076934075,0.41633962044443884,344362
track_03187,Jazz,111.15064138930137,0.4252379512070195,0.34696108394945335,-10.516715476293381,0.06695516380310719,0.8954721185844176,0.7995990444479866,0.4905873701903177,0.31994901632774986,277402
track_03188,Reggae,86.69416392250415,0.7618814598044379,0.6186800350715345,-7.431025903161605,0.06068200923047234,0.5676294126201908,0.17783738227702905,0.24028085397102153,0.7014226953885768,289787
track_03189,Country,109.20215405190959,0.6822036743453184,0.6102664708684727,-8.420482949294707,0.07097125820302153,0.44463234357519954,0.024320368777670923,0.25717116725182354,0.7081237706286608,244783
track_03190,Hip-Hop,75.82091683598777,0.7770787413277891,0.6148210642813561,-7.688791462788957,0.3891359274164668,0.04425222728933232,0.08733322479235686,0.18415656281526233,0.6392105972213984,165406
track_03191,Country,106.50125976848554,0.5819677903956296,0.5836296957046341,-4.649674745560218,0.07410517507873624,0.5086597422609294,0.19816782543517586,0.13748272028810674,0.6569768044686524,238408
track_03192,Reggae,89.93256341309299,0.7851119607696666,0.7401270122126712,-10.177976735938397,0.06582266651230755,0.340235922557695,0.1806942626339442,0.11385926439156423,0.5054724824735994,195575
track_03193,Hip-Hop,83.47757359245131,0.8480841200250183,0.8601433885743361,-2.2034592497595336,0.5253460104519296,0.17970216381049672,0.014233202613101693,0.11480567527466222,0.7384107514116804,156902
track_03194,Hip-Hop,80.70806233049412,0.8305971664303692,0.7523671284078193,-5.952326623811237,0.5087590890162623,0.06366333507563687,0.08523288353947917,0.13887922321822072,0.6663549598296847,192094
track_03195,Jazz,113.36217157842893,0.5122941954325383,0.4425400447784351,-13.68139319234037,0.09130993138565488,0.562133249431642,0.9379544263867349,0.3965988751672869,0.4393281509377316,388943
track_03196,Country,123.44036830820569,0.6121001563536853,0.4547804295501596,-9.953853784136129,0.051832118223203265,0.41645408707800063,0.09645682661749103,0.2643602905516417,0.5856195984146892,207309
track_03197,Blues,80.07325174318875,0.6499995494552879,0.68047595430541,-11.159805241349813,0.07805972388806096,0.6571588438526134,0.1521571376421962,0.22983767546769107,0.7515211980491319,256479
track_03198,Rock,115.84649110210296,0.5961226475156739,0.8386960257315583,-3.9905889425499588,0.05247277060247786,0.2042412851507577,0.14273287088405417,0.18873356679681064,0.6502991114883483,225694
track_03199,Country,106.60046392551394,0.7252055817959921,0.5120364978022849,-8.940739665810309,0.08310400108770888,0.5765292555343144,0.14249846965179078,0.299348094173833,0.5583619248865114,224437
track_03200,EDM,132.02724351536378,0.8443727802349195,0.9424649787852514,-0.7199117162458215,0.05587930474734995,0.13780184425096254,0.18253255956915734,0.29709721152254076,0.6044002276319633,280198
track_03201,EDM,125.63310918875685,0.8858550647202166,0.8763903398366967,-2.687023338575627,0.054345040606735825,0.1825775086340502,0.07503158020319096,0.18959931342192016,0.6241285379682817,181698
track_03202,Hip-Hop,80.47164520759647,0.91886395047691,0.8730592142389657,-4.159849710708722,0.3605378386823641,0.027324231831204516,0.09147755040401301,0.1111092216243206,0.6183560237751979,250026
track_03203,Rock,142.81226970900065,0.6044649399673715,0.9973808839426782,-8.291859327723426,0.13473803352130154,0.3733904004017843,0.24526643434410575,0.1342252049659386,0.7416452028085327,268538
track_03204,Pop,125.75653799671821,0.885325164379531,0.6152363531040616,-6.626630362475763,0.1125176213584915,0.2920143830029135,0.0300042055952085,0.2303386742991285,0.5283710047094253,214488
track_03205,Reggae,83.18387501324521,0.6082565656011002,0.6833809353756006,-7.388183402611858,0.06989751714456291,0.6062925143785541,0.11274324485154419,0.26963920336744285,0.5864355784740056,202781
track_03206,Classical,70.1011404848733,0.2663376707749744,0.19789781949785012,-21.7626270799899,0.06762246996127959,0.927115307474915,0.9441725890432269,0.2749671526713674,0.5056803875407057,347733
track_03207,Rock,147.17619270197457,0.5838738936296113,0.7971453959291775,-3.008225624993119,0.14738097167227768,0.3655575265472051,0.12138860628603468,0.35128382050802276,0.5133572812896922,285003
track_03208,Classical,70.16240014444547,0.12118847749596484,0.3917618763303673,-29.900030926246465,0.05949428926347458,0.9713023969676172,0.9933957648126764,0.24319567803702638,0.479283398580936,512201
track_03209,Country,101.73206220829502,0.6919761083013811,0.509331100389454,-9.744986379918995,0.04816957164295514,0.4220096978141621,0.015648250096253702,0.14289186896562356,0.6900734402824921,274045
track_03210,Country,109.18169936377662,0.6921560574720744,0.5703664912382287,-5.615347832901109,0.07565887683175702,0.5366675467284078,0.07654208557525342,0.2882663976810347,0.7915813977711404,292917
track_03211,Classical,58.8304980441735,0.11188568574244462,0.14737507780803033,-23.7709725235946,0.043272079323961835,0.9239952827340501,0.935033235038797,0.4863801541502643,0.3371176839937497,587934
track_03212,Reggae,82.46590662591606,0.7820465620307024,0.6813676273075436,-9.466266446395963,0.08726666446115852,0.5504328802498661,0.12401610358258808,0.19740855887260134,0.5023780336004626,219255
track_03213,Rock,130.4788435883104,0.6162815196408796,0.9501231240857393,-3.907953996404916,0.10713964475083237,0.17704294016593003,0.0721048435570731,0.1833786712987904,0.6000156904082458,197393
track_03214,Pop,112.07853937058397,0.7465121048149119,0.7934339711452127,-7.244214345431166,0.05925918964442806,0.4563030003580817,0.044890974592053046,0.19318243255072176,0.8480631190459592,218678
track_03215,Hip-Hop,84.71271299498315,0.9331335078650167,0.8337051061087362,-4.279207215195996,0.4615656131791157,0.11177457695661282,0.021153970313073134,0.11250498356270972,0.5760586666899571,229967
track_03216,Jazz,116.52089339277819,0.6551477734446327,0.37626106337697185,-12.936667989083166,0.08509203467228271,0.5436924997523122,0.8538680374978536,0.24331391100971753,0.5156595586909397,242118
track_03217,Country,87.41673558621304,0.7344822386927979,0.6940703180226344,-4.4589165539149915,0.09101593249533516,0.4232722313752764,0.1709746231549553,0.29064537980133764,0.665694343352871,200649
track_03218,EDM,128.57337113985338,0.7177059986831539,0.8663997937560948,-0.8952030693173487,0.06872150090020104,0.00795583947954368,0.17078514529052077,0.12106068660536962,0.7721586116624024,260279
track_03219,Reggae,90.73391231800537,0.6465091989553501,0.7686134456958957,-5.349679442448297,0.043322359316906534,0.5489395027202453,0.08300913804903912,0.20519086205832482,0.6121489177324937,282070
track_03220,Jazz,153.40096697325214,0.6774100474791986,0.5262101727372481,-8.532095964770843,0.05617416590616059,0.7171598861008194,0.8462271095426359,0.28967361236132494,0.3379271100648232,310658
track_03221,Pop,112.46579280931364,0.8514263083985338,0.7533521753837541,-4.58852787853344,0.08526600894086153,0.468952680554626,0.027057931910193123,0.1208588176267441,0.8732412242516188,208878
track_03222,Metal,153.48292559771357,0.5772713497262529,0.8326270229151611,-3.860627581421827,0.05166052008573044,0.07089445008767084,0.0017811733103279882,0.263194421555619,0.3334677964661708,219837
track_03223,Hip-Hop,91.41955158843717,0.7308740260366219,0.7942711835975396,-2.246744710848219,0.5902185108427611,0.04849878113115819,0.07597040865624234,0.26932648694957007,0.8555852952235659,201469
track_03224,Country,105.61509933919862,0.6486544632727624,0.5734647044119113,-7.448712584399948,0.08808422489968651,0.6828670184007077,0.09306717238272216,0.19122941019967993,0.6506191189012235,223037
track_03225,Hip-Hop,73.11431446294328,0.8503859461543994,0.7556315569935459,-4.408240843069415,0.3002891055612192,0.038251085195924336,0.051712018475142674,0.14593322073732823,0.5305268618699915,243531
track_03226,Jazz,114.00866373741178,0.6339578674543461,0.46250822791049184,-17.148846737650867,0.04095870232156595,0.6787977968198378,0.8072408775407254,0.420537562593173,0.6677744725704512,260543
track_03227,Hip-Hop,88.72575594717931,0.9253405609605172,0.788064540969145,-5.999268030366553,0.4281704197646612,0.29092082468622876,0.08811868264358523,0.19270518181988838,0.877225202844369,226723
track_03228,Metal,165.97957185340465,0.48707340337579663,0.9911623935147781,-2.497484152851476,0.03617411169848074,0.07944401963355628,0.18307376945796158,0.22688452353121802,0.34414565885044524,324480
track_03229,Jazz,117.63356020198358,0.5245139682305763,0.5177089811264459,-16.731408011352027,0.06330218678536656,0.8722728592309011,0.9114348381039024,0.2605232830257561,0.44026557570516395,329157
track_03230,Country,77.91885112048158,0.6931969514678652,0.41815346840234413,-5.7677016699970105,0.05652580082214885,0.41247882081613624,0.17069391745835716,0.19754437263623303,0.6797956908848387,203831
track_03231,Rock,149.73838794419672,0.7640313924080979,0.9805861873398918,-3.5882564386701388,0.03328601089411214,0.39342847248389445,0.11385060648391557,0.36583230545193857,0.5763040801008563,224398
track_03232,EDM,131.1470025545692,0.7432333424895826,0.9560244546121976,-0.38484880062643256,0.0685460606031539,0.0018651011949781362,0.28744624948632497,0.24803888382592354,0.5336200929055209,258619
track_03233,Jazz,111.7943033712282,0.47065801359148635,0.5763824502998589,-6.646711438259439,0.058978260443254805,0.9984467289275647,0.7895059322444679,0.41654894572350487,0.5576035288215637,411725
track_03234,Blues,88.60379262279149,0.7469682981704129,0.7916949285972855,-5.74796145889112,0.0529057630188246,0.6038907437650733,0.009713046312023322,0.2635665557482948,0.6804670287333825,247654
track_03235,Metal,151.31671817359057,0.5318109844911698,0.9417966944194512,-3.101933026150986,0.07441179358142767,0.18231401779735612,0.13664885465071594,0.12241998944122566,0.32865755187408596,202720
track_03236,Jazz,119.41166299502196,0.4878101795633964,0.33989495532744596,-10.832137682113993,0.08101178823781219,0.8489841316224793,0.7525831776312145,0.29175314213439796,0.37962116142587937,308187
track_03237,Jazz,131.30340231600022,0.69962485349787,0.49445142575439716,-16.243079465954622,0.054328904620790756,0.5288533481076299,0.7231879115542255,0.4744949285548287,0.3385948428198202,368324
track_03238,Blues,87.55096263309372,0.7772971938522485,0.5413204800718012,-5.435354112096902,0.08892737825413585,0.5716185696467166,0.08234922924015385,0.28105137542462244,0.6583865089426553,275477
track_03239,Country,99.52765183436917,0.5467075338081981,0.6901355525537904,-6.503625044498138,0.09076668281812258,0.4587069960308836,0.16200313986475756,0.18295649226104665,0.5533084066548207,243275
track_03240,Jazz,116.24573413841871,0.5546346375987181,0.3698127731588957,-16.97045175944225,0.09934544674095537,0.9847959105765252,0.8262481327020978,0.3545784595459389,0.6308776551128594,263936
track_03241,EDM,131.3993162731503,0.847327036131455,0.9045798167476508,-4.642874235335678,0.03597383619778311,0.16990521535283024,0.29720279334774247,0.1830358271796539,0.8240344334899716,275736
track_03242,Hip-Hop,85.20420038786453,0.8705097480845809,0.8188642864781706,-3.8389563614948514,0.46791540252148167,0.28615317316736866,0.051237417212767956,0.1221826456453594,0.5321701932692651,171633
track_03243,Country,101.80019139414642,0.6766307407901043,0.6641372804354455,-7.444860689140446,0.03431683928303024,0.538438338706506,0.02752183441239229,0.22948936270436354,0.5141394572393918,194951
track_03244,EDM,126.44870143039766,0.9310115733795666,0.9231852531483269,-4.337238000312551,0.03824235826615314,0.09015052550361001,0.015568223384669067,0.1543983562456057,0.7813785550684827,295278
track_03245,Country,101.43996897966574,0.5186755402240069,0.4265316782610394,-4.6202812737240695,0.09130787932200607,0.5303191747543653,0.06563092389528506,0.22882478402882042,0.7420963844766575,291689
track_03246,EDM,133.75255785277852,0.8335017692588323,0.9390581104628907,-3.0385385355910337,0.035429660893698776,0.05437635898980475,0.013101788869802311,0.11751592038169063,0.5819676449312874,207891
track_03247,Metal,171.57006697815612,0.48444448579669086,0.9552406934534664,-1.9714152464154626,0.044004812263072825,0.10825934578443426,0.024704787724376055,0.2684030337395097,0.5536343814999587,206656
track_03248,EDM,117.85325934967199,0.7317783693980802,0.8622150571198639,-3.8924013981604415,0.057475881603785785,0.182205552876882,0.2200469874101722,0.2687239968985131,0.8223270650999561,252583
track_03249,Classical,77.97786478389622,0.10738507376922618,0.13382709637642226,-21.755888749631133,0.05563958112131441,0.8064751273278732,0.9567434471424264,0.2922194949449094,0.5548587231247317,586183
track_03250,EDM,126.79302311566674,0.8469734770543584,0.9891243622229766,-1.1791448667270323,0.04753093064587063,0.09537592299120388,0.19437716056781965,0.1400398433301026,0.5354603361976491,258429
track_03251,Rock,141.1401949652875,0.6893696094991845,0.935255196435055,-6.176173919790907,0.10475397939736966,0.18382578795026616,0.025636145447100942,0.32119184859288363,0.6447453333490204,213742
track_03252,Rock,136.58468515162252,0.6541139095780831,0.9846423928006381,-3.1450591243851704,0.1093851271099862,0.38344395777273743,0.16245221590213296,0.19218488367003153,0.5260371423866166,227900
track_03253,Reggae,89.7744216185667,0.6629291711505823,0.6764447445274058,-7.7989427602740715,0.08089006007074499,0.5305769293623246,0.07618360940264655,0.10473333986931976,0.7715265404370627,254860
track_03254,Classical,62.856255522901996,0.2620578460501888,0.3795552340677476,-22.2786463327925,0.05329113452515645,0.8197256047440492,0.9965315425718974,0.49553812078474996,0.5156336991724806,383408
track_03255,Classical,60.993141992058526,0.2183916841347674,0.16967427848530875,-23.786358974360667,0.06807009130353646,0.9771604037643226,0.9699823893065501,0.4797744446790325,0.5620108255444256,397313
track_03256,Hip-Hop,86.09498063456834,0.7555131545436505,0.8987026301287069,-3.3672418696757855,0.3748984422448023,0.02023351445317818,0.06969165453013787,0.16060329136221527,0.588532325051087,206261
track_03257,Classical,68.90611359825384,0.18734316221275316,0.27464807185449835,-22.92262436547584,0.05462974988991898,0.9971788559804051,0.9071549185399116,0.46238853701482713,0.32345177522831653,378117
track_03258,Hip-Hop,80.86291602476915,0.9407140615230751,0.8281159063652973,-4.873710423302256,0.5342339396376735,0.16604608536411597,0.0003508504671443369,0.2003094147887231,0.739569378404421,155530
track_03259,Reggae,86.16276437031522,0.7221102261895355,0.697412311612213,-7.4571349096127,0.04111268777668841,0.3609096030990715,0.17124053807144057,0.28796845451900843,0.6691003666335357,253087
track_03260,Reggae,95.31446884266416,0.7756309431121209,0.6104754896598428,-5.986998019396406,0.0702519219077535,0.38320283898200286,0.12256363762221677,0.15706470525399224,0.5441465396528585,231705
track_03261,Metal,146.20619492772238,0.4792162474349123,0.9386077893700017,-5.410342750320276,0.05602353902942424,0.06588402722828694,0.1114715451341303,0.10425885749937741,0.5228041068633504,216526
track_03262,Rock,148.20961760429657,0.7955677003176218,0.9481263632375335,-4.668365185944111,0.11296354724541492,0.33108216667416357,0.29837860681216377,0.33105738913376226,0.5406403138673308,271354
track_03263,EDM,128.66219652179552,0.925034933206425,0.9135240454925657,-1.0936312275327547,0.06638747771887056,0.04872005273131186,0.17384455707864138,0.19634326385050965,0.8086365419371766,281703
track_03264,EDM,127.77026813386728,0.8844845054838426,0.887978414301564,-0.9657138917194734,0.06881971571061654,0.034115146277928825,0.11566782750007479,0.2724913292124468,0.570669152354904,263401
track_03265,Blues,92.27444921684885,0.6476638304398865,0.6142406316192804,-8.562064392224327,0.057827732719520936,0.5719603721706505,0.02224989085767919,0.27596015294424425,0.6444021369460157,223613
track_03266,Blues,84.8816260728828,0.7244259355160907,0.5179046143046869,-6.7010647112659365,0.09675651125220572,0.5079631854237767,0.07817374180539982,0.25695917002230373,0.7161058875160109,202943
track_03267,Pop,122.56835911991851,0.6354859946259314,0.6098151993467771,-4.57498793849863,0.0769502077673573,0.40579032353204236,0.0034272305763377755,0.17675142870707727,0.5941300848184449,235941
track_03268,Country,97.59921538821091,0.6165123586117665,0.42732127485710086,-7.710320167889705,0.05966413120983047,0.6708233611045906,0.17309149567667903,0.13780040826199333,0.666818667999707,249191
track_03269,Metal,164.41184678474585,0.5443777120689652,0.9755742855352767,-1.3759155269108705,0.05545799067592237,0.1310185390248621,0.0019105553233938145,0.2145567135384868,0.44195951432218183,290681
track_03270,Pop,108.70749343057872,0.8878807333895027,0.6937329042658282,-6.737893251441636,0.11688660858677341,0.4206957331181831,0.03275125176819441,0.22239768540235427,0.6440504487976646,233349
track_03271,Pop,103.6839127099945,0.8701547803435992,0.7711263497124794,-6.132477590940281,0.10664415068823344,0.2292779485884148,0.04953780749745515,0.25632396163638527,0.823356011264603,251844
track_03272,Jazz,102.25639268425823,0.5073046329879026,0.4386742369596788,-6.525090150434254,0.04282261987172014,0.8919343470569256,0.8362653274703017,0.31295550531490135,0.4787685167347356,355184
track_03273,Jazz,135.75364724637743,0.5815934590936023,0.5191936647608439,-7.868500538153686,0.09372357324816259,0.6522825077025427,0.8422915480866391,0.406493043088741,0.6178982655234457,343253
track_03274,Pop,106.96884994590013,0.7541244533869957,0.7729408863962468,-6.089855045331058,0.11255930073159212,0.18488757420797133,0.044200210499390845,0.22872333995461339,0.7402633817325331,243046
track_03275,Classical,71.72415388626037,0.19114403741017988,0.1974299843017056,-13.329143316980783,0.05029681957979158,0.8183059984168198,0.9295764354073696,0.4920017798589775,0.5907909283032058,441586
track_03276,Country,86.39014871895233,0.5772945958510713,0.47391061744620233,-5.309138008290608,0.05996420561305909,0.5657266040057478,0.07492350225477722,0.13136258589465816,0.5307589126463118,256657
track_03277,Metal,154.65415732344547,0.3881929769186412,0.9706218436784851,-3.71754152731409,0.059165600703399504,0.08861125738798588,0.016249916333910576,0.21898093738003718,0.4256522925114363,290170
track_03278,Pop,132.63041691978083,0.7666164851095044,0.6773635562693159,-7.642262339274571,0.10272464882340182,0.3613719077048523,0.039671503248319806,0.28784679166928967,0.7343060975408329,194422
track_03279,EDM,136.233593611558,0.812603959683461,0.9240755372363535,-2.9795123741650094,0.03594016516087682,0.01780887196489114,0.2233329468531433,0.14772478990438095,0.8389801251066894,247726
track_03280,Country,81.92084574715685,0.6269673650142796,0.41343909025462966,-4.116180585682721,0.09692738690684555,0.6321285377662487,0.011070647925635058,0.1860415671014919,0.6229308658306518,231978
track_03281,Jazz,122.83951591271396,0.543400743807493,0.39494869261534793,-12.246696696194649,0.061349293861066835,0.6715970337336454,0.7796186576070977,0.36213138029431646,0.47764615778093067,393424
track_03282,EDM,121.38327833937888,0.8189116109404084,0.815682308600738,-4.854251107467912,0.06571677340018714,0.17168006632491478,0.09361939747733322,0.19139060874201336,0.6974441216528857,223816
track_03283,Jazz,117.53214548191332,0.41859041828173926,0.3052531444244724,-16.801532505836914,0.06549805067325123,0.5224525143136336,0.7983201414519667,0.4661077123685457,0.3360076087408677,369622
track_03284,Jazz,146.70739208123038,0.6735285949483627,0.4051680292899485,-5.699739173390883,0.045860744303487355,0.8640263719527725,0.73597335174912,0.4396625908715467,0.33906226553830865,417997
track_03285,Country,94.74816643395539,0.561055419748065,0.602766627226184,-9.418449387179697,0.05521959946533468,0.4886278920532663,0.16946017282588427,0.202900255525092,0.6939420692365823,205826
track_03286,Jazz,130.48777877302615,0.612407350381281,0.428857888257024,-12.269339333455395,0.09264817369936088,0.978791749137077,0.8667658817191465,0.29214507367592174,0.3957300406404601,295353
track_03287,Reggae,85.74123747713688,0.7092996837051315,0.5451489823210103,-10.477616948035884,0.05718450562400037,0.4539384472697658,0.18310439899859696,0.1735138049930314,0.6571505721158664,215837
track_03288,Rock,158.02959455472518,0.5786192157923576,0.9742288408285696,-5.774494803850709,0.09489403809355478,0.2198713002144937,0.22259983344266845,0.2693402981500605,0.7186169104718619,239604
track_03289,Reggae,88.33779017362066,0.6173488382695895,0.798244576858733,-10.840579354213993,0.05509060235553936,0.36524135576993577,0.06749590359574902,0.15785602674526775,0.6803306745647705,180234
track_03290,Rock,152.00439875550725,0.553461081651991,0.7380096862728367,-9.6956659563188,0.06554236473426373,0.38228800737539714,0.28481798143680814,0.3539939489430901,0.40485620898489294,252082
track_03291,Blues,87.97301510596033,0.7789482552566157,0.6658607611288015,-5.470051394619059,0.09558702487882234,0.4846404079574883,0.11647652254667412,0.14606285474258737,0.797160745640349,295371
track_03292,Blues,81.58075098516466,0.7650037345041439,0.575997976913234,-10.681691689854146,0.05114028920405936,0.31809261012046275,0.12836696393017819,0.13289920560776405,0.5700013933181763,284353
track_03293,Jazz,120.41095402813443,0.5157769109666687,0.322647084306588,-11.959571256562084,0.08726484709532589,0.7871175804469976,0.9923620756755313,0.22974506244334142,0.6284609347032437,310463
track_03294,Metal,143.30021322760675,0.36596221518873084,0.9331754289852081,-1.8319456381604518,0.07786931139400416,0.12446686719632821,0.02616680420155091,0.11076958118198221,0.3835539416773409,193119
track_03295,Metal,183.9374002135329,0.4831807585399739,0.8664430500413766,-5.092045569170718,0.07771208465813581,0.15107701460456163,0.10221002445578847,0.17534103392842598,0.4448316827230626,329589
track_03296,Rock,151.14741786516117,0.5561146540511255,0.7639096474290773,-6.556655406076972,0.04785412004852522,0.25121182244745754,0.11981691144152229,0.19738686731496174,0.7290420683239102,279733
track_03297,EDM,131.25818887502763,0.9039586974089545,0.9000320204166262,-1.5255859646402516,0.03310401227959788,0.169905745897637,0.2498186269256724,0.23868040941334132,0.8665307894041181,295274
track_03298,Country,93.0869688700947,0.6537634660135274,0.648592011695829,-6.052313767734668,0.055581333168133615,0.5253641354080884,0.010087540407854957,0.2848535720874272,0.526435703998848,202574
track_03299,Jazz,111.38338489363495,0.6815951780822411,0.39865392166110214,-12.844510895271732,0.088793754170397,0.7000264322205157,0.8291935986156566,0.3043831910592974,0.4406893772243893,329482
track_03300,Country,101.06985697766181,0.7364821380928644,0.6808054361766295,-6.7290300321466034,0.06191718585965341,0.6424483457705809,0.13618583138732296,0.2763126804242282,0.7191835523866029,234888
track_03301,Reggae,92.21425834653553,0.7135601600878658,0.6160064504732468,-9.508299855974169,0.04904613841343626,0.43633385098640454,0.005868828195667009,0.2004803828151542,0.7690171225441208,232355
track_03302,Metal,153.98838942827314,0.4429356605452027,0.8577179221529667,-2.15869553937298,0.07253025434571932,0.1565316494590222,0.029809411351194304,0.16721143313246728,0.36419130599793437,237886
track_03303,Classical,60.922567207665466,0.2571226258227573,0.24120237299992334,-21.0604716636216,0.02011123738889126,0.9635727720617122,0.9492837059038254,0.33196835594040436,0.5045539541137563,438898
track_03304,Reggae,89.8506677952757,0.6709601139525778,0.7157306020909562,-6.992804577767529,0.04231787391676257,0.3463455685951605,0.1809252013269075,0.25835966615672523,0.6168454676707025,279508
track_03305,Reggae,92.7079705308658,0.6842342510007218,0.6331591083461152,-8.15777655552984,0.0757413518357507,0.5362222401641358,0.006899944482208787,0.2637684865795905,0.5584558457224514,241193
track_03306,Rock,135.0510455542708,0.5569506447913413,0.7435916761318072,-8.765902809160904,0.11390694894370092,0.2768563858868146,0.1366630712989538,0.17900641851462373,0.7628924831964528,237512
track_03307,Hip-Hop,84.08921082442589,0.7688313259701871,0.8768693030146213,-6.874375860467001,0.36118886238531456,0.17999321893703726,0.05669534905274363,0.1351917107261531,0.5617059475717205,294340
track_03308,Reggae,89.55718456513908,0.650317878814169,0.7827094539726568,-8.59578052405924,0.09086252309344717,0.38568686086119297,0.03488075992918967,0.2777579176627819,0.6487114057347404,225191
track_03309,Jazz,81.21644827017045,0.5934992933618545,0.4403083365158077,-7.699805011967271,0.09583128204803289,0.7944293657219959,0.7901783503305821,0.4331666552208965,0.3681958982986271,326442
track_03310,Pop,105.20788138490566,0.6453881387086171,0.6981328536695537,-6.897171697206871,0.0845907256518667,0.41275708339613104,0.033006519447527666,0.18718698095634578,0.5475775698320198,195479
track_03311,Pop,136.1548592707952,0.7521769828621347,0.7585299554662958,-3.5663868790808033,0.06160683064044638,0.14810560617971574,0.024925940645975454,0.2963536235193456,0.523617400480721,246836
track_03312,Jazz,111.12878950517405,0.40517695166403045,0.35887465169861804,-19.96205904807853,0.05083215475429233,0.7373785616981281,0.8179972933280247,0.3107889694779918,0.632381145573545,276573
track_03313,Hip-Hop,94.15369094741826,0.7939497971389995,0.7609678703308504,-2.266600548981396,0.36078519264252723,0.13767383959235108,0.001537733434701516,0.2684474163148942,0.5368069444420356,265455
track_03314,Hip-Hop,79.61896639623731,0.8300131853843034,0.6084550641938197,-5.604540771640255,0.5354363978828733,0.16662712602663213,0.028204112626253053,0.2857283526765099,0.595111615217544,195699
track_03315,Rock,147.81135104280753,0.6522876186276549,0.9046537177677486,-3.166150792428036,0.12399555562708373,0.151780035595328,0.23650617871199298,0.32450114476780567,0.4930467977908903,188307
track_03316,Metal,157.12204276060663,0.3320760139304285,0.9886122423982517,-3.716608673029137,0.057848259621662186,0.037038954914503534,0.06666179757567746,0.24072760708020288,0.3371908186536473,284265
track_03317,Country,109.99464084700726,0.7474335380772504,0.41820044211345514,-9.55337862308141,0.06924777684968589,0.5075993843048773,0.019339502749411187,0.1612897792185581,0.7023063462222933,288058
track_03318,Hip-Hop,92.59832719602605,0.9379079359399993,0.6231103516283234,-6.005524814099394,0.4416755085053701,0.06968735291073692,0.07408912408179334,0.237724568650182,0.5471108472131477,168892
track_03319,Classical,81.61837432120478,0.2822633055572117,0.21946949896516058,-13.764389534683485,0.036830484483530324,0.8012609892638362,0.9855239057522969,0.2358236727219844,0.2070444493451794,462768
track_03320,Rock,141.20862167602732,0.6646864676014632,0.7768376083907935,-3.862214962398421,0.14858074790739362,0.3225638445241532,0.10011134206792399,0.17080608795174979,0.4626476131878239,243239
track_03321,Blues,90.94224421804667,0.6589911423445363,0.5020927805855181,-6.6266806927165565,0.05070613891247192,0.32098193524954516,0.18480178451953977,0.25836216609939733,0.5307994404614769,283800
track_03322,EDM,127.85910369838722,0.8282897458299988,0.9642677797456111,-1.7228929868454461,0.04849654248458507,0.19081136101817978,0.06435152893209217,0.15779839850490335,0.864572580300448,243529
track_03323,Blues,90.83003442410597,0.6675121560844313,0.5264806311333646,-6.644741244974607,0.05282946267216965,0.5130773438474823,0.019160303320114137,0.22385677216335814,0.7832022211709667,257075
track_03324,Rock,139.9303865416394,0.6622996498969229,0.8531679838250683,-9.908776058632071,0.051672909948183576,0.24928608871575525,0.22577011359643653,0.34678077340623303,0.5133065363667259,284731
track_03325,Reggae,86.71540689359625,0.7870063315265713,0.6769574957429196,-6.72537394687857,0.054423126134276786,0.6046163690517694,0.16569508800464333,0.18616587944289525,0.6715869418243896,221849
track_03326,Country,97.84904849899199,0.635961368394512,0.6220808344591783,-7.016618356202222,0.05872817847800406,0.4127554014868933,0.004586433750936348,0.2914644390114078,0.6929732172500654,233329
track_03327,EDM,119.44258077703901,0.7736344449399749,0.8086983237011854,-1.0455824183572577,0.053262831227935424,0.09616035537768566,0.2556891134003657,0.1889690055254165,0.8791720599337352,276267
track_03328,Blues,89.29788749515384,0.7800638243326788,0.7840453754720469,-11.736157421137584,0.05764997941048304,0.44924300272645057,0.06977809441327802,0.25180064745403785,0.6074313377671601,202867
track_03329,EDM,142.30858181321935,0.7034295441746725,0.8200132139887003,-1.1130107723398948,0.04739797394699126,0.19961166257559285,0.20870330271399137,0.28992022887818314,0.6117408511081077,206234
track_03330,Classical,80.7835799585176,0.1560750013241014,0.12304689496331336,-17.529406009112943,0.02451842907567712,0.8140105879338049,0.9621570505871222,0.3774185732595592,0.21659091477998405,422882
track_03331,Classical,61.303104280283236,0.28219485243833764,0.2954930527868868,-12.758207256677704,0.04314888348851025,0.9967099725046105,0.9679498410905324,0.30708796265191796,0.28501565313597255,526395
track_03332,Classical,77.26139885143616,0.16361965517508323,0.11330927276597808,-24.426825745175403,0.03076708219774798,0.8639462431951979,0.9613266179624247,0.35012956623162494,0.4843401529369225,533387
track_03333,Rock,139.923058317255,0.739437865305932,0.763788805144294,-5.251167673814014,0.10477155464783118,0.12947813102813238,0.19975905062515317,0.23425224762244454,0.6828647745124523,285874
track_03334,Country,100.05689777267389,0.6109538544705125,0.5776524968027237,-9.260979975538351,0.040975662369439676,0.637071324168172,0.05468375582790941,0.2369393857856912,0.5292280909931606,215554
track_03335,Rock,154.5834670296037,0.6919883940492498,0.9143877650261938,-9.352639457141501,0.033331779250443595,0.39086246189503226,0.1281097225525266,0.21849231060382354,0.4140049642900635,241506
track_03336,Pop,115.61021623798342,0.6719048044245107,0.8001160303034728,-7.669484518125205,0.08946769023920512,0.22273624119130622,0.01326239062341602,0.2011475331062072,0.8591446025119068,205309
track_03337,Reggae,87.64479593186906,0.7528534776455278,0.5572574263646788,-10.268429238248071,0.09507338533629836,0.4886270657925769,0.02504850524096043,0.28101630990391735,0.6357191057663447,298747
track_03338,Reggae,91.37460393676095,0.7436349964005098,0.5867825789511112,-9.27561425763075,0.09519568976357276,0.5265789397647495,0.019415612780787652,0.25992238256476996,0.5768391797328366,188539
track_03339,Classical,80.32867773870036,0.1610679210957453,0.17750128554834785,-13.252306715050668,0.03835969132585586,0.8953783959110044,0.9031238096968027,0.28612152456616247,0.25222398802392987,347873
track_03340,Pop,113.69766409848235,0.7999749238001199,0.639086992437639,-6.625970662890123,0.08573103961202479,0.45245737369073624,0.0021444017942470086,0.20138399191314416,0.520404885003372,201674
track_03341,Hip-Hop,87.05732954074637,0.8856041236566975,0.6004096094516858,-7.4771712808281965,0.5405910193876247,0.2553356372327659,0.0343440178241785,0.29166697179145623,0.6206277730485821,255010
track_03342,Hip-Hop,93.3454740210832,0.8935430363224988,0.6759304573278322,-3.777997658702481,0.44252696365067723,0.1835339226658152,0.005397163649499626,0.27799313688331323,0.5975427077678853,273124
track_03343,Classical,71.89902025046831,0.16746680441572484,0.39337101234432303,-24.431205734586086,0.07691974022739623,0.8312448267369464,0.9389222131522343,0.24154867524419069,0.2008961892294784,319876
track_03344,Blues,97.06746328606454,0.7969222159493125,0.7607933662526583,-11.074894351276956,0.0915491537766329,0.4380171126831966,0.09799636404234802,0.12856485903047338,0.5355716723915396,242058
track_03345,Rock,161.70937372918115,0.6791112192783442,0.8914506701870902,-8.38930802320974,0.07479473270474299,0.11518877585934742,0.1762909544064626,0.2377775386227327,0.7042864596076289,277073
track_03346,Classical,70.68677825793762,0.20011143898488892,0.33444779779183587,-22.573230473104235,0.05912276857258242,0.8608448606214572,0.9719762309969946,0.40061716207502585,0.4723019205690439,444398
track_03347,Metal,150.58345269077614,0.43426471036468306,0.9987767389154241,-3.9366598959142234,0.039953420528613434,0.1888685755566482,0.07718359551920456,0.23817977744552618,0.536445893584376,249797
track_03348,EDM,124.42452014058081,0.8310552988597757,0.9221162793580395,-0.0050770242641338115,0.03563662839050027,0.12271203945172854,0.1430147383438073,0.15142291687524684,0.8768840679422258,227948
track_03349,Reggae,93.28728313344581,0.6104887749627889,0.733691245705052,-11.028036290848586,0.04797031940704593,0.379063655742442,0.11538548699449967,0.1571136751607912,0.6104270986959657,216426
track_03350,Hip-Hop,74.98157944151592,0.9421760481730144,0.8259474184785571,-6.9414038697939295,0.4400306333596993,0.20347250277973522,0.01756539341303467,0.2865413130288845,0.5308101178071711,241471
track_03351,Jazz,99.9685410360454,0.5538133184428455,0.5488813764683009,-6.063350062941138,0.0837819300586546,0.8799239164686481,0.7961134132491514,0.3401105585823617,0.6540840773884663,282836
track_03352,Hip-Hop,94.53983463318404,0.8710677296153368,0.6195740507664361,-7.762956683276271,0.3391232829341985,0.17441732975935,0.053638684734115,0.2885381653094108,0.7779038560173586,267260
track_03353,Reggae,92.76539077333975,0.6486271358424784,0.7793531767728988,-10.183377012938223,0.09222060372268692,0.5550562919886659,0.12422542181166736,0.26768199855320196,0.6482930615703719,226854
track_03354,EDM,133.9686131485548,0.8580501022752904,0.9937881856927988,-0.7095024861421422,0.04986330103101151,0.10000507051253911,0.2022387687338083,0.12281811655465512,0.8999562258525571,219821
track_03355,Reggae,94.75256461222654,0.680685404809777,0.5172131034061654,-7.3614627717925565,0.08586710837378014,0.3291206055557523,0.15418194837604354,0.22783233890878463,0.5349233737351825,279379
track_03356,Jazz,124.47867899490544,0.697389723603596,0.3574148036277713,-6.941015108974472,0.04877503369783864,0.9205872172839485,0.7831833182402991,0.48788757981474273,0.5781987003602549,247369
track_03357,Classical,47.25131155997233,0.1257422413750618,0.3800446774843146,-18.275881293209828,0.07927925153634592,0.8347731750574782,0.9545835578517828,0.2329658593049611,0.4097103307308833,391546
track_03358,Pop,111.15117668015661,0.8987399587988575,0.6941681550250366,-6.536031220763851,0.06674511898562381,0.3634058608233479,0.00546105441937656,0.2907119763465944,0.6177250714572549,244704
track_03359,Jazz,104.24645347393701,0.45933056034804814,0.5850529013716129,-11.69138025037082,0.06068665741410019,0.5222342527595569,0.7497352751466458,0.3794495045187518,0.5052438387417558,419353
track_03360,Reggae,95.27248016071913,0.7108875152987801,0.5906878033217224,-7.584418760936638,0.09936727082350691,0.3164705591015223,0.03374735113947374,0.13582150905780482,0.6341210953796046,207301
track_03361,Reggae,82.51167137816248,0.7023996994071664,0.7132174880018954,-7.712578681660769,0.060525007764024065,0.6293199630902975,0.02101175133999964,0.12851093859963253,0.6212478700319763,194301
track_03362,Metal,155.9497677200561,0.32005582606982963,0.9048708518840722,-2.2993614488613643,0.04210054943732387,0.020708032384547506,0.035124553283711224,0.2709367143870017,0.5117340874956071,347385
track_03363,Metal,157.66925824227044,0.5474781721779519,0.9672718247645438,-1.6881873359958277,0.031835201474444075,0.1986977411773208,0.10052824779093339,0.2745454060663471,0.571534390412169,321314
track_03364,Country,92.89546853010224,0.7048250810263488,0.4916301375570963,-6.4192100911992735,0.05678898054714253,0.4030952047910564,0.005220825313425404,0.11085127309631529,0.6782216462976737,276285
track_03365,Metal,162.7327296522746,0.33763806250986156,0.9719258392959561,-2.539563093551987,0.04032609386884781,0.14314815136004938,0.01658002670677532,0.25444333629078963,0.4471040335022526,203364
track_03366,Rock,124.8808949003909,0.6664034282054266,0.9849708747883132,-9.62313370623135,0.12125382248337829,0.16975192672202002,0.11210330105171462,0.1267873368895192,0.5782507076614175,266029
track_03367,Pop,112.86004950918446,0.8990780163718137,0.6221183379414537,-4.440029976697343,0.10955849529146733,0.49857905796401625,0.030985623586244695,0.17601888910711577,0.5665975134375367,229729
track_03368,EDM,121.41656594605466,0.7919931138385148,0.9705346328087432,-1.354325341292669,0.05817443879272176,0.05592220221682316,0.25000458346634274,0.21588411445258865,0.6787462296954292,199938
track_03369,Jazz,129.93693571634097,0.624834079591718,0.5976066081063549,-10.340246739922486,0.05818451276173375,0.7739417722690527,0.9831899221823797,0.39552906941043664,0.6525995591614364,324122
track_03370,Reggae,87.71822967956156,0.7870614419795972,0.5117868805379928,-8.366289694599221,0.06079177115611703,0.5584816754231712,0.03244455750067195,0.23066006629262698,0.7975524594663919,244476
track_03371,Country,127.5772592422559,0.5210329469927563,0.5095656262472104,-9.062686835316992,0.066815204605266,0.5652196437015848,0.14193338991686208,0.2756556315846367,0.6404539448809583,278632
track_03372,Country,106.80941043233797,0.6693645517035791,0.5571650248328368,-9.372345023787165,0.06958032879164759,0.6126423925453853,0.11965077854047615,0.12088284282596184,0.7563618752131136,259392
track_03373,EDM,138.64561951255249,0.7586465061046418,0.8561609880653005,-1.5777089628607683,0.05153165630175476,0.002917364851765525,0.20109833858563234,0.2240184081504556,0.5314430295193096,274229
track_03374,Pop,114.14463383675033,0.6699794669198277,0.7513402782469005,-6.665630088770525,0.11096429617466103,0.4561151472333632,0.016108046003484883,0.22906864926505735,0.8550701472703606,187800
track_03375,Jazz,122.21398763376523,0.4525930044171872,0.31863935555936596,-9.322030252759417,0.08335490985018905,0.5885718768526895,0.9004635578672366,0.28367712340907864,0.4042468111875216,332904
track_03376,Hip-Hop,85.75317170159221,0.8300990916292135,0.8413361769985869,-5.008137494662243,0.3894128086872223,0.2651922896135548,0.005508995744236467,0.25941829677961603,0.8137527031687424,179081
track_03377,Metal,163.3246840047091,0.31327900564418276,0.8532175526708534,-1.5825803097027347,0.049437124337630714,0.055724415692920304,0.05453829861177195,0.17508099475698313,0.3731888458579394,207423
track_03378,Classical,72.69189504496858,0.12865578557937613,0.26568092901090173,-17.496416706495197,0.07161334190353842,0.8968879974730132,0.9645696079568222,0.21632264834476256,0.5578091600824647,589401
track_03379,Country,88.78325761483131,0.7218787366591539,0.42597444263302936,-7.789626070316441,0.0694518274269263,0.5516535006285519,0.1309815096069402,0.159519008502614,0.7273524387948163,266579
track_03380,Metal,168.77634951909627,0.4295911903499749,0.9324493747061513,-5.254244531991222,0.030868798183062846,0.07938488064654592,0.06443686289761144,0.18408641194034145,0.5793662761106941,317745
track_03381,Metal,150.08436439953283,0.48554348827708094,0.9315152503019006,-3.581886580610825,0.04063803873110801,0.005711052167306075,0.0531321394934545,0.1914340998580368,0.5363802859327476,205038
track_03382,Rock,134.6655972983628,0.6238803679000893,0.9388372164050584,-3.0465302351419297,0.11599324498226751,0.3185797094804221,0.27286095046494924,0.20144323852507298,0.4044821572229885,215542
track_03383,Pop,149.50554787080645,0.6719373521386229,0.7396768531574225,-6.899712964139282,0.08103884464677219,0.272653709481872,0.03865611781185241,0.2885183771641384,0.5811373030724625,185000
track_03384,Classical,52.003824785637036,0.2413832216565556,0.3616026560499963,-18.441707802956397,0.04460934843029585,0.9993285281642622,0.902120913524654,0.29130232526117683,0.3114692610588002,310428
track_03385,Hip-Hop,82.19509146269357,0.7916119781465774,0.6752129841724277,-5.35095241407803,0.5417915775759818,0.2532068085247304,0.09580055190877755,0.158123330488868,0.7601590021616078,292938
track_03386,Reggae,100.88846163054183,0.6382664668066499,0.6100645738772341,-9.604202002875862,0.09915459968441484,0.6833514252486274,0.16435357996899191,0.1945671910591178,0.5792215441449337,221445
track_03387,Rock,122.91007988742086,0.5128219744080436,0.7526365167750222,-5.448756655362761,0.04925243601889892,0.2444618659430353,0.2096865046429156,0.19246747042093326,0.6676423559229145,254592
track_03388,Metal,164.27643677276293,0.5755938480174669,0.9324556602496586,-2.829412553755236,0.07576862244330236,0.10265586645046552,0.08015560617760153,0.14352455108118647,0.34336085835312896,269191
track_03389,Metal,144.7625631789271,0.4962454082277793,0.8261800015933802,-1.9004282475071212,0.04851676919990365,0.12607439787310978,0.09981278298668361,0.20386529840493078,0.5214018438604041,274912
track_03390,Blues,83.93057521775822,0.7618831668053702,0.7141220444609804,-5.879354664075088,0.070598099031252,0.39354260314850964,0.18240794734578888,0.25800872338167186,0.506295611569543,272351
track_03391,Classical,64.90625801674504,0.13636770994963981,0.3189607528281301,-12.239603115070498,0.04360204463799608,0.8272159808732714,0.958572199740834,0.26298048749869285,0.22566057894609393,303914
track_03392,Classical,65.49036051966299,0.11776085476702641,0.26743785212019866,-21.15768783181835,0.03588188139826112,0.9706161078360435,0.9381789477024189,0.4099451234414251,0.5162730671634752,467638
track_03393,Blues,91.9821321089215,0.734198915601671,0.5588301957189848,-8.638015227775101,0.07616355672743644,0.6728550107361406,0.03388474803948212,0.20308936142922274,0.5473254916634936,187237
track_03394,Classical,74.49594475548265,0.11323218822499359,0.2764900345419039,-28.699952624032456,0.045421052314536886,0.8704715257999117,0.9223947941260747,0.29359138032301696,0.20020964162819233,468382
track_03395,Metal,138.52885916845173,0.38267526616105263,0.9585241876414811,-5.356824140505003,0.0787028456435076,0.004820501350432194,0.023646144922168724,0.1622633308551704,0.45274472857665093,225850
track_03396,Country,115.20819684912155,0.532435699806018,0.579510768557061,-4.344209356373326,0.06846104429245395,0.48567197757333297,0.03576042446280066,0.10538998217364606,0.6869734826410819,247314
track_03397,Jazz,106.6392702634462,0.6882259500845489,0.45366679197221027,-19.8887966177906,0.06281114937220574,0.5038753004327883,0.7713417221417337,0.3364100201423532,0.4293572221683346,323189
track_03398,Metal,148.21781174330394,0.48023559253588854,0.8693890147669413,-2.8347593882827127,0.07260714292695708,0.05730888207477591,0.015724626426894785,0.1408359782726436,0.4317270640420624,356028
track_03399,Rock,139.28058151915837,0.5233766315981119,0.8962396875339418,-3.6374721032678785,0.06452356009741805,0.18079185367462952,0.18531354713578183,0.3328842492590697,0.747583647889998,228629
track_03400,Pop,115.43355765757242,0.8792119228993338,0.621603013029717,-3.9987355938251348,0.059006979863045164,0.1321108732998431,0.04779157263610644,0.1978595562982548,0.5610413164037155,226477
track_03401,Blues,93.25575116700568,0.6651765609154993,0.639189284747697,-8.85084351881169,0.05648618171251148,0.6922228160389379,0.10877701654597774,0.2794558881905338,0.675606615698523,222903
track_03402,Hip-Hop,90.00526908414543,0.7073856108692718,0.7535455648183162,-3.672339302670565,0.3365589114714096,0.2034974887604555,0.008427222693333304,0.26140458356176693,0.89111353607051,260030
track_03403,Reggae,93.33731285994514,0.7775684308124529,0.5988542659575402,-7.665698421610811,0.05991693784670933,0.617087644733732,0.09499194739846345,0.16789380444394092,0.6260146562633876,225008
track_03404,Hip-Hop,78.91103645602368,0.8632182893643474,0.7502296886400932,-2.752479725595675,0.45572137807608515,0.057033338393247555,0.0942833032104235,0.17465813197538266,0.7497396112633739,171339
track_03405,Metal,165.1644399047559,0.4319519192794167,0.9506510783906855,-3.093873680600022,0.04873876482067466,0.168548417624436,0.19975150960888366,0.279856461454872,0.5328575915058917,224722
track_03406,Rock,144.6578678210632,0.7068644016614158,0.8033052776462231,-9.952013437065716,0.1262917946413721,0.39079823889147436,0.294731808273881,0.22702156307105487,0.42820175821478157,191013
track_03407,Metal,161.36099872792906,0.505038297604136,0.9138551974364795,-2.1006492104821253,0.07066155852787709,0.17847397964506942,0.18022390656948611,0.11053816511070931,0.3368722824038386,227576
track_03408,Pop,114.30419583583382,0.6779915592358671,0.7218327643492666,-5.876218184508316,0.08686953039906445,0.21444591397900623,0.023146082371858268,0.12907408184943298,0.7838201797385222,253747
track_03409,Country,122.61112397738663,0.7091314240569443,0.42452781050501814,-7.103559103287168,0.09258504562123906,0.49893925284919827,0.08890523442210647,0.11701487833782412,0.7252020039675205,253912
track_03410,Reggae,94.5845025781241,0.726195611140909,0.6122735320054737,-9.632883373781874,0.07513022161480463,0.527067694283369,0.0810905956651455,0.1556689135688971,0.6524506280055237,234790
track_03411,Pop,120.17684193888033,0.7716689947901791,0.7737366078424578,-7.280049920428164,0.11528509724215388,0.21386931660185637,0.032824513622150116,0.22135113622838093,0.7546455918862435,245932
track_03412,Blues,95.88852739065958,0.7961714942692387,0.7539154039672349,-10.48108424850749,0.043445081595805436,0.6246639502470335,0.061708749589251835,0.16755075352690724,0.5218986797681389,266654
track_03413,Blues,101.94156257435202,0.7768035719580367,0.5520617596355469,-8.467681821519122,0.06545603555725674,0.41836803604023853,0.18392163539075446,0.1016342184815428,0.5366314377891132,210254
track_03414,Metal,157.70064566634073,0.5727450063752567,0.9283503364371944,-4.1974013957286775,0.06750196481295526,0.05838807998887344,0.04391061685279105,0.25908550947917786,0.5253954029094846,288693
track_03415,Rock,143.5417735389621,0.5005532950754725,0.9622357426294293,-9.448313902086156,0.10863187410562472,0.14544243046504793,0.01868274315328686,0.32793120925635333,0.5868812455423372,190549
track_03416,Pop,119.83706294644625,0.7399780633122168,0.7952340585499478,-4.143345171972433,0.11065947560537291,0.3582130433363334,0.009294572985066918,0.20994256072836598,0.6529538649475081,182332
track_03417,EDM,136.6761377775924,0.9417040506048807,0.8781173042257422,-2.2168821652220534,0.057963145178559966,0.118484764415561,0.11602530900275448,0.22481585758996525,0.7600446121760646,212378
track_03418,Rock,147.02874869917184,0.712977496993044,0.9624285984918058,-7.8889840454571125,0.11968913543397355,0.28180625308481144,0.1508397095587749,0.3758666637985687,0.6480026914461394,227564
track_03419,Country,109.81872084036164,0.7036447228772257,0.6677488292234621,-5.47701952907342,0.0695310300355167,0.5794554744180088,0.06411645536452384,0.13539923827808906,0.539190861447134,251678
track_03420,Blues,86.1559556718912,0.6893706201522826,0.6165566001037506,-6.494764282806501,0.07161010556725944,0.5430607765176587,0.02000064308432419,0.19429670484682382,0.539094504873108,182962
track_03421,Metal,154.58805618018687,0.5493074207716888,0.9314117708884162,-4.898599161015375,0.03327037729204553,0.15499850828779174,0.04379260916323735,0.27781336594456596,0.33893558320942174,315536
track_03422,Classical,76.07952332391342,0.20163434250975903,0.15961320994280817,-14.360318285818428,0.060916925017024656,0.8194413002875527,0.9616337206290709,0.49508004323384097,0.41125565042010315,508249
track_03423,Blues,86.09740573343413,0.7962876144264865,0.5709682105858607,-5.325644728621834,0.07898522230580471,0.320043775616427,0.06714543989216673,0.19523081438257833,0.7499278674351355,191364
track_03424,Reggae,85.64893858006434,0.7247517486074244,0.6258294453924818,-6.479080546250638,0.05642276550152356,0.4531387403733708,0.033478266086183116,0.15049802525007608,0.5567458563639985,214664
track_03425,Jazz,118.99960863134996,0.5826666656221537,0.507419005350893,-11.802949011188533,0.06277960095359875,0.5648793133023178,0.7742456244421232,0.325826503104756,0.6696457933609201,346926
track_03426,Classical,58.87327119935715,0.23987824680409464,0.2673064993298997,-29.379567845880487,0.06102071268808511,0.8407835993035158,0.9312599845353661,0.42091679794115555,0.5085013602664846,330666
track_03427,Metal,161.44714419312066,0.5610630559976373,0.9928624288977534,-4.41086544426345,0.036192604261491276,0.18753212678979783,0.07995313813718813,0.11870679258309075,0.4496342872185135,325206
track_03428,EDM,126.89783582207818,0.8035530480654512,0.9516455655103181,-2.643859163400275,0.03932289172396458,0.0482058517512719,0.11919664333854407,0.12229324520243508,0.5711065139554575,251746
track_03429,Classical,70.96757267914185,0.18169934983760447,0.17281009596079056,-26.081973905871187,0.05950442176273374,0.9696650634843318,0.9398855926439164,0.36519771391198486,0.4826907044996156,592215
track_03430,Reggae,92.82677093642978,0.7272825723154799,0.6406378315309127,-5.942866900620363,0.05709930511713671,0.4460391677553013,0.10561002445214572,0.1920033697358013,0.664328386964821,246951
track_03431,Rock,143.75349800530302,0.7388956869111998,0.9652435259587953,-6.916645969758989,0.12870745095317038,0.3560480715540246,0.11998704716249989,0.3983385543232759,0.7404954516863478,207454
track_03432,EDM,127.03496248207715,0.9491531388210078,0.8481846567633803,-4.697814734881972,0.04132523310775138,0.035763999496897195,0.2131163996746194,0.29384807755469355,0.6092100107233324,265050
track_03433,Blues,93.75514415847049,0.6826670893699212,0.6634304396226475,-11.925328125133102,0.04876318978036144,0.5576775702511286,0.11246343992900901,0.13946650270828082,0.5730394382480845,296075
track_03434,EDM,130.32432820115073,0.796850946017382,0.8154100024844954,-4.333264974148152,0.03046780787704561,0.19973849693337017,0.2358868867272727,0.2594903888156456,0.7920360952553787,204490
track_03435,Pop,116.78261791756626,0.7623991077759287,0.6214847978210345,-7.865947712246222,0.0753866002261675,0.42088957280285755,0.002057562014069625,0.24087973266561083,0.7621505105056955,198163
track_03436,Reggae,88.45263397740699,0.734967838343221,0.7923295391693457,-5.461497216653462,0.04771427681060876,0.42308658564542845,0.17016002419096415,0.1457321010166865,0.6135618643099193,256539
track_03437,Classical,69.80496934107533,0.29982199626190686,0.21570246308021992,-23.04294888115561,0.0748743396960244,0.8658931707688977,0.9432005547316271,0.22343313101424728,0.5821849552141902,593071
track_03438,Pop,116.83560619913911,0.6250166656922956,0.7617355542976696,-5.88419283697735,0.11451009839862039,0.47142930309639464,0.039262229108129966,0.11970405829911863,0.509885982985963,249302
track_03439,EDM,132.80512606199213,0.881585548712084,0.8731585037000524,-0.06538119743404813,0.03268034621714131,0.015940323407242808,0.2750627542741845,0.2295412869838087,0.6305336272728418,267532
track_03440,Pop,130.96041034523023,0.8945737670051457,0.7041244529581098,-3.3794709723031646,0.06414068279428657,0.4384412560323927,0.01550091848718866,0.24687988083982151,0.8897847266490949,226063
track_03441,Hip-Hop,85.77882037349505,0.7732490450288538,0.806101454426605,-3.174581018120352,0.4841773883950441,0.06074840457315706,0.01102884201464437,0.2719799394066773,0.5938749654206962,158000
track_03442,Reggae,94.98025305346563,0.6436502510948511,0.5848621967871904,-7.667569503659094,0.08352224716681131,0.38304566624297415,0.19103879605809695,0.1016357413985367,0.7100186820070884,246720
track_03443,Country,97.83350678695635,0.7371894168882106,0.6582758734590061,-4.279555656440669,0.0811956154192571,0.5236182764984867,0.041397044657256445,0.13599926951317381,0.5434748745163315,236003
track_03444,Rock,140.6735129778078,0.6651908040042186,0.9051235189863522,-7.801604072886122,0.09584963634094362,0.20237579783615506,0.20895299210219878,0.39654586609607534,0.6756067873531535,221126
track_03445,EDM,129.0022001564555,0.9352558663901716,0.8836852847800598,-4.82898078654812,0.04366136350964175,0.10315030995118335,0.2807615625134606,0.27661329734890616,0.7376287166426903,248396
track_03446,Reggae,91.54793778861246,0.6571186526922856,0.6567977968989125,-5.027097131224456,0.06185754144492231,0.3627304389358781,0.0994133051583316,0.16203727544661314,0.6697900471485645,201386
track_03447,Country,115.51561635884737,0.6689268745491548,0.5774730462309272,-8.057640837910814,0.07264530827218799,0.583643341318509,0.08648663285659426,0.2920599441246626,0.6959364150748675,264010
track_03448,Country,98.51369211333213,0.6113058982956375,0.5733976619469663,-8.980875480091456,0.08004389786406918,0.606964822418307,0.17742532250232573,0.213454592885639,0.672293909208691,191111
track_03449,Metal,147.77042057453676,0.5418118350114656,0.9296697554575587,-4.447487921692953,0.04800098070449092,0.18842951232327843,0.18962390410773056,0.18367416764380362,0.5037510237789866,245843
track_03450,Pop,125.7863369153152,0.8982153880877903,0.6180335564256454,-5.232504308407801,0.10086320716918054,0.1747464450878225,0.041095251172512705,0.19369086861074064,0.6991006358574502,182283
track_03451,Country,102.53879397218206,0.5332577059632465,0.5558611528170111,-6.180300466914623,0.0928985488412144,0.48396823050247006,0.15884677712948306,0.2599625807669492,0.5384148454471043,271330
track_03452,Hip-Hop,88.15872403543104,0.8589255120258958,0.7261985260013019,-5.468321224103981,0.4723130885064918,0.16141226877786918,0.0640814607242438,0.20068208579444052,0.5235963406819051,198492
track_03453,Reggae,91.25792538149084,0.718033025490207,0.6843097519535233,-11.265060768022353,0.08007451625505581,0.4913879907048201,0.12050459533745582,0.2126283657621045,0.7289000745362118,290732
track_03454,Jazz,143.5172892179355,0.5706591569785615,0.5883973860553048,-9.01699012937515,0.05985271800955204,0.805263329956959,0.8631100140132926,0.37408664709340456,0.6270906690038682,413411
track_03455,Jazz,137.83264302308828,0.5500668516726686,0.49393716548319644,-17.409877032759052,0.06207534311682274,0.580914301685808,0.8161705769094425,0.3688401566560757,0.47701576287276526,300819
track_03456,EDM,132.2320658057965,0.7348582407492383,0.8505370278921938,-4.381363125763238,0.04706618078132655,0.07744453728305288,0.19463547104765985,0.2991431829630834,0.8569437078249115,208337
track_03457,Blues,83.13899200030873,0.7421971118213023,0.6815250379967439,-11.67174643318662,0.09445672710360493,0.3319815364406557,0.10054158083176777,0.20261383054381293,0.7511021566275145,231903
track_03458,Pop,125.26456498066392,0.7501632167540695,0.7982615246803911,-5.69769401553861,0.07485380654183321,0.42635472562288046,0.021515402159786486,0.2825934804315823,0.6073605599093256,259831
track_03459,Blues,85.16686847490233,0.6841168543581554,0.6547435566774649,-9.072424372788493,0.0917289454152426,0.61822763646458,0.06197269662127829,0.20230397674945277,0.6293089649225833,220946
track_03460,Country,89.82370424352636,0.5991255561786647,0.6469945926554499,-4.419760036432368,0.03039320742968088,0.42375954305140223,0.13499512347325585,0.14721334454461443,0.7735114996309647,283736
track_03461,Reggae,90.29521308845294,0.7158872033519782,0.5507423299721571,-7.934269955874361,0.06729448035572694,0.5087998568384258,0.18099340374416928,0.1967606257529726,0.6428445615766749,182823
track_03462,EDM,119.98437615920759,0.8078572247607732,0.9260627364628276,-4.64886271203458,0.04773174115599695,0.060627280622044505,0.14947308359015785,0.2009153071938296,0.8140926423369235,262186
track_03463,Classical,68.20396241911105,0.2775039838753065,0.3565808559016279,-18.80014181437182,0.07332642913826642,0.9610687195097424,0.927793946009305,0.25103188413374905,0.32046260039068236,588165
track_03464,Country,92.36109407831759,0.6580594659274794,0.5600660232862065,-9.845024082134483,0.09701080190577542,0.5710742096421034,0.17489835833553385,0.2469260342008649,0.602249898009662,199032
track_03465,Pop,107.55230687840265,0.8029389623712262,0.8201032550475603,-7.366094966579844,0.10145320644990147,0.46731221039822024,0.021146230671343455,0.1573453845867035,0.7710948587099749,224756
track_03466,Jazz,97.02329941361378,0.5169603624588767,0.5025817771932036,-15.752788902409463,0.09839531127883969,0.9673406941059884,0.879382139356282,0.2946797217760182,0.6585077007423022,257361
track_03467,Metal,158.81169213122294,0.5960855058905814,0.9829347751347801,-5.700462969656718,0.043321556887510916,0.06010870246195681,0.03685807133400212,0.16240330061009606,0.4274461898806381,340243
track_03468,Reggae,98.01327883212446,0.6553086819161478,0.6402668560212386,-10.732826573221248,0.060410662210656864,0.34146124224008045,0.08600162258065823,0.2654956968169816,0.6785160614386991,218608
track_03469,Rock,142.1469863117818,0.5743191012128961,0.9480416939481624,-9.56967621072021,0.14430097869235503,0.11417716009987006,0.07233398049040014,0.23925541782021703,0.7024231546264862,188076
track_03470,Blues,86.27704807533213,0.6041153482020534,0.6847781764506775,-10.714087895377444,0.0966589745452265,0.4720861515132164,0.009576784131030247,0.24272769606348482,0.6453828315120802,243541
track_03471,EDM,133.36591176509918,0.9084094691411775,0.9726892060344732,-4.350016571859003,0.03976564498264282,0.00591945464242607,0.2948402180589165,0.1472276278833524,0.6468373337928969,283533
track_03472,Blues,89.6296509677199,0.6228225216862464,0.694160245197843,-8.698303463404107,0.05307069125515956,0.31734667708523306,0.1077530334863996,0.12525926039651153,0.7788258160349188,298578
track_03473,Reggae,88.50953480185021,0.6794533803981668,0.6036431584136079,-7.274089719392435,0.0758754724140275,0.34364194990721436,0.15656452590290335,0.1879290803602992,0.5006665529988941,238052
track_03474,Blues,92.05824282581473,0.7453276939933473,0.7974343711187124,-6.642453826532164,0.04837199106525131,0.4846118952965599,0.10070092399914177,0.16096206393884033,0.5492826276553645,221106
track_03475,Reggae,81.62101870330464,0.6096297850051369,0.5946260932972349,-11.121355925803114,0.06933808553744486,0.6629266879918173,0.1991065545139088,0.28885061369649423,0.795709137492443,257499
track_03476,Blues,102.43857030741538,0.7728819649360285,0.5429667203268754,-10.864614113723295,0.06155421725529439,0.4236273122539358,0.1972747392553995,0.2128183949963624,0.657171988387713,239276
track_03477,Hip-Hop,81.93351521409639,0.7271619982655649,0.8966612348939074,-2.556740896816714,0.46562939609621923,0.20786793118413768,0.07479469395906545,0.140762245492045,0.873866534932463,190020
track_03478,Classical,61.581443340076945,0.15525396331019928,0.19402423217240558,-20.964998513214805,0.0697425909427508,0.8288739781069822,0.9700390934065357,0.30584006556546417,0.2782652635653556,555829
track_03479,Country,83.1690539357848,0.6137365412493583,0.4878858721414531,-4.395859713461651,0.09351178098906628,0.44674791499107386,0.16452404423884398,0.24058293935114805,0.7925635161681814,262531
track_03480,Country,100.83336653439532,0.5012480294744938,0.5053199958455948,-9.235815089818814,0.09916836487705658,0.5380472677695262,0.08522532775430539,0.22883486637340947,0.6071280510611683,226659
track_03481,Pop,114.9749601605421,0.7148769064362022,0.7304742109269846,-4.982236523355965,0.10933918235263895,0.25779178053961826,0.002571573545012257,0.2261467646832995,0.8947512916480683,198077
track_03482,Rock,149.19184549130654,0.7274767940758492,0.7529505961045478,-4.759665466945276,0.0397771918290725,0.2481753914814702,0.11126992514796223,0.37158589981658807,0.4639342996816809,204067
track_03483,Rock,134.74428648546473,0.6691352888057639,0.8216117411313506,-7.580748895539314,0.0672300001760472,0.356628124197247,0.23074083620155325,0.2570346257226105,0.6657921975457828,181554
track_03484,Pop,122.03423179567261,0.794300911719058,0.7810717611594137,-6.809858466181021,0.0875110726469611,0.36545181975234275,0.04709583557630134,0.26068665877684594,0.6683259400990815,250773
track_03485,Metal,156.8644242711152,0.4949267849499742,0.9033650440048039,-4.118609117127777,0.058101663285338785,0.16776125526293365,0.16778620552769596,0.24524557763644614,0.5857345374730027,216766
track_03486,Country,86.88344779800983,0.5019144094135223,0.4872788898436473,-8.030663773059395,0.06831282541123575,0.6714668414162446,0.16762299270861883,0.14643459706166156,0.6558170707832207,220318
track_03487,Metal,162.913616512909,0.5931617391084285,0.8661453035195259,-5.999916318710326,0.05933672924761671,0.17338777015857812,0.06485944483557785,0.286853992966754,0.3998107311333789,321123
track_03488,Reggae,89.89218830122718,0.7578638504774065,0.636128239360636,-11.118346374739373,0.06449558025747307,0.384761249528001,0.17851347938306744,0.2778516808621278,0.616118654632601,194436
track_03489,Reggae,93.55484703305366,0.7203981433869093,0.6903730253231113,-7.801679804596119,0.08332112649569003,0.35416376626155777,0.1788552647048614,0.10849846458381066,0.6922231880161946,190394
track_03490,Jazz,121.41609010427554,0.5042869557621802,0.5616011739687121,-14.111710994820813,0.07346650716886165,0.9883220638413194,0.8928117793554091,0.3501415984269729,0.33924989190479515,417968
track_03491,Blues,88.60671399760982,0.7991930607641774,0.577052058736192,-6.826207203303002,0.06502355041428362,0.3544978208178098,0.05103092266576077,0.2350236151242903,0.601116920610935,189662
track_03492,Rock,144.11959346104234,0.5569037017349847,0.878176179785835,-3.6271529079547493,0.12688031352709345,0.172456229175444,0.1494328457002793,0.22693252569340294,0.7861900477555563,281004
track_03493,Jazz,112.2507921302283,0.481810554941062,0.323647168636005,-17.96525713609883,0.05504097789210685,0.59976368314911,0.7640947752299909,0.2692310679317864,0.4202714783134445,397833
track_03494,Classical,74.41825226929313,0.2599071283308193,0.18610249837132953,-22.277479136526438,0.025610080736207255,0.8685272173102135,0.9973853845149067,0.48264495620574666,0.5001036824554701,459300
track_03495,Pop,135.75396075643502,0.7777384970336532,0.8194058008914628,-3.6680220989571835,0.054011531476992156,0.24437758768947476,0.03354149152488763,0.29048893109850615,0.8218739185812209,242743
track_03496,Pop,120.83215398817786,0.6146807095688779,0.8099907933987562,-5.548399810810579,0.10670598721736052,0.218826099064886,0.04309159856412244,0.26616409697526994,0.6526685710642768,248426
track_03497,Reggae,101.23436559188275,0.731980824005098,0.5569167754189652,-11.211906200736044,0.04124037678422502,0.6651527307110404,0.06914265778893827,0.1171661870022006,0.6397399935493915,190962
track_03498,Country,94.37409308319376,0.7232665272154859,0.5056117374201536,-7.8822643976433575,0.057319313515797374,0.6482866920299339,0.1414143915001562,0.1243952668204854,0.6904071717937285,231697
track_03499,Metal,154.54728071534322,0.4179981145596841,0.8658220002437274,-4.807145871945169,0.03392295002704366,0.10118209555713915,0.10745763724117896,0.16723100882041136,0.5927531589106337,246180
track_03500,Rock,121.85949082553965,0.5694389065109429,0.7050712762104391,-9.928819862534024,0.06564461050148832,0.37688791428208723,0.18639823676185385,0.2158321177431745,0.40433902508816005,244816
track_03501,Jazz,140.6405909309729,0.45473636431774267,0.5114737105303989,-9.418905662067786,0.06100185204648302,0.7416879563584958,0.9498290653446981,0.3569459820401736,0.5472628403939903,343825
track_03502,Metal,173.5566865822729,0.3448797267494706,0.9996133263268182,-3.342317398586963,0.046822323071025546,0.14275746519862678,0.12416435333230043,0.1465816560598712,0.563077649819266,356615
track_03503,Jazz,117.44875752627905,0.5690708018501067,0.3454409409158977,-15.808425844876798,0.0909755266127733,0.9440256372640234,0.7999253100359403,0.4696853302673774,0.5342911080451158,329979
track_03504,Blues,88.81274484635814,0.6166377915771218,0.5326431311500873,-5.040685635735727,0.09828346941733959,0.6086806423348545,0.09683765521423296,0.20121216972728861,0.5771638620612307,275749
track_03505,Classical,36.79761440969544,0.16876477517658203,0.13204914215161145,-21.633634170028095,0.07914562054713946,0.9307749746168895,0.9439777347203805,0.22504718842294275,0.28529948762501034,567712
track_03506,Classical,76.00791019396411,0.1405445449022559,0.21804942567466584,-16.276650564933448,0.04470852435648824,0.9813233020019916,0.9615300520940443,0.24613032497640927,0.3949777363957445,335362
track_03507,Metal,149.749442247546,0.46182976383712043,0.8820249424302783,-3.133961874525523,0.03760030770664986,0.024002641794693403,0.10571813521956637,0.11426793156894682,0.3877452907940706,245086
track_03508,Metal,177.29787193948349,0.4246465710018868,0.9292540622225438,-5.281902778626842,0.06616039977516408,0.13940502274240443,0.10288067299045783,0.15576269900263445,0.539269135988925,320288
track_03509,Metal,164.5872354241063,0.4310476551848703,0.9919799396083382,-2.124897128672993,0.056749653364341825,0.13063077903677722,0.056150080345959835,0.13914318854977697,0.38199586419122356,315347
track_03510,Jazz,141.72176491567438,0.6219215351916132,0.3420183122157697,-8.336191974234819,0.07140371880167275,0.692286552188401,0.7901188328781066,0.35396018136402657,0.42700738505201974,277087
track_03511,Blues,86.32496287693188,0.6508226882636284,0.5462813952110119,-6.766261021006797,0.05254586377815454,0.36089862583614285,0.013970341497317618,0.2662598948452367,0.5371937446543951,197046
track_03512,Hip-Hop,87.12318095066759,0.8415375211542571,0.8987448655817603,-6.69610490217868,0.42651866018370843,0.03831916776762959,0.018183547198254945,0.2425928127153533,0.501937071505312,226061
track_03513,Metal,150.992872539818,0.3994083321740777,0.8252548097199833,-1.3921870677306236,0.06561611625176303,0.06727859978520823,0.014187235888124095,0.16513656630820353,0.355390288442725,259163
track_03514,Country,120.29969890759878,0.6722313085935985,0.5619360502768173,-6.529973586536597,0.045812227298674346,0.5366513240008777,0.002214708493084161,0.23374672989219775,0.5996907674655557,236329
track_03515,Rock,120.7413472495983,0.6440596967818253,0.8824355048101216,-7.4212657007429055,0.042721722710696186,0.14183334920263974,0.1581011908662591,0.1524220076895692,0.7559334688575587,258205
track_03516,Rock,150.3618934509672,0.6162330031745853,0.7903379816509496,-8.443866955248156,0.052275747799024816,0.18201309281783964,0.188160884408916,0.17195433173453417,0.4242393652035388,247605
track_03517,Jazz,137.3460526509179,0.4597129838947495,0.3090272960183378,-15.26548199760078,0.08953717277553544,0.6995726027789131,0.8245281309502059,0.3407082688539807,0.6007155323239945,325370
track_03518,Metal,145.38563846986997,0.3273848257610347,0.84127995991993,-5.060513165037125,0.055393165920216786,0.005985893013045041,0.056723321702552724,0.22143898820863372,0.4063952026594805,220871
track_03519,Reggae,97.13349658428008,0.6914668380534508,0.5899382282900324,-9.663695497390165,0.05294512628987072,0.6822890511908957,0.1239653190581403,0.2868926350614736,0.616137696710516,212688
track_03520,Pop,135.5698427742094,0.6629656325267514,0.7896421486516406,-4.626639183977224,0.0712434349265645,0.28333720699691184,0.00714715479621646,0.2842417208741445,0.8872479206109722,225673
track_03521,Hip-Hop,85.35583028094818,0.9138375535308729,0.7576220609191309,-6.580172766821762,0.470230309329976,0.020381866164612728,0.08521951634762091,0.22991582025938195,0.6131428424469254,248766
track_03522,Country,101.99399883075445,0.7257015048729115,0.6522721297986995,-5.421347965653817,0.05903543319155728,0.6617515254242472,0.04937802467820558,0.10485078356383244,0.6298309875439829,180623
track_03523,Blues,84.02437752929163,0.6361865455669482,0.6747676381729224,-11.83503197243538,0.09214707933780464,0.4401883202563899,0.08332324340346542,0.15168646694652002,0.7630013297789311,255151
track_03524,Reggae,90.94204380194631,0.7765510327367611,0.6565535051792312,-6.8769329066381815,0.09832569470953159,0.4727772574354177,0.09194436879556594,0.2651691754385479,0.5330713266379559,263568
track_03525,Classical,74.69454239837562,0.22224973090462094,0.3874891508871974,-23.207062796087406,0.04410428022802622,0.9439506455179714,0.9577902077634031,0.35836402411462953,0.43022561662557013,423970
track_03526,Reggae,88.50700234840039,0.6916633900489515,0.7923465237053082,-6.233018825194242,0.06640805182514922,0.5046229732689942,0.055019502394978104,0.19738396109800754,0.5322477119934411,200117
track_03527,Jazz,117.03594971713808,0.4158623796652009,0.4874742108411354,-17.147386610070843,0.07083791911417525,0.5515393913168676,0.9483187197484876,0.43398764845799476,0.4545948884205581,282249
track_03528,Hip-Hop,81.6832868152618,0.7558830968769279,0.8457399595095293,-6.14300309661677,0.36554563417191815,0.28834253642937746,0.0016597182834976354,0.13351382741758616,0.686800413152236,218640
track_03529,EDM,127.87355643564199,0.7269591674563104,0.8197684983337186,-0.4611767418141586,0.04831425157051637,0.07231343079022738,0.2847215479932782,0.17980013572143397,0.6344968512214322,207627
track_03530,EDM,119.98418317141294,0.8670561815892585,0.9955892824506918,-0.0680982687997016,0.05036577303828667,0.01838993249581322,0.10034175801865279,0.1827132983057024,0.7138533451450358,234587
track_03531,Metal,166.03066727472913,0.35656773066009817,0.8182209758750526,-5.516924657301691,0.0684196746612859,0.00574746033362088,0.05789134096783999,0.12583728198881536,0.5264730440398515,240501
track_03532,Metal,150.58400403361463,0.30279464991128235,0.9990222316241426,-1.582943195463475,0.03119077657275745,0.07642003040887382,0.1375668117199497,0.14828117330898358,0.3428516150675037,274626
track_03533,Jazz,132.96984691739402,0.5953493189985841,0.361894618483114,-16.75849103506234,0.09569276107115018,0.8781494088314055,0.9802809095595159,0.44889889644880954,0.46084719210547936,327772
track_03534,Blues,82.9472184215194,0.6086415121399616,0.7461641654789248,-7.432297542856008,0.09047147635782349,0.39229603092825294,0.1694380448294616,0.18972270368502103,0.5398166699885045,286895
track_03535,Metal,154.9903504186546,0.40886431030184217,0.9837666584345358,-3.500279570134538,0.06633066395917421,0.05383868408989894,0.00500139406718112,0.21567203724564482,0.550494301330926,327420
track_03536,Pop,115.63172861102616,0.7818313408940146,0.8193361195810034,-4.8222487118569175,0.11578085137673827,0.47232371276560636,0.035914973151551316,0.1557403855491001,0.7732316283942826,239225
track_03537,Hip-Hop,83.69592072234533,0.7884114940031783,0.6791964065807392,-5.364207444214842,0.48117116126261694,0.1309738498460225,0.005642058470721878,0.2951263230301804,0.6700488536805398,153386
track_03538,Jazz,115.93650242467324,0.5312954524322322,0.32494194837674095,-9.677504952243943,0.06989646882388216,0.9205108868398022,0.7439633009801955,0.3934741988495216,0.48370335432577055,252147
track_03539,Rock,158.2917357356004,0.7552782337804331,0.7705334763515048,-7.948336913595025,0.09582978253240641,0.20396714272481642,0.1705033565690953,0.16004523944404125,0.5230591230827303,235349
track_03540,Classical,76.44202978777277,0.28368173538494196,0.13027696502435576,-13.533949131116177,0.07590627246211613,0.9373226291937352,0.9996419676170688,0.3005128998994676,0.5321239766339861,328594
track_03541,Jazz,137.81416940692526,0.5528865517172674,0.35669216723913677,-17.391804763858058,0.08280393080595089,0.8559652311583668,0.85923212828843,0.35042470018332417,0.3720153782755447,351112
track_03542,Jazz,104.63199365504168,0.4274699059234504,0.4372879807384177,-18.745224327491346,0.06357628688098044,0.6613626215352801,0.8174431550768697,0.34633649229810326,0.3741315935013815,418764
track_03543,EDM,135.59387502745827,0.7389471774821899,0.9760844064839806,-2.1547122422974683,0.05995777819188981,0.009031162421520068,0.028151446005261524,0.22417223727953206,0.8352767651715151,286324
track_03544,Country,98.1365613785332,0.5558756621337856,0.658672208788109,-7.087574339135511,0.06166961090039754,0.5482345591036276,0.03466656310270855,0.22552729030476037,0.7423921058060678,287652
track_03545,Blues,93.2446340741676,0.7722886399793992,0.7594951591645238,-9.153671842994644,0.046418872524238444,0.6991357732470562,0.029068617451096304,0.20311646606573158,0.5793857565795176,182892
track_03546,Country,99.13032660338146,0.6207172596919037,0.5512721290369778,-8.93381378196143,0.09327563798952475,0.5048819543500013,0.01749135801693216,0.1309065734991812,0.6539911716862812,188469
track_03547,Pop,125.33612837646471,0.741328921287169,0.669316150610034,-6.4509497543477385,0.07365810764948896,0.1901127962565492,0.042532127407367476,0.1130154415109595,0.6629111296313258,240258
track_03548,Rock,147.96932564639053,0.6638638779606495,0.8466285144046675,-6.412793308913317,0.062085571354663915,0.3341916081942542,0.22277499024712663,0.3861895396983013,0.6027964111627143,295424
track_03549,EDM,126.85102654751417,0.7594223712562335,0.8514843088692354,-1.1702920680813604,0.06717721444016563,0.014446134662729994,0.004505918422204124,0.2645870122945481,0.6546410413016234,270296
track_03550,Rock,149.59818497115606,0.6696799491086017,0.9524849564130915,-8.269589745996322,0.12208744613267161,0.2242021702189301,0.10071256301631805,0.15184489034085746,0.773717438740972,268242
track_03551,Pop,120.58064768568502,0.706119119267155,0.6489308799857378,-3.326100462881846,0.0649929032700069,0.49673409030369675,0.00542869461942449,0.10200415667804147,0.8483174184308333,224804
track_03552,Country,95.07729205976334,0.6054065755187579,0.4245891776596283,-6.550644814109837,0.05756079096651297,0.5450865738966049,0.1260783722804417,0.22798672112611262,0.7881797724059119,283581
track_03553,Jazz,122.9230047839325,0.4650532457467041,0.5968740290239327,-9.743398423145827,0.06248513244484936,0.9841022374472082,0.9875420502449404,0.2238617664192042,0.3079302651497716,338789
track_03554,Metal,170.45480094636815,0.49076967467065397,0.961210669146298,-2.3107647104550986,0.03177297578388429,0.1462259997211267,0.14398953343500034,0.11979810733774053,0.34507420937673783,204408
track_03555,Metal,153.41034406116057,0.4126022976295891,0.8096813247063976,-5.189304405378485,0.04901494989267366,0.04774879146112912,0.14736405291810797,0.2809919263663896,0.5727420486295014,307763
track_03556,Reggae,87.44486936575706,0.6157439182750728,0.5390663217619764,-11.409510843256012,0.07230748279468827,0.4067443083225304,0.13672658801942095,0.12653817769133108,0.5309574198686379,272031
track_03557,Classical,67.85216422144491,0.11143227329795176,0.21200376017309827,-14.291502046929036,0.04440011982415536,0.9551160403054471,0.9688839224317893,0.35519242783826993,0.49508392433485954,492527
track_03558,Blues,84.22115999780114,0.7586022894992677,0.707518978338107,-7.087244631103474,0.049665909018191526,0.6802687959848902,0.04113285477770765,0.16979043290332121,0.6553959542878951,270671
track_03559,Pop,108.78176765670315,0.6078621914760046,0.7297263854903655,-5.092615196689016,0.052439574908192024,0.3061484459120092,0.026728510418273583,0.11049898025299623,0.7846341140458704,182583
track_03560,Classical,74.30678185137504,0.11477252167149264,0.340388711300159,-14.991954146894892,0.04407201533698897,0.8247378515607628,0.9497444898248779,0.4289956747124172,0.23040590110627304,384433
track_03561,Blues,95.15202560752448,0.7810175352185973,0.7444376553514614,-5.568191655888459,0.06795752820751995,0.6151203201410803,0.009743351997401195,0.15889836330058943,0.6932817334800807,231527
track_03562,Classical,90.57984418486986,0.11028415049685894,0.3397637445049041,-19.520811403801154,0.046964935291194956,0.8223219333223736,0.9741562538908513,0.23934909575124166,0.27692712512159723,329834
track_03563,Country,92.95233636749754,0.5799931206285831,0.5497254074640032,-6.979524874694283,0.055703720583237165,0.5484796813124286,0.08546829155899882,0.26453304939689715,0.5088841902473545,260153
track_03564,Blues,87.69632241535729,0.6660312909542251,0.6325172626714011,-11.90918906155767,0.043312863094061446,0.6085348147611241,0.06696261133087338,0.2588812432437188,0.6439832764861446,219564
track_03565,Country,96.78781003762455,0.6912376532901396,0.49398375271253775,-5.6174692419233505,0.06616842015948422,0.5382300166659254,0.011304599451622944,0.29308438436177253,0.7512226909635261,277009
track_03566,Jazz,136.38557793307157,0.6722351207694028,0.38384454240558336,-10.933182063714442,0.04781310178915703,0.8891859238394663,0.7600653155198597,0.4592061749266419,0.48097835696906677,294752
track_03567,EDM,134.18807725913362,0.7190737446749677,0.9251458285209315,-2.4636688874090336,0.04239478429260518,0.1511234765457397,0.015732221292794567,0.19952836612502742,0.7027452576930995,226671
track_03568,Country,93.96241522865823,0.6032229850739663,0.6759408252156995,-4.988700440383441,0.09177046681734682,0.6709576063120883,0.07876246153206264,0.271927801501467,0.6711049013740094,231545
track_03569,Metal,153.0146527833094,0.5317833496819913,0.8409466787731397,-4.2669026756632755,0.05395464738677345,0.0694541560996578,0.004723874296230335,0.2817148125428485,0.3859399566002648,321917
track_03570,Classical,74.68072928105713,0.12650364784315501,0.3923837529473272,-27.53884616643896,0.04079284240592812,0.8135243065302253,0.9735472812843392,0.37902549416586623,0.4134275649350394,323116
track_03571,Reggae,93.86214892201681,0.6973581248861255,0.6214502908758976,-7.448092943003564,0.09621303993103308,0.3196229796816264,0.030679109095338244,0.12655086200885207,0.5255998946897497,233991
track_03572,Hip-Hop,84.86893661758326,0.8899031144181434,0.7305854325339748,-7.255639016898449,0.47473732174606886,0.15978447707414184,0.08423080381427381,0.2043125486201902,0.830940748027211,290378
track_03573,Blues,79.5474914886142,0.6347394876410017,0.6752092641329391,-8.19024800140017,0.098544379095884,0.4649635203046463,0.08430465261894543,0.13277427699386182,0.6792714663806476,235471
track_03574,Pop,106.39002431387166,0.6689423521934222,0.8172823585738948,-7.001940202285587,0.09881857918349031,0.11369962814234583,0.0009490257548951831,0.19031334278883294,0.7626160510199613,218282
track_03575,Reggae,86.81794408713009,0.6360093586649117,0.6165190115011465,-11.07834569911828,0.08142381867950413,0.5840321662011481,0.002955718625492687,0.23897329850888863,0.5896962018659998,242842
track_03576,Metal,169.5674693325506,0.4430207596119136,0.8336047683325133,-1.0255260174950358,0.07615238414196629,0.0004049341964487363,0.11014693653157702,0.2744534767206309,0.42916008187018806,238669
track_03577,Country,122.15431272412341,0.7036362336143576,0.4549511906453944,-7.567494217052231,0.06228411454624157,0.5463983650365811,0.10839458190339923,0.2603494508633434,0.7658751736191308,216499
track_03578,EDM,127.92914490988917,0.8966566661608998,0.9117168284641329,-3.8449341648177535,0.0352921513060758,0.06020140806456767,0.2568947754304356,0.2575238699352272,0.7580529703272161,289481
track_03579,Jazz,115.66295940686418,0.5822339175797998,0.4981834772298527,-13.21917644148441,0.05515591710159037,0.9772924446772635,0.7903404700051009,0.23743907970892703,0.5521894310566251,348556
track_03580,Hip-Hop,85.9255480841767,0.8886931345767016,0.826134939688212,-4.27858434272318,0.3622605884557229,0.26614366265917083,0.02482830050432272,0.11879685768873821,0.6205996495979594,222428
track_03581,Rock,137.5458851695316,0.5793692682244477,0.741137098497762,-7.329019146969755,0.1484079821680905,0.1483082133402084,0.2492929457597396,0.2955640215019216,0.4063256522447438,201215
track_03582,Reggae,91.4327647203981,0.7811159550712873,0.5897428577949867,-6.193767856715787,0.0942961462827214,0.4197991561629315,0.011348162016557951,0.2833586176914519,0.5991448023352883,202091
track_03583,EDM,124.96408292536545,0.8012354770707001,0.991548875205212,-3.75096599368681,0.04385789954377716,0.007132100770394456,0.09970981233108041,0.1741862796208205,0.539934223850729,214032
track_03584,Rock,146.17564297750906,0.6548567017363134,0.9372123374824075,-7.4666830888035385,0.14295495795602586,0.30550486799570103,0.023129475499320793,0.13255594864170242,0.7563242204594194,260402
track_03585,Hip-Hop,86.67912255984508,0.7448644698648683,0.8636957379507224,-3.1821601925131944,0.39293326224877,0.010319124345940666,0.008257310355131697,0.1219056535539155,0.8563195340641913,177798
track_03586,Pop,112.68062582108713,0.6097589271859483,0.7391371155139199,-6.960038746965042,0.06645882298256132,0.16433669396723144,0.038101073119935866,0.10012257876105453,0.675593665558738,257911
track_03587,Pop,120.72786500642987,0.7821494781114569,0.7892551676574614,-3.1391158040394824,0.06072138516110019,0.28392398883554903,0.029092367876711774,0.16442256532512084,0.7452517914146654,225854
track_03588,Classical,71.05559488809484,0.27385061359737695,0.26407743729468147,-26.28745613358588,0.06935547165672118,0.9566070500349582,0.9972355814734326,0.22807457573226111,0.43649246492233973,365657
track_03589,Hip-Hop,85.13105145759326,0.8714346587366073,0.7041640331166128,-6.206177073969904,0.4005889697051001,0.011582368079082417,0.028474064541259492,0.13458927876144042,0.6829711919342227,190085
track_03590,Hip-Hop,86.9499293081676,0.904156038845386,0.7035134296915493,-3.3593352379017363,0.4990130206159345,0.09043793421792985,0.012703554400057271,0.2613890573118567,0.7572349443318696,219831
track_03591,Rock,134.89624674522972,0.5046110548126367,0.749956803777471,-7.652621264811259,0.09652983345023848,0.13884425339345635,0.20278898885493465,0.353282946996754,0.6289358441895624,293584
track_03592,EDM,122.49912994122458,0.8716203747715657,0.8246700316899047,-0.7097879152073592,0.04920517940177899,0.18196179639739307,0.19265081160216527,0.15701845319125826,0.687215086266912,264834
track_03593,Blues,92.75954925173315,0.7999944294735966,0.7402121379096764,-10.192714730650339,0.0538668977308073,0.401453728169529,0.19735701576331055,0.16706809561365832,0.7119340230934067,192103
track_03594,Rock,139.75973673782093,0.536793253167561,0.9090516178256358,-6.460366918275069,0.12981213942909678,0.32231072446500453,0.22792140160190572,0.2255038832973548,0.7335904543584348,245770
track_03595,Jazz,130.2000152356193,0.5432291476758895,0.3358088428129537,-14.460392195025207,0.0972828620593178,0.9757211123722513,0.8678277643079775,0.3905783914031683,0.388762512343583,280224
track_03596,Pop,98.74635165978688,0.6670748123209838,0.8414766535548162,-3.472843460519475,0.06334613343327558,0.35453416958529116,0.014817565300504293,0.1205968270715415,0.849600931241711,222191
track_03597,Pop,116.47089581838014,0.8209733696476095,0.7243189564916948,-7.55726803942977,0.10186049352150164,0.1878257567499008,0.00488488354688279,0.1956115897650764,0.5298436311198452,259964
track_03598,Classical,52.836968771277526,0.27725323981117195,0.2505457205847695,-17.859409009734627,0.060368531714879686,0.9638217599832817,0.9507733089838267,0.23357000578882103,0.35412069484677466,358150
track_03599,Jazz,140.39350386656574,0.5499861214966997,0.3523214317635602,-18.271886920892264,0.06887571634081043,0.602862418107692,0.9946800664161277,0.25962589158180194,0.5267137178758639,343221
track_03600,Pop,121.63977888700103,0.8213962306848014,0.7239065346361149,-7.9395407449460915,0.07654196571991166,0.3579124388288386,0.0318353477435371,0.1107777428425111,0.8715651729494079,232890
track_03601,Rock,139.75023477474966,0.516437340306901,0.9995421053605087,-7.491832218546831,0.14500079020666728,0.33193629757027476,0.12338728610723994,0.1354934238148119,0.4948772361378864,222552
track_03602,Jazz,107.1913868875322,0.6560487415565592,0.41541433851295817,-12.12796943647837,0.043950240830755535,0.6925987044067661,0.7416581219293874,0.21941055168450052,0.36881325900035156,296615
track_03603,Rock,142.21396907001477,0.7194788208901172,0.8540388382446393,-6.1173293612843676,0.10034281140174148,0.24005393181383514,0.08717653992971623,0.29110754164138847,0.4214033583576693,281230
track_03604,Blues,84.03675720697952,0.7850523075973931,0.6466448757466431,-6.248213320466555,0.08359244150121198,0.4282836215936748,0.1607298126120915,0.1182644880106617,0.7624934763039617,257361
track_03605,Blues,87.73587684785939,0.6723633878872038,0.5041758511001937,-7.94695627833265,0.04868898879345644,0.38440211142464636,0.024149706856240096,0.20408654600570336,0.5285477877242061,221204
track_03606,Pop,95.46384453990721,0.7625383893811153,0.799187258570844,-5.334092764323899,0.09950723777705027,0.45183309275089856,0.043488075507768696,0.13577398358710793,0.670852010038232,201658
track_03607,Pop,113.69730824712832,0.7667048053524577,0.6947713739313683,-5.270696470509535,0.05565365027622776,0.4135176373374926,0.0492639973714522,0.1131480804879108,0.8204158920925897,201730
track_03608,EDM,130.8973941661196,0.8752441752656308,0.9327862779697335,-2.406407704795441,0.03531182749963979,0.14168297201610278,0.27999836181341264,0.2883393294544244,0.7373557624682265,222884
track_03609,Blues,86.75908933018808,0.6709079919503894,0.7794739309036436,-6.922660969081372,0.07565650689917736,0.5236286363147606,0.07961969328077548,0.2170402925337955,0.7314993244602772,200257
track_03610,Reggae,91.90880572436268,0.6309901952293971,0.7995074039087404,-5.755022889865945,0.06586913482370181,0.5121304439018545,0.07871019003073401,0.22759563513063766,0.7193420119260049,293112
track_03611,Reggae,80.62272380596771,0.6926206528961952,0.5348461337198483,-9.248327231295384,0.060184255546333686,0.4860497835050217,0.17132423336825642,0.13855707891182137,0.6823217977158869,218276
track_03612,Classical,54.275104758526666,0.2350071777653582,0.36379001618770723,-14.869787979978451,0.07146904537557122,0.8580037672971571,0.9800483517295197,0.30800280413993336,0.20826074255757093,352009
track_03613,Blues,85.36832085516791,0.6615168507100039,0.686773413840664,-6.809435180596026,0.07353305506801655,0.5825488965339521,0.18821056730228378,0.27083198902409955,0.5722410953491612,278114
track_03614,Rock,149.35529984958038,0.7185669145671969,0.9865215636653936,-8.058415285326435,0.10052587654302667,0.3196803811331007,0.21328686683032014,0.10640382982850906,0.7993156653959541,267709
track_03615,Rock,155.84428922637136,0.791046070376455,0.7158824083734686,-3.3805081230623433,0.14984105970717232,0.37287383237064775,0.03251526461834618,0.35221007757515765,0.6559047214540394,201712
track_03616,Metal,157.7019024555091,0.4404050700017278,0.9200575741388257,-5.220574818669952,0.045839758526635355,0.14257676945555078,0.07297822321701901,0.1697622447175579,0.3581977911078137,340103
track_03617,Jazz,94.37658015032676,0.4481030295391513,0.4495076689981686,-5.898784763582375,0.04992376944648953,0.6332366215477785,0.9673953621156175,0.38792918414818467,0.43220289518358995,243542
track_03618,Country,81.76989339486406,0.666938860172339,0.5598181788437471,-9.11439432868354,0.0796369075997577,0.5478021856808474,0.12686185426454683,0.109040332795454,0.542610437768976,244451
track_03619,Reggae,91.39060344524513,0.6779967162620438,0.7235606855861656,-7.914992657208672,0.06288010765653476,0.4306919739338859,0.18264855639359745,0.10801653239212904,0.7073093117552316,276001
track_03620,Pop,99.7688592206091,0.8597348355740853,0.7808157482219427,-5.768728105334016,0.11471271731487555,0.3808953185978867,0.04655226748295219,0.1945179558831132,0.6811892403981544,229113
track_03621,Classical,71.90118257873162,0.1630928556140021,0.28546836886760374,-19.313295047512124,0.07639545172168485,0.8869860264113447,0.9664397208012618,0.3778407676069703,0.4737579031616365,330427
track_03622,Country,88.67167642346412,0.7444031504117864,0.6550789033465338,-5.819500095439185,0.05678733170330977,0.5998122412464053,0.10633882471188072,0.14987368994853975,0.6351143969437023,279846
track_03623,Hip-Hop,88.1246752442631,0.7431113821205613,0.8702348934830272,-4.147700636685164,0.3543030012785145,0.010877858639083882,0.06946162936184068,0.22122036481056928,0.7445271266026957,249442
track_03624,Classical,64.0037638036049,0.11327450217968693,0.3080500458327452,-19.780279852151637,0.039983507399786095,0.8469747565505981,0.9119758213110476,0.2885427491625816,0.3833958500501172,567909
track_03625,Hip-Hop,75.86577767164383,0.929974467309699,0.7487608839247855,-5.457649759289266,0.31445039050544493,0.17970452463986514,0.06028689360667186,0.2166579260061406,0.8550387670432882,246282
track_03626,Blues,95.49514966290745,0.6878885729125226,0.6548383430974689,-7.937188735403978,0.09723944827260611,0.6876668800623567,0.1694665855893717,0.21674574133377164,0.6172203422734824,286477
track_03627,Hip-Hop,81.38722943785174,0.7456174315377035,0.65936780752887,-6.698966507416091,0.3048284134521673,0.21482641042876363,0.03996023422711356,0.10453426637636579,0.6480030177863361,294569
track_03628,Hip-Hop,80.1888395639989,0.7062614521221151,0.8028846904339314,-7.6259755399841325,0.3476530461671926,0.051992391500921664,0.03288724369550854,0.2662598069011719,0.8424949019754577,205589
track_03629,EDM,129.05114799252107,0.7212881535897288,0.8728758219999588,-4.567871497017047,0.04245125447466018,0.05175842013306491,0.11656658899101552,0.2674553179979838,0.5601506685241521,193556
track_03630,EDM,134.36689244950318,0.909459854776258,0.8548934136273587,-4.775532582379004,0.04808292634615652,0.19995942256239246,0.24394113068305334,0.21405249851064867,0.5757755233873684,233106
track_03631,EDM,125.29335063849419,0.7712603544112081,0.8249519712051894,-1.3944053370999998,0.06167785898924996,0.07885698438312001,0.20669776183006355,0.17779085803413913,0.5656309294545456,232824
track_03632,Blues,86.99110816727541,0.7652097695424965,0.7238549337707333,-7.12577083273686,0.09573112655100582,0.4578066970705099,0.027443513427332866,0.12038982063545821,0.7865036228446656,203488
track_03633,Country,100.63906849835708,0.6316799686409689,0.4895516769517554,-4.943481688191017,0.08808387081586491,0.5176514037166484,0.06585341409429478,0.24767465425060498,0.5078504415013801,285591
track_03634,Classical,82.59955981489124,0.17104811734892128,0.1750949713021761,-29.262906958300196,0.051888011237568865,0.9996665824442715,0.9853007480079521,0.2506677865676507,0.5537264034926563,348338
track_03635,Classical,87.82342436979555,0.19715748163565217,0.3835561161033477,-25.104951020451757,0.026477490575323344,0.9859094568649662,0.9213038314211153,0.4247466060626258,0.281549323692846,373023
track_03636,Pop,135.14096157130706,0.8200707948602397,0.8294688952796615,-7.778079523392437,0.08985408131306635,0.4007895910813096,0.005777706668329142,0.2822995586910916,0.597995904746581,254167
track_03637,EDM,133.31938548403267,0.9423086224189126,0.9994261731909067,-1.583594924705598,0.043565243625349116,0.1749398495839466,0.19630449269429617,0.16466583968191273,0.8729458537879544,181074
track_03638,Blues,90.85784110747036,0.7505134589267192,0.5068567308511375,-6.315378695938737,0.09939663546102157,0.6759070965471288,0.16719117989921795,0.22583474946745344,0.5834576366495783,230083
track_03639,Pop,109.32980561342895,0.7669070042099363,0.7244418589269039,-3.2719778733079687,0.05927250804712339,0.10379656343191956,0.00686773768289899,0.13414122830830214,0.6003645870116601,249584
track_03640,Jazz,123.50463929616535,0.5130642503619369,0.5522272763969576,-15.92099210131392,0.09163246709300805,0.5040452215244855,0.9803606411574486,0.42381476633725446,0.46509219190647577,254916
track_03641,Pop,133.22683773226186,0.71788426912256,0.8341488554568475,-4.800227058252421,0.10862368404210729,0.34815629894758243,0.015826839266585246,0.24732383157574003,0.5921018123534659,193460
track_03642,Country,112.8346882899372,0.6005915857548505,0.44496546064131104,-7.520556546832643,0.05171965806178627,0.43366662451252647,0.16476564573197172,0.19971651128691656,0.6039068816814261,267619
track_03643,Reggae,94.94634369536219,0.6221508570712085,0.5252574201207253,-8.48743807337067,0.042980684141504015,0.6499566439906442,0.18561907617551568,0.1134612822846612,0.5141854168011258,234931
track_03644,Hip-Hop,77.375719354753,0.9211622743494032,0.6203347022138863,-7.816453232921759,0.30060467223006604,0.20512334748985642,0.04559200872226682,0.12056353884582016,0.8424834090622244,246724
track_03645,EDM,121.53690117094156,0.8091817932701786,0.938003977772693,-3.4519035471993167,0.03301908315539241,0.03947799581691876,0.04942068586227096,0.22638855782526857,0.5274195948891528,242131
track_03646,Reggae,92.40032782006696,0.7703885720437573,0.5069049774063596,-7.622516062060532,0.06365481483746599,0.5663802724573161,0.03958350915900735,0.14773187092573756,0.6760561420030403,262109
track_03647,Pop,113.64700008428952,0.6188165199637049,0.6069640828493736,-7.762441342828428,0.10290444127357967,0.27796958290684737,0.04221984576006223,0.16104302081487634,0.8101286951860989,209364
track_03648,Blues,84.49556536966195,0.7900492748031049,0.6659218637870065,-5.494893001722071,0.08134210618671274,0.6705725459740502,0.06356525687209601,0.11810675167383144,0.7406725294694296,289073
track_03649,Hip-Hop,82.86769985791689,0.9212198840731907,0.899042125440758,-6.5653230719325855,0.5229340219120024,0.09171879919066635,0.0766472670713606,0.12505680296004915,0.6344679735098263,168595
track_03650,Classical,56.99849724107705,0.19837938404805755,0.3104501658261245,-22.42767823356527,0.05688301550014076,0.9138173524504863,0.9294596517417371,0.3460334563702965,0.22760761719966294,481189
track_03651,Rock,135.31811774890406,0.6541619744349509,0.9213080997870756,-6.8342347761438464,0.10752306256499382,0.25972629060057456,0.23555363239120264,0.2543365795767212,0.532643605642758,281395
track_03652,Hip-Hop,84.79231985577513,0.7040899348773461,0.7930152325841551,-3.93942144849221,0.46552868900305,0.06372459025414696,0.048227802735606534,0.18002549004910143,0.8898744295375703,289310
track_03653,Country,87.4688720427749,0.5704670540274627,0.4985775694451743,-7.9837228959158155,0.07341090875719952,0.5886352326745127,0.10457839934362073,0.27170831516230165,0.7537015539145184,282229
track_03654,Country,91.04350409652533,0.5018608971380434,0.47839764755331815,-6.707189640393511,0.09587126536565277,0.6039370540397617,0.0913177572563697,0.1260282661015366,0.6479646064272357,250517
track_03655,Pop,125.3664051148822,0.7198006450805919,0.6010059868725383,-3.310767104979565,0.06047518469944156,0.15945364638227813,0.0409182900768981,0.167100566196335,0.6312701226473058,185553
track_03656,Jazz,104.37848850397086,0.4177115958824126,0.3710885177295653,-19.200932548801354,0.057490579703506156,0.9349650792397295,0.9727997633295943,0.2928310084187006,0.3750346785160578,334831
track_03657,Country,93.28212677683314,0.7370309454438526,0.6430510499609887,-5.892755990807913,0.08042755405770181,0.41428966260350536,0.11367787339730905,0.2882113819843459,0.5117330550177527,183829
track_03658,Country,108.74808515886218,0.731339324361666,0.5320320060172861,-9.230009043982598,0.041970244076456956,0.43362517517793797,0.13610077673858187,0.21093741767907803,0.666993343219618,264622
track_03659,Blues,87.68559434234325,0.7592198134824175,0.7550410667370203,-10.45734129943634,0.04574702953152977,0.6391815129389006,0.1298734875044214,0.13157108727973627,0.6673150355452258,293646
track_03660,Pop,107.62438105830667,0.8082002991501576,0.7460598224470787,-4.171853383123587,0.11995083679004283,0.2607391750157133,0.03529051125659317,0.1754323210573646,0.6408231543332483,220190
track_03661,Hip-Hop,80.02611522826376,0.8008789994792512,0.8389662958582544,-2.3600112856685405,0.4843284386166209,0.11826411281258532,0.025198239159516522,0.18440473962800463,0.7262617911212886,245369
track_03662,Jazz,122.94050812489581,0.4930007478639733,0.5259963862706332,-8.559058605891137,0.0536746430335969,0.8068277349693416,0.7765086410236633,0.43696581558077346,0.36152388099316557,333306
track_03663,Reggae,83.05953935813815,0.7113498048837552,0.5867103293275069,-9.226879733209312,0.08158945350246222,0.6983792466366952,0.12894631876455762,0.15529598071120473,0.5271396621507713,206613
track_03664,Rock,134.11013193198195,0.5057932056660166,0.8394264205580072,-5.380113630121094,0.09141551717550128,0.35958469062508436,0.14821502606409678,0.23871401821483526,0.5238708720544495,256159
track_03665,EDM,130.5611432738269,0.7430861159541661,0.9534126358086121,-1.3255992665127776,0.06369608630810467,0.09249021509912954,0.26772643746911073,0.24373486898282298,0.5684501350995221,286723
track_03666,Classical,87.32903439573796,0.2915026974890612,0.16662886237880606,-27.568760626165133,0.0764681625765159,0.9660873832723167,0.976487041929168,0.23142371268169448,0.5230116854704663,363286
track_03667,Country,110.45901898158183,0.6953872222349815,0.40672707521404766,-5.0485111436239505,0.07466840461161692,0.44000451949533764,0.12349551187670066,0.2635788434775054,0.6806335612051282,185334
track_03668,Pop,116.59353926018136,0.641352194190778,0.6849729993811455,-6.995095339776072,0.051675762660234215,0.16072559542686646,0.04415389804588363,0.10240745650054323,0.8095401214376383,234197
track_03669,EDM,130.2828164610229,0.8300134582036346,0.8270038969443375,-2.6408461789337463,0.051529386469430505,0.12491475968795601,0.13676764900090063,0.1293286882291552,0.5601450483796027,222805
track_03670,Classical,84.56637380598495,0.2314088548145402,0.38077534122653156,-23.037013047060732,0.041344370830189145,0.9476604941204531,0.9530590931521085,0.3286518318862224,0.525523275382601,492641
track_03671,Classical,39.68761257017195,0.2429216660056798,0.2860917005785644,-23.13243650910149,0.04977825206328863,0.9072166226391819,0.9917548607636587,0.494508302680016,0.5262171205980499,326874
track_03672,Reggae,91.38446611928191,0.751923285690118,0.6202839732836845,-9.40760664475505,0.08298792264375787,0.5432476940012275,0.12011966478935157,0.12482230549897133,0.6854851340886345,212412
track_03673,Reggae,95.82694817347493,0.6328179203108166,0.7152667656973217,-6.521030510757532,0.07566880578077118,0.3990230114476252,0.010306505646839237,0.18158902231999002,0.7542335662697032,191110
track_03674,Reggae,85.20257080050624,0.7600647654307348,0.7580493311611336,-5.12413919499642,0.046942889700620515,0.5105804464362527,0.015431165307938111,0.13128152519276992,0.552348157371909,193927
track_03675,Metal,162.74273930359413,0.46444513640405427,0.8173437545087145,-4.458329245498582,0.037117320969108955,0.018536204617273455,0.059754232920846896,0.11925920240325441,0.378055800383513,308706
track_03676,Metal,154.45867990596338,0.4682712620209269,0.8336004601726761,-5.044932403792256,0.07274857839943435,0.03338697974538656,0.009148293353602366,0.14896417003343745,0.47292792055833766,275847
track_03677,Classical,73.87325620397745,0.11579949444251883,0.2974817799149845,-16.566074304554004,0.03016363534159274,0.9192636468170862,0.9606971427961234,0.3433934439062162,0.5812983230115496,338148
track_03678,Reggae,82.42021523154868,0.662583795795777,0.6199359883731324,-11.609226944266274,0.08307886619477255,0.5158017595656927,0.1827982882642203,0.19283736798599654,0.7485204595082195,199644
track_03679,Blues,95.67123529818481,0.7111404631390543,0.6952584881341094,-7.423628294457973,0.05529231167845802,0.39858590582767395,0.07405647900463064,0.1483916921073388,0.7048424233456001,273357
track_03680,Country,85.21176748276775,0.6207827985591945,0.5200650674494464,-5.49418620196003,0.06985704182754252,0.6895852443865662,0.07516720226384783,0.10857510617140534,0.6767913718176378,244450
track_03681,EDM,132.307079205506,0.7254566202345887,0.9337186265989517,-0.571075738236555,0.04171721902228881,0.02713751926305761,0.1369934213934594,0.2922668452655235,0.7533847702013282,289758
track_03682,EDM,127.94540018974507,0.9340001383265504,0.9464490622874518,-2.5282336232941676,0.06269645395206572,0.19957570778706496,0.13411299173891325,0.1747024814132898,0.7428144395219466,212289
track_03683,Metal,156.330624951254,0.5428920648968804,0.8431383204786849,-5.231390768354375,0.0513806278496913,0.0767452980315003,0.19604118818067032,0.19125030580533015,0.558283902930826,291961
track_03684,Classical,58.314347958839235,0.20678259455840542,0.33436516012692036,-24.978817063926588,0.05009205613795174,0.8146548492829575,0.9838496970328935,0.30506959113187865,0.4328831473707826,584284
track_03685,Pop,96.09635502222261,0.7226254877133549,0.8290744367891448,-6.301241856520943,0.05212652358409097,0.17137480249631054,0.03607485382867369,0.21817172126290224,0.8806939214964742,212731
track_03686,Hip-Hop,76.36680017795115,0.7826492015165121,0.6259479227378463,-2.477048552598368,0.5629498705236525,0.2904266040749179,0.06434682950503604,0.26140977273140653,0.7447475007998017,177967
track_03687,Hip-Hop,87.41297872336663,0.8833192020726044,0.8681732767181832,-2.4275349462787235,0.43358619044687374,0.08484639202537742,0.05117855493880601,0.11861323966319448,0.8752641846100255,268703
track_03688,Metal,165.8334553861226,0.466176314620759,0.8972260694893623,-3.9003957910957916,0.07584493483091423,0.00190287217542906,0.010697925205383063,0.1985024931005297,0.3991530245412579,296332
track_03689,Pop,106.04030746380184,0.6660240297259568,0.6954658898870918,-4.9418182134792055,0.11834165553569295,0.41355787756316686,0.027915175836495477,0.1098772434829794,0.7067359655121721,240738
track_03690,Metal,165.76328822881155,0.441306203529393,0.8445333335561465,-3.4144344647434313,0.07947666118378184,0.058585371936616,0.12351986474656021,0.23879673281398942,0.3641786383035831,262373
track_03691,Hip-Hop,92.56773921055711,0.9418476747623711,0.7020157832494373,-4.286558455243004,0.3971195229170651,0.13301567550866084,0.0020825523039357365,0.11486997631150841,0.8190114918109637,215291
track_03692,Pop,114.25005488473192,0.7549502418171274,0.6375319881529864,-5.166539877793716,0.10091145797589213,0.31402326860650087,0.04518498913442405,0.13111392486712756,0.6975813893001996,235695
track_03693,Reggae,90.94872531360033,0.724842778444284,0.633037985799644,-8.4411489743351,0.08334069782185287,0.33133850897086237,0.12306711506931939,0.11764349358903887,0.7565230357856183,263899
track_03694,Classical,89.52530657111384,0.23523581889301917,0.36912722822583854,-22.359615721740226,0.03878540436261667,0.9825931418371692,0.9047533269830162,0.34387864695667403,0.3834506242426332,559080
track_03695,EDM,128.43169329535374,0.7884934745111846,0.8205931891644903,-4.876925320107658,0.040496741827939574,0.021336806981790614,0.28209857459294035,0.14895225754305833,0.5376527720742597,212678
track_03696,Blues,87.89908089133876,0.6828504186083142,0.7530998021249232,-6.130983219642641,0.09954284514490447,0.621531172642136,0.04283036852062519,0.2172896775841861,0.6578750235870099,226897
track_03697,Jazz,101.80358604663884,0.6399361574282383,0.40691790528989225,-17.238212855575682,0.0553750695502357,0.5174744901952351,0.7271868948680155,0.3777874206158376,0.6464871312377822,337335
track_03698,Classical,68.11067746061033,0.22521162845994452,0.3429199303687853,-22.864621790838612,0.05925884422108005,0.8700864851581909,0.9642715354772069,0.26528231604177444,0.5911358617081679,325315
track_03699,Reggae,87.35546518306934,0.7449642839767019,0.6082257251058801,-11.180654841993753,0.08310712610491791,0.550422881499048,0.022595231342655443,0.284872882314686,0.5926762444367364,205499
track_03700,Hip-Hop,93.09366761522696,0.8507039555012824,0.6552999536165053,-3.7774105087951932,0.5469785233285469,0.09919594426754245,0.05565952128107126,0.1586899940566274,0.5320246870882345,295946
track_03701,Reggae,85.77934278760027,0.7821581786949471,0.6455837883785528,-9.776141500380504,0.05678115143696768,0.6756268459921604,0.15171619812185463,0.1699798193684044,0.5762505334015942,215026
track_03702,Metal,173.0788146702178,0.49003341848662335,0.8899765046104482,-2.1325322656059655,0.07130699934105283,0.040840074437133424,0.13543582948755115,0.13798150135350123,0.33719947825046537,348916
track_03703,Pop,110.18331375163507,0.6390972023363907,0.7175729723428639,-3.401963387378048,0.0684839017098571,0.31674085229971594,0.02057293685463825,0.1672018821680954,0.7288610765054299,216866
track_03704,EDM,125.0269907669497,0.7898416502210002,0.9701126593132083,-4.734139461252374,0.033409535806692314,0.1981562519933476,0.22430487361535373,0.26078578068601965,0.7410804300555189,220754
track_03705,Country,92.44999133184473,0.6894422920755408,0.5622229141431548,-4.259608656771446,0.07462326803953548,0.44550776115353535,0.09551002299560934,0.11156444984386422,0.7236288677875614,182004
track_03706,Metal,162.3947654101825,0.49910477705967426,0.88821513648115,-3.6808703340367037,0.038798332122278206,0.15594099941994286,0.17319267649735448,0.26545633218494374,0.4641293843929549,195289
track_03707,Classical,71.48750087184156,0.24064707727730278,0.18806586326067887,-26.186122026910944,0.057456188071803055,0.8965601049604897,0.9668782724413272,0.2335098996387098,0.2543654204192255,320946
track_03708,Metal,161.2443369604736,0.3776280862886625,0.9238677262185342,-4.16229735318906,0.06419853930739419,0.15375968042113797,0.037433514043836345,0.2839647670830122,0.536147952085971,226311
track_03709,Classical,76.50591417602068,0.20401796910422026,0.35088681523305254,-17.973014197322456,0.05543656073796781,0.876829690659146,0.9789602920890147,0.4049274989198134,0.33550073927608176,484832
track_03710,Country,93.86752077804059,0.5472833280689813,0.6276365026457388,-5.987582295188618,0.05280788820681363,0.41373497954899985,0.03648872476870353,0.2383358685226222,0.7970494680010931,239571
track_03711,Rock,140.03082237126725,0.5177468829933871,0.7582507802163547,-8.476455842976131,0.12215891715667444,0.16093762413834592,0.16857517637717015,0.29576260963380707,0.7095429487326887,204503
track_03712,EDM,133.86603721455936,0.9206195568993759,0.8346256989437101,-1.62616213621686,0.04645166435544776,0.194403634630289,0.05543178934177637,0.1817589346016162,0.7559105296174965,267320
track_03713,Blues,86.7901726704588,0.761251309241883,0.7574892649620673,-10.669595368701746,0.061053706199197005,0.404432270651838,0.07487166597370874,0.1893808317630724,0.6529906238141097,216452
track_03714,Blues,95.87889062849283,0.6243795529829954,0.512240588639456,-6.555425941205102,0.05982598875004244,0.6724978786296543,0.12342943620010449,0.18725677823363257,0.6693394760452138,222259
track_03715,Jazz,119.85356704052701,0.6042371722401629,0.5724654516512633,-19.5226495389289,0.07608153869151923,0.7701778707403099,0.7172220403918959,0.40790832344906763,0.3883129521929354,404583
track_03716,Reggae,90.95482894350125,0.7800397803822594,0.793994714550956,-5.201354953703806,0.05378173076831368,0.4987581446247505,0.05189480517100229,0.1735965564734094,0.5095052316624641,255956
track_03717,Rock,135.640565845382,0.5384165874395502,0.8515876089713936,-8.787848448435291,0.07388945933689149,0.24753008717271008,0.2843396217419768,0.28740792602743037,0.5487560724235575,273076
track_03718,Blues,77.72511835414846,0.6315207760739157,0.7039016801123014,-5.595593307338014,0.048579202289972284,0.32948184713752676,0.18692744136436476,0.12346538877316389,0.5751100759297049,267156
track_03719,Metal,147.89952015785306,0.3009988075968497,0.969065783274246,-1.823437159052184,0.06309181545043993,0.17978818496656024,0.054577321667355363,0.1441260561259154,0.32055624012465983,321014
track_03720,Reggae,82.91603316472637,0.7313591800575785,0.6376223291689076,-10.09674812578403,0.08161268749977776,0.5672851229,0.17129902162470603,0.2757738470373008,0.6685458359147715,227438
track_03721,Rock,138.5212986944268,0.5077979028029759,0.7089170409528269,-7.541955227546866,0.11594786640879759,0.1993155443050154,0.002318976821697094,0.35457130879243903,0.7874929726179343,289355
track_03722,Pop,125.25420092267845,0.6936856405580224,0.6634404631171593,-3.8004255667699214,0.11063741116194503,0.21355725641246331,0.0051035576813768194,0.14104038941173988,0.5706273595676236,216941
track_03723,Pop,135.1548751530908,0.6786235063962073,0.8243447202440756,-5.576001348192445,0.07836128821244377,0.33758149728415154,0.008381187321215289,0.12131708122710666,0.638616148351366,250455
track_03724,Reggae,88.26020265187954,0.6203716328406084,0.603429172943872,-7.4842003607388135,0.07113447453667064,0.39715027121105534,0.15345181052853135,0.12629614587594581,0.5684587925374104,273441
track_03725,Classical,53.93763832757489,0.21526675667903028,0.22780041284416605,-22.544016367195468,0.031013836646302823,0.9123506090377592,0.9729315981206815,0.37138391129166043,0.22769066729280962,345326
track_03726,Classical,75.01534106557747,0.28174617440326666,0.15802550141153765,-23.610969965745014,0.04120447878385661,0.8573644090243644,0.9853243793166929,0.2989797217629125,0.5266953676340764,343224
track_03727,Metal,155.5628908797484,0.5133757180238587,0.9067846893982147,-2.067411080582957,0.037654869732312087,0.1276269185291808,0.15473335466834692,0.252246267081328,0.5890779016811345,183157
track_03728,Rock,149.8272773053727,0.7454642921964363,0.7926521997374748,-9.871836325762088,0.1497658362774159,0.30500319564967293,0.12771825674090848,0.18653671720937426,0.4017697753975611,275380
track_03729,Rock,151.6807306436327,0.5560998066592506,0.72879126105309,-5.446786278484765,0.08998729428539283,0.3627057700222348,0.1599798070777145,0.23344636594065218,0.595211121932407,195475
track_03730,Reggae,93.57570529368392,0.7200711101566333,0.5698217337985593,-6.605583116417205,0.07864015603898007,0.5286418377149075,0.16504543159306598,0.20005460616698978,0.5809555221037054,216411
track_03731,Hip-Hop,81.91364192137304,0.9284964446530107,0.886405254754612,-3.8892541297402197,0.37748329191585805,0.23616192823572912,0.07308464835363614,0.21491805942788844,0.5680957986513566,180207
track_03732,Pop,115.51293685783779,0.6511721728505304,0.6556321928814515,-6.9459997518386825,0.07240219373168055,0.1538420138075346,0.04046710874875081,0.1441351194584427,0.6666275980573501,201023
track_03733,Rock,130.04240849882845,0.5431126695211832,0.8594444420358295,-3.0509302997628307,0.03827794981735718,0.17916861573136117,0.16158428551018844,0.3380083847676067,0.40750444799695756,190466
track_03734,Reggae,100.75333674142672,0.6577463301120453,0.5963079709500361,-11.293863401970027,0.08646458735608073,0.4102761084484555,0.09618589391268594,0.28577946090576645,0.7256647190974811,195108
track_03735,Country,89.97483747676085,0.7052151906350632,0.5580226362951124,-5.050698109411508,0.0447809816974651,0.4391024539768509,0.1377937538785322,0.11167950532003652,0.5731957836651174,275525
track_03736,Jazz,125.00367898056028,0.4455194319771781,0.5790265523840992,-17.34756194663239,0.047159034022690303,0.5963391044933912,0.931414518028034,0.4668587704948643,0.6243653825985698,266315
track_03737,Country,102.73493601100785,0.6883320630623444,0.5815814334025865,-5.618340982492285,0.09006371842446911,0.563644753042281,0.18946487230559997,0.23884753010769266,0.6415946255726988,220072
track_03738,EDM,125.69837885407972,0.9192447460259623,0.9842589402652818,-0.1789189570604508,0.05722009771495648,0.1542033009591739,0.25073542657278874,0.2317844118241329,0.6320972418810117,244121
track_03739,Metal,147.62102837745775,0.4676547885598925,0.9579868904587563,-1.9374732885731358,0.06254125090919598,0.156661234392073,0.09444712923822884,0.21013116901447249,0.5638820938326703,346036
track_03740,Rock,144.9188919518128,0.6820795491731072,0.9899156156115068,-3.6921344969174577,0.03365975257011384,0.24428614677503377,0.0988407894140843,0.25318139870194034,0.642485475948686,248116
track_03741,EDM,129.40096346562368,0.7819821543842667,0.9701371744649521,-1.8745981086150119,0.06143112680006916,0.19846195533153377,0.03908292259765018,0.2499192967593074,0.8030684036472887,288916
track_03742,Blues,96.27231801902334,0.6834073624135039,0.7731429089672521,-8.230907526022325,0.06122365969513603,0.5875751943335437,0.1239341236375055,0.1612820100573183,0.5893786394243647,237688
track_03743,EDM,127.867336952732,0.7065721183698996,0.9947330120113854,-2.551941176986754,0.05600543908007355,0.0398578431261114,0.08919919962080199,0.19685689937074324,0.8424756811380358,289575
track_03744,Reggae,95.92475535493527,0.6877175104325111,0.7431159382597002,-10.295071255433136,0.09161112660613116,0.5155317578259709,0.1800116315346273,0.14032250621115183,0.7808189228007278,225246
track_03745,Rock,135.72653814206672,0.6582814990497716,0.8643158713964811,-3.5139698796734162,0.07655108104482124,0.2711853860724921,0.22218520333952152,0.2825549314363994,0.4624695513504141,185536
track_03746,Jazz,119.34651277724777,0.646889356087907,0.48755250249295445,-11.913743503950935,0.05374656293079289,0.8931840846722043,0.9414859268526248,0.3448825603629554,0.4556675899428835,270299
track_03747,Reggae,84.09554482254656,0.6574594336846933,0.588776278781447,-7.633187568370721,0.0873100297417852,0.6985154443157333,0.019179446775916098,0.2877333581321059,0.6684578275030885,254421
track_03748,Reggae,90.90054454736087,0.6742006410428506,0.7898573276602638,-11.341891147944908,0.07142247063488524,0.502697831935155,0.12130954777623273,0.166158522969258,0.7777754266015375,228146
track_03749,Metal,156.01154144544137,0.3743915504217299,0.9819584581089822,-4.069798575469773,0.030435833842043375,0.14423713029055432,0.1034024011833898,0.25482627910558375,0.4710883692959642,222453
track_03750,Metal,166.1449770031479,0.3495420412716961,0.9480962170152912,-5.293356641863114,0.07162468499367981,0.1362032521454025,0.07717805777048409,0.17176688878051669,0.3446841190667759,182668
track_03751,Pop,131.05432420691173,0.7585657534819509,0.7579895391991874,-5.648922704687564,0.08900082387380984,0.1756600161420226,0.0027698177813027082,0.17118474335229886,0.6863447799008462,202900
track_03752,Pop,107.23614885784933,0.802449422822045,0.6516965477797867,-3.641801957863164,0.07993486863046778,0.4723147962256229,0.013563419421561019,0.19311847773433408,0.8112644745978939,259859
track_03753,Classical,68.53797490947774,0.11354604859420536,0.2577547837218944,-26.527615010368848,0.05273245712800599,0.8708427143749631,0.9907412020674753,0.4849050281913361,0.5919136452274079,352473
track_03754,Hip-Hop,85.10812932662074,0.805066321763938,0.6309063048053096,-2.8971952068563276,0.43687775874538526,0.16834014909538822,0.031352333077721284,0.20477458787351782,0.8127009240719775,189401
track_03755,Rock,139.97338406672642,0.658909919947999,0.7158178063551824,-7.274320359036968,0.14065251876476528,0.20514286144082722,0.22983355024520472,0.39327982426588626,0.45073944572154556,217299
track_03756,Rock,142.9908159494357,0.6043587948554178,0.7937294034005142,-3.958463608569991,0.13478822481805455,0.21954442084569376,0.002676841524469353,0.1559696864199976,0.7637185312898235,208630
track_03757,EDM,132.1111723696085,0.9455527043430755,0.841010258364052,-4.240163053161984,0.044138872387850595,0.09277793355858188,0.24241958489580873,0.25492136426899337,0.86906643753496,212105
track_03758,Rock,139.94955427509382,0.6640117289992999,0.7398786209948871,-6.876281338511952,0.045322886654783276,0.12648915090000862,0.17688503095543434,0.3868636335393769,0.7350447333336239,294604
track_03759,Rock,146.0429979745935,0.7130785817343781,0.8656997374300897,-9.85341284757286,0.12854356357539642,0.2657390895359964,0.18820213062640478,0.1196940047661221,0.7259400194421535,297579
track_03760,Hip-Hop,83.02355309659733,0.862255827120211,0.7396386702241513,-2.411719468502202,0.34828197301860075,0.21360352455202875,0.06816024648068017,0.2967083157043009,0.7259648506473755,251961
track_03761,Blues,95.94411657069115,0.6898158689934817,0.5608088742039766,-7.875573820759959,0.07400194356048177,0.5097789914083394,0.01811122242213963,0.2854050985512462,0.677676591110431,243123
track_03762,Pop,99.65131891143878,0.7559262462424148,0.775155999731101,-6.762665930917262,0.09261394332259315,0.20406114423392419,0.04933304339423052,0.24647805416760155,0.741063258122143,251617
track_03763,Pop,121.4049454926157,0.8334075594142167,0.6794498987692086,-6.358682153537205,0.0877218772711825,0.21146321605186263,0.005650656569489049,0.1922243768754186,0.5007696707532258,249184
track_03764,Jazz,132.1742613303147,0.5241968179114616,0.3047025685427692,-9.661389170480632,0.0897682727684952,0.542615155493674,0.8324852512731906,0.24877845618411626,0.5443751145718433,331811
track_03765,Rock,124.67570508216984,0.5084406237447248,0.9704385201504859,-3.100343411658571,0.12693439724040612,0.37451174908449025,0.03628723303976054,0.13860256189377454,0.7518424932457662,226418
track_03766,Hip-Hop,92.51753160162262,0.8087002122648126,0.6759390610833035,-3.862390284673512,0.4645592728072264,0.2372963157745788,0.04586125752236522,0.10096168630887913,0.5860785922157983,199792
track_03767,Pop,115.19215511427126,0.6018972223362288,0.7072582193101276,-7.517140289410674,0.05815176487107864,0.20196036481633262,0.01906836003990896,0.19631991658021392,0.567928026237928,239431
track_03768,Hip-Hop,87.15039692909488,0.7167791345651064,0.629055347364949,-7.108313823879188,0.5696782761752776,0.12823302795220273,0.09160493395995209,0.26349589455242484,0.8351530485031392,268622
track_03769,Country,110.71960424559116,0.7494471781946797,0.42801814519969417,-9.889948246262872,0.04601389454691254,0.5402410723526787,0.11435918235108487,0.29469698236416264,0.7665391076064565,291455
track_03770,Blues,89.51796676765677,0.6123840486432818,0.5753956220775033,-10.102165102896297,0.0699173252528993,0.47548900688191,0.09474268302976903,0.22320790084178052,0.5692884293748631,180749
track_03771,Rock,143.11609441820028,0.5181989881804399,0.9883154949702461,-5.148520484121137,0.048204557050441396,0.39074032950292026,0.10962220297488992,0.39535302395943117,0.4413102517573154,294176
track_03772,Jazz,133.22168898411988,0.658132940510108,0.4383605987328517,-11.230437492725667,0.050886805560581165,0.6781156628123683,0.978761495468296,0.2942736486179296,0.4002244260121952,407400
track_03773,EDM,128.90865472457492,0.86500819969564,0.9283160959455388,-2.3008533856581863,0.049638851905181205,0.014428183522327755,0.2522085993870519,0.20261615177463493,0.5527658677268626,247508
track_03774,Pop,106.3673551867903,0.6897682350418489,0.8262928546305309,-4.804212520943397,0.11438056725953835,0.4644904136014537,0.0031705341242844968,0.29100186498567293,0.5204711836245023,257700
track_03775,Country,117.04324515760631,0.6783160156549548,0.663763381228519,-6.297972666032459,0.05977798976469251,0.43356680289543204,0.15784186117897572,0.12565869849416103,0.7179097583597729,185826
track_03776,Hip-Hop,96.99908749893386,0.8943466800932509,0.6605420744709366,-7.652855287237939,0.3239692835684261,0.09576877191222506,0.0223171703123526,0.1447780310525716,0.6834083879400209,295484
track_03777,Metal,163.57267771661046,0.3117291659793854,0.9150157089410784,-2.26397718519614,0.07708515673531675,0.11409036940377473,0.1588401356514767,0.24100774350889878,0.38424086656427453,196965
track_03778,Reggae,93.54094918361399,0.7409257229431053,0.5474723128239103,-9.789421761685306,0.07139472438869457,0.34501864251216785,0.09569860932578458,0.18906403166798225,0.5695769985275938,226210
track_03779,Rock,147.30485702824424,0.7488104553854891,0.86180554050347,-9.927328986882177,0.11123317550483293,0.34407472990538046,0.08296308836879222,0.11625946866468023,0.6071807912430194,224837
track_03780,Rock,126.7944176060128,0.7696533026159185,0.7534785785179239,-5.7813770132156685,0.08091705625249962,0.12629510785275525,0.21774810280089654,0.12134416511743158,0.6808925957722183,287212
track_03781,Country,109.53799539871879,0.5326805885339098,0.4586112203540418,-6.151040190429824,0.052095262892025325,0.54292692137047,0.16720054165594642,0.12759663427685797,0.6858957565714119,244048
track_03782,Hip-Hop,87.86559950574505,0.7392259919223685,0.7417288163155469,-4.034692307349635,0.5634206055702473,0.0178716463308192,0.036235493668013784,0.22319064900077576,0.5062469761438585,240006
track_03783,Classical,62.37103969294208,0.11689894791693214,0.2879785973244637,-24.998944130232125,0.062099245590632096,0.9800349743474047,0.9527859073900243,0.3797431577469517,0.405762375940394,554622
track_03784,Rock,152.95086633543735,0.532702395860213,0.8481654682789977,-8.947509815803022,0.08065375124542058,0.11864878979344481,0.2570677798225707,0.10395402589177535,0.7757292557781319,211340
track_03785,Classical,70.90163101968614,0.25989340253743526,0.3206292233800824,-12.685579381987143,0.0781258507638948,0.804463311411105,0.9027869771375671,0.37832668968102434,0.5816981402412774,548637
track_03786,Metal,165.5086381191301,0.3279786134538972,0.9874432347688857,-5.0739441471855224,0.07463184082360319,0.194184144217072,0.1755674926321391,0.23542675556178408,0.5230655459469271,343837
track_03787,Country,97.86548931863737,0.5420945068541965,0.6663474293004747,-9.229332746891538,0.08171415694759698,0.45484411266284175,0.09978657927332257,0.14104140214374797,0.5999496313305119,202903
track_03788,Hip-Hop,84.68383187710327,0.7907587624266785,0.6791901410352257,-4.770568026655129,0.31842482471147365,0.22873921424775207,0.010652733376272384,0.15428040518212358,0.813096602088419,177220
track_03789,Hip-Hop,87.91635829828245,0.8544094542969469,0.8137972462204233,-3.2463987648647183,0.36667389665584543,0.17428917540376895,0.030905671603018915,0.14989907584506107,0.5769825660342218,242064
track_03790,Blues,91.10065401864266,0.7751778128376892,0.6285757838425579,-9.389706998614429,0.08123841412603547,0.6121436967409402,0.05066386733447932,0.15945817684220734,0.6600179957452852,262622
track_03791,Reggae,90.76922610378945,0.6600951464647041,0.6250750545396355,-6.688394059886323,0.09284278596672343,0.6513552697005452,0.07890217413224959,0.2897109906137155,0.6960526628793985,181270
track_03792,Pop,114.60893688635508,0.7506768463394282,0.8423950885117049,-7.400838520407733,0.0857113947804705,0.32561797738801745,0.0011246459190419667,0.1823984849608677,0.8131208501554565,196284
track_03793,Pop,117.8732796323707,0.6050481002132895,0.8416628500251103,-5.034446531929797,0.09171140856051249,0.4637045578672402,0.0331904417151708,0.19586423663777824,0.5429141337497211,223207
track_03794,EDM,131.69097720917793,0.7780343284429747,0.9071473764930662,-3.75227221028742,0.0578345991642491,0.19503379043678715,0.2405820703942222,0.22381909637751338,0.7270026134968404,288064
track_03795,Jazz,134.5515110165183,0.5439090529227124,0.392380638296684,-17.53666422230197,0.08466815289237664,0.7981115464956483,0.727706201043188,0.3774919768827776,0.36378034168781664,370257
track_03796,Country,97.46303968489053,0.5938848001131958,0.6144152694106464,-8.223275617239844,0.0811202004432276,0.6667728135660176,0.06721460234274237,0.1270682200491538,0.6915663052905928,242785
track_03797,Metal,154.89037274520135,0.3843591043526149,0.9119773297379828,-3.9326531887198,0.07791332531995115,0.1695370389307666,0.18435806950375694,0.2281393127504124,0.3656747123651911,204821
track_03798,Hip-Hop,86.90130984682135,0.7522421035273622,0.6445312210873921,-4.788990175882709,0.31403653986308927,0.18600450021826803,0.04529307983390647,0.22808239288294668,0.6135747614131002,217323
track_03799,Reggae,90.25196977287915,0.7093194424287853,0.7827665486949891,-11.702753118202198,0.09198360282259396,0.5207604287952721,0.11092563385322912,0.16406606423698672,0.6930860572282219,267205
track_03800,Classical,46.31946073939078,0.16848970083787138,0.13690497579501407,-11.413862814499986,0.04937714264785647,0.8793017992555245,0.9577792061239123,0.23196779642932072,0.3236815277497936,552208
track_03801,Country,96.21541686985994,0.709179588613264,0.41880227764723554,-5.383771873101516,0.03586369240519348,0.5404979928397392,0.18751472834869126,0.11553561389752037,0.6051986388638777,212367
track_03802,EDM,133.3971867347869,0.7556132921938921,0.9147172724196422,-0.5289556157945992,0.04924430689757259,0.15466024176339413,0.27276811154368497,0.1378799307212415,0.6953243544488024,225855
track_03803,Country,88.28669040411249,0.6550175691122468,0.5495948935026548,-9.444460283758325,0.09675924033529919,0.6504267320841913,0.014204825583202886,0.2862535875761873,0.7750033482931387,213172
track_03804,EDM,129.07106555016435,0.8665245689479242,0.8692757974600918,-1.0203079158599095,0.06553649986479125,0.16750282985254802,0.14534206919395598,0.11679032217396411,0.6486844423173718,255253
track_03805,Hip-Hop,88.5492488975904,0.8237547372297314,0.713015777130433,-2.420226041903982,0.3578898525204165,0.14624347294567774,0.057349517985333956,0.16438840735165158,0.7821189756652256,279465
track_03806,Jazz,100.64184017663963,0.5236000549975312,0.46467433597446295,-15.390721589964446,0.06701323560794409,0.6044448631332275,0.9279660424314883,0.3475735363325285,0.5188626212844315,410672
track_03807,EDM,123.15006797851538,0.8634201582211901,0.818804228920811,-2.116033418151267,0.05857560164554011,0.08230149276571008,0.27327081805732134,0.13040640892406472,0.5683833885608243,212955
track_03808,Hip-Hop,86.29286468047695,0.8517461686053412,0.7677954026848791,-3.0642455104112685,0.5437853441241567,0.1251433717814577,0.06358460481306218,0.12056584890533735,0.5363090713073401,197003
track_03809,Hip-Hop,86.39023486142152,0.8673041056618985,0.6473019936238503,-5.280173334386967,0.42023728349534806,0.23489350402625792,0.013782409677226805,0.2078382014661609,0.8645406010195407,166473
track_03810,Jazz,131.1275737738952,0.6160826739348555,0.4081277051008909,-8.964644118275416,0.07113716265796148,0.8147526154337128,0.7226310221828977,0.48994372771010086,0.30153859031219765,249282
track_03811,Pop,99.02990025729271,0.7913183309005793,0.7682242838376192,-4.348341775611159,0.051150642807070774,0.49311296151372963,0.030895646733733496,0.17550723957800277,0.7282601533771211,248975
track_03812,Country,104.50901022722417,0.6654068534211564,0.5964353101382691,-9.960426559482501,0.06585938802072411,0.6451303960525478,0.13082407306760355,0.1455564769297669,0.7545425745281602,271276
track_03813,Rock,145.3539888876234,0.772594957724146,0.7345158117212388,-9.912536921497027,0.12012090269686658,0.19194318718919684,0.25040309392583404,0.16462883161732722,0.5968834402592704,255465
track_03814,Rock,138.38468673404128,0.6387802881629352,0.819196439187175,-4.735938779540947,0.09016511274549399,0.20491033257082591,0.21190492817796044,0.24207355610076967,0.50264961110119,203830
track_03815,Classical,58.224396859685854,0.2845799939988718,0.35084610394457716,-16.26116789310542,0.05951034544029779,0.9602171472439336,0.9168875449926938,0.39928245722992173,0.23935943690583694,505666
track_03816,Classical,57.59189776265137,0.21309661752396242,0.1911884115110422,-25.591201053180516,0.024835563610845636,0.8052488973984466,0.910573643083618,0.42262382368518214,0.3376074600615558,508689
track_03817,Rock,171.4786611132452,0.6286066338837181,0.7332048436106458,-4.7152282167582555,0.11268979058839429,0.21841874148147647,0.1142446070244204,0.14678053448378295,0.7014197388350998,289811
track_03818,Metal,167.12645697258236,0.362571828259066,0.8668078726203196,-3.843875143544341,0.07105414541526683,0.047840746231269084,0.1441690126713873,0.2858581963225787,0.41385366288677616,300768
track_03819,Rock,145.39806152868553,0.5447209411511044,0.8790716672714058,-4.226284747654204,0.051723817418006315,0.16687056199722167,0.06053446430173071,0.39925046600127667,0.4918086472938225,230074
track_03820,Classical,78.48548975398961,0.1615357131480063,0.2139951236172284,-14.012466036266959,0.04335100310678772,0.8097642332708367,0.9635961679990612,0.4013663070290025,0.5256883683328415,567884
track_03821,Reggae,88.13890857300626,0.6709335865393242,0.735049915351887,-11.571677144988744,0.07901437360200761,0.3914135769754802,0.07649384835786999,0.10044079035673688,0.5873370931695363,232717
track_03822,Classical,63.143930858453935,0.15054873154159212,0.15830235740138365,-10.45211958351469,0.0643703272415276,0.8903099996526386,0.9063367396457515,0.23475515674348119,0.5251598277085658,362386
track_03823,Metal,163.4254827364037,0.41548729325956935,0.9939822051132212,-4.302344415253685,0.06700411907276099,0.11507234047190916,0.1912961405998823,0.24890352372252514,0.39109375181474093,260215
track_03824,Country,80.5397729662844,0.7136545629980986,0.6733043316008147,-5.013434329231026,0.08162146982471184,0.4965190123750952,0.10107462761517197,0.2831405844743341,0.5404692395456308,247148
track_03825,Rock,160.81751612486673,0.695965506016349,0.7775405373265226,-7.442750278932091,0.04631293325878616,0.3774614024961608,0.2171548316086656,0.11390687989979427,0.6197549800391667,290120
track_03826,Jazz,132.51680118019078,0.4639010745628652,0.4575376965339484,-9.87178199244848,0.052890942021790295,0.9972517846478354,0.7984672552955576,0.2944859068800995,0.4692003477193687,386778
track_03827,Reggae,90.96120938061435,0.78252416861695,0.7484842456065368,-8.15877605091875,0.07068094466444844,0.6767876742863507,0.12342540879178616,0.24275583383390137,0.5260037126441609,237475
track_03828,Hip-Hop,95.34671972677083,0.82342602622636,0.7511506612201138,-4.696478194758321,0.5047348440241615,0.07931481020353208,0.00024844663695746674,0.2625689479665722,0.8294146776483983,152899
track_03829,Metal,150.48510193407867,0.42651803870619454,0.9667650175859916,-5.426228182986401,0.03458768010680732,0.1804204439931124,0.14902791248766464,0.11061397312351802,0.32387114557727514,309908
track_03830,Classical,65.92323386624653,0.17406884042953724,0.3172519886633327,-21.910918613990447,0.07806720123927006,0.9388833224521302,0.9046615764845675,0.2991505324632099,0.42544247445441175,419976
track_03831,Jazz,127.8059504888721,0.4996432412958074,0.5549275039857366,-7.773577225256334,0.040552457570354576,0.7014945470434581,0.7841911970225653,0.34388256484421076,0.485108426044112,291186
track_03832,EDM,127.31967907822057,0.9415269057891915,0.8881617071959245,-2.5604465936099463,0.04126487873156404,0.10168648051896739,0.04521440945976357,0.2342861921516396,0.5099730138660118,186596
track_03833,Pop,117.03772501146403,0.6846893485149035,0.824361909349962,-7.188586357073553,0.11511091981492086,0.2330955336090504,0.0433652882710108,0.2897991776440607,0.8945454335988845,199338
track_03834,Rock,131.22556513707417,0.5607680203803328,0.876800424729389,-4.814733220799989,0.14790054282281373,0.3104241322712383,0.16856131987512285,0.2227395153274263,0.6380451235890666,201144
track_03835,Pop,119.37625797666294,0.6656299045530025,0.7404135363414902,-4.394593618293218,0.11266943860436944,0.33597074750672223,0.02848586966492981,0.2825646090041205,0.6179619526799708,202701
track_03836,Metal,153.27349875513858,0.5618387895379766,0.814904592141414,-5.051589420276353,0.05056265239756881,0.07225011587665729,0.1412184012781461,0.1183613836592955,0.4431473451595174,275406
track_03837,EDM,127.87807435905054,0.9116010211049085,0.9305001802875474,-2.770895340138366,0.04754393894409571,0.09321071487062534,0.09330993234030113,0.27554290352510286,0.727147652479919,189501
track_03838,EDM,127.74425521009692,0.8425307103713537,0.8043408243891992,-4.0534546329207,0.0638297912910028,0.1030783644869479,0.12406767969214663,0.2800350531740019,0.5299808276158443,214955
track_03839,EDM,127.28784331602945,0.7803375701514838,0.9199165294156496,-3.869609123854851,0.03143894598797527,0.019176075031778275,0.0849442768603096,0.16966452630662152,0.8337802160178931,264350
track_03840,Hip-Hop,81.53394378135552,0.7975221638223027,0.6256012263463441,-6.265920451182832,0.3229863982475688,0.1992382435908777,0.05574652312110356,0.18153723330631613,0.871070715558613,250307
track_03841,Metal,142.57264178225248,0.3098534648246993,0.9999647500393725,-2.1896313848065803,0.046935493790407914,0.003854394327756916,0.12785834569215423,0.29738080115033905,0.5121218125898002,331203
track_03842,Country,103.51285218454233,0.6797757510138273,0.44100194150771976,-8.185206745021318,0.06770693535453835,0.5768732213974964,0.1073260442684447,0.18709777910771175,0.7134425171006196,209838
track_03843,Pop,110.97514765140926,0.725501173799119,0.7548542586757816,-4.018618303698638,0.09397376272654967,0.1381703682570307,0.0271409664167042,0.276921336295314,0.8472094884095936,245745
track_03844,Country,104.63056732422827,0.7489240516927097,0.43153711671530665,-7.128427855650083,0.08425865475469183,0.4423114354342478,0.19454995229657093,0.170809309036729,0.6050419261935773,224263
track_03845,Jazz,129.19539549572204,0.5288062867152863,0.35801345349801905,-7.862900895252961,0.04373435842744358,0.9173263722501359,0.7824816173943737,0.34877099992879157,0.4524258154353567,266430
track_03846,Blues,81.62567818224277,0.7591979990280351,0.7967959380424086,-9.857585980422689,0.07322826474181203,0.4864030195099989,0.19978563186262416,0.2617827260998898,0.6191251575740578,228887
track_03847,Reggae,82.73924213431638,0.6669554082232889,0.6939607597104911,-11.883764259809238,0.0980578695255591,0.6074112219991052,0.18820185901094752,0.24350861213914904,0.6443100975551213,290821
track_03848,Reggae,85.64739591726202,0.7032643095082891,0.7135086649271568,-6.020721118787083,0.05944786547075909,0.504192318697358,0.12399617258300527,0.2177185630227242,0.5157118330332197,291265
track_03849,Country,85.48410332941168,0.7230885956924973,0.6125280091255759,-9.95062989671823,0.03754037910213577,0.6949598928315233,0.007625635761628936,0.15651100207272442,0.6645489034118409,209832
track_03850,Blues,88.50752136994289,0.6464108172725918,0.6058902459686006,-10.113120121739325,0.08820137367520044,0.5001097893570419,0.05572402951552209,0.16261920669893967,0.5119594878764094,242855
track_03851,Blues,89.06022288209283,0.6036526210245442,0.5262550082259603,-6.8944486932518,0.0647403961475576,0.4441268768103369,0.0020889563334739016,0.15964357537051557,0.7463559126226171,200226
track_03852,Rock,123.71983354801463,0.7856912820719781,0.9456891843452132,-7.0905590113334185,0.1055466170328046,0.1365367248274929,0.16539965578525542,0.17894472506628062,0.5134188906045476,250133
track_03853,Jazz,127.50087627132234,0.5241767546542461,0.32724311941460366,-10.235979021461878,0.041266727531385404,0.7127091386841689,0.8228939897078504,0.27644572588980765,0.6857236225136353,356231
track_03854,Metal,160.99869724987565,0.5587046248347471,0.8319903157876589,-4.096683665345007,0.03565080920286298,0.0431054621808785,0.078909500896974,0.2789163815318748,0.46711220072157117,207138
track_03855,Blues,96.46583290969146,0.7166474607724405,0.6822673647327483,-10.519494646298739,0.060224749179608725,0.6726261808458507,0.1947951062573395,0.16240767026637895,0.6933511110226263,286556
track_03856,Classical,53.33932514971559,0.1938946625121365,0.215224178416285,-13.555850013914895,0.04780319296550302,0.8283085415195529,0.9274520491279075,0.3684150234622062,0.36103085502883897,557275
track_03857,Reggae,89.88221777275744,0.6317160029918344,0.7930933014141619,-9.969118876274935,0.06455187734423024,0.33094656564061264,0.022167373138483715,0.14331313411188126,0.6645398195270603,263452
track_03858,Classical,74.17361360872408,0.17543484509921642,0.2548018349345408,-19.251334891432975,0.06146182021592497,0.810510367056578,0.9561408737821588,0.27649668856753484,0.2956493986400583,527996
track_03859,Jazz,124.44907883320522,0.43452849696894275,0.4659772017729853,-19.415098206472035,0.08612840173534352,0.9777107313219573,0.7920928194830786,0.2774643831362878,0.47919798863473606,409999
track_03860,Blues,82.16939458223335,0.619729870839361,0.5977480489089518,-10.062024486141327,0.074607772680584,0.4475141987927275,0.04630598145000593,0.22250898435449407,0.5969202999043539,190568
track_03861,Pop,113.75258382148873,0.7698833713849987,0.6466462913256779,-7.266559612347685,0.09419047265641484,0.20218424613667407,0.019296278415887894,0.1958898307873972,0.5918534422323759,238643
track_03862,Reggae,96.68039982862426,0.7300851657083994,0.7374488817868229,-5.346782964297842,0.06976913864136464,0.4153321449936843,0.1559023278555005,0.2689141012391523,0.705876570625284,191086
track_03863,Rock,127.14034513370555,0.6294101869404637,0.9071437844197603,-9.409244568916833,0.11526984042148083,0.37787207848964044,0.22905201265230885,0.15750305690384772,0.4349924755108568,282920
track_03864,Rock,129.07939065074555,0.6050860098520058,0.8004907104798986,-5.445613876438622,0.08969952923922068,0.33919459144883635,0.01735482174083196,0.23617276981860952,0.4055994886520989,197611
track_03865,EDM,139.85719777071276,0.9358131261646361,0.9256254172346569,-3.712040753031462,0.05544605631769385,0.17594891456031095,0.17010060857880507,0.20053976560194148,0.7933476998010058,216357
track_03866,Hip-Hop,86.43917674198697,0.9240053323222093,0.821201794725607,-5.453953709860917,0.46615473912857086,0.1274499937239356,0.044114695078685,0.22681647236465638,0.5866139152968541,266968
track_03867,Blues,94.36018646823084,0.7883887020714967,0.6242901792238296,-11.460291827259374,0.045613058957356255,0.4598355813354966,0.07899689505938363,0.12923127891271324,0.7421370252107163,234527
track_03868,Jazz,110.39660345453048,0.6356328802758303,0.5805808337749248,-18.606089899767436,0.08822633808113775,0.8225341534659122,0.7692314633392147,0.4267451589994304,0.5911664259997311,244307
track_03869,Reggae,96.01247910931912,0.6605752262347104,0.6535665500076846,-11.153420099279375,0.06596616386182677,0.4503285295305994,0.08563781455914843,0.12148204913916488,0.6195202046256156,298428
track_03870,Hip-Hop,87.2097311457465,0.7687907262464149,0.8238146742620931,-3.801981361187937,0.3284791588996868,0.28604516636337546,0.07446829180800889,0.22319173914955368,0.6910805979138739,171232
track_03871,Jazz,122.64054948806181,0.5400296114962126,0.4557591620999075,-15.109623755971132,0.07678265141577897,0.9453896675953433,0.8661275410853462,0.37625487680934344,0.4494250060751296,252140
track_03872,Country,96.76240445538814,0.607135359470592,0.6773917921031491,-5.91870969729171,0.06431538496699674,0.5862649857039339,0.1117073616994922,0.28248062473493907,0.5671543349263871,242063
track_03873,Blues,91.90081020580875,0.654629807728387,0.7725552784717804,-10.751190643157546,0.04261879021862114,0.6186473138909456,0.11273181208689172,0.14929356342370503,0.7012686986960639,280532
track_03874,Metal,170.487245414867,0.5538621779781862,0.9561522398622722,-1.6349929785137087,0.058617370691164884,0.12316101768028527,0.08609729142162402,0.24344381901789527,0.3614685913691388,287245
track_03875,Metal,163.7473880816253,0.4039809695374981,0.8555363817813331,-1.2948555674731574,0.06285997433703212,0.13738453238429515,0.15193058369076895,0.16818666720453285,0.4690993442087319,268955
track_03876,Blues,87.43672081771504,0.6581070659079277,0.5386946617051379,-6.238297375262918,0.05025580297399688,0.3181639658833742,0.03929229750488772,0.18758131717814142,0.6485306789945111,187270
track_03877,EDM,128.41320223990797,0.8106283384036392,0.8719130132009381,-3.6597600873198215,0.05298117351216825,0.025619010602913075,0.27575208247354205,0.13519174761156416,0.7982053049374069,192897
track_03878,EDM,130.98537845973777,0.8395753961542082,0.8825087451307017,-1.1288847116706902,0.05429086349211236,0.11189144139551573,0.09689818545543182,0.21036920825963046,0.746236287722718,203799
track_03879,Metal,149.96539331036215,0.5376012923023307,0.8716835590864875,-3.9930473992034505,0.0443780544500363,0.02427804940784839,0.08407871259915962,0.10338790038447372,0.43677307182817793,312500
track_03880,Pop,124.23559744030219,0.8722733459489309,0.7212333516750729,-4.727057237875063,0.06553685504637043,0.13262925794836267,0.017667588262568607,0.25973589338707637,0.6787349241397694,254272
track_03881,Reggae,81.59506429444944,0.7893335613926358,0.6732237921982513,-5.119263017475044,0.042584367148940074,0.30462383608737137,0.09541911587430921,0.2723998973990873,0.6573220841849357,295873
track_03882,Metal,163.21008311074988,0.559521447413935,0.9586600954820622,-4.505290610347787,0.04460567062533043,0.010695692010380009,0.010171284745735433,0.23371890269233625,0.3558712838723338,286951
track_03883,Pop,112.56450161688862,0.7537308351250035,0.7271288438276882,-5.872087989285778,0.07291486182957971,0.24019763008395778,0.013292264172077219,0.2159816532094021,0.8399549776608906,229726
track_03884,Hip-Hop,80.75232841476608,0.9140556016728622,0.7545205553194693,-6.91903920187621,0.5052511043367696,0.2761938105535486,0.0019605097405746784,0.15028881044158615,0.6061752765085086,228192
track_03885,Pop,109.39914844239244,0.8819506274544973,0.8150664422816991,-3.2699688786869157,0.058440024370563746,0.11121938464770267,0.005494158220555251,0.2828591269705254,0.5629954554142202,200918
track_03886,Hip-Hop,78.3740145919941,0.88139174064171,0.7846701466008322,-2.908115502389311,0.3848062292705409,0.22911473925940642,0.08526514040614605,0.20980137493797613,0.6655140955961989,201719
track_03887,Jazz,128.1854953127303,0.6366837817077851,0.5150482709418349,-13.702001690664751,0.09805441267920817,0.722150960523783,0.9943914813163492,0.47543493713696805,0.46285778101068625,257121
track_03888,Classical,60.45574966778537,0.11796748189557692,0.2594424856694997,-14.7358407855212,0.030562861725630212,0.8636421877055331,0.9630531471135019,0.33826048145964166,0.4415471111662026,425099
track_03889,Jazz,139.1522151164525,0.6108595256648289,0.506265968576914,-17.757747160676573,0.06845413582059078,0.7885864586711138,0.7679158654441833,0.4275701267783011,0.3484322774438896,309530
track_03890,Metal,154.67314098940398,0.4440956631600543,0.9581154586901438,-2.513793505294474,0.06848159179516208,0.05758862592064162,0.1408712588178192,0.22116117485192371,0.43700413681372696,312306
track_03891,Hip-Hop,85.47831824541498,0.86153186345167,0.8710252065809567,-7.608807555756271,0.3297517660660738,0.13735802521108936,0.0609734643189506,0.10092683718777265,0.6810193322890454,284848
track_03892,Metal,174.5169743879597,0.30054608578630826,0.8918853152807588,-5.946649003701727,0.04403305234903374,0.08715248824537701,0.1785798585300558,0.2308768568294653,0.4087453696469723,329813
track_03893,Blues,87.14142477339124,0.7230069550937334,0.5786740651663551,-8.640255939434361,0.0414795102137238,0.6409101277966767,0.00966976630243599,0.14487209996768635,0.6000535636876432,216631
track_03894,Reggae,94.52861035933965,0.7452867652774355,0.7500350573967048,-11.224511099575025,0.08571235841467525,0.4113475105529026,0.027649363624379555,0.15313102852782348,0.7573979238070823,228598
track_03895,Rock,153.08513122283324,0.7416177028610428,0.7516352603219552,-7.040239274216658,0.11885877221758334,0.25979097152955566,0.20449723587785146,0.18786075876274422,0.4129369805270739,186400
track_03896,Metal,142.4492924732126,0.4018262317987855,0.9030140399106443,-2.44982746946505,0.06176163254211308,0.1141770407827792,0.05828373317607767,0.26781128992788705,0.5355877725211738,261766
track_03897,Reggae,93.23391042780574,0.6162028289371748,0.7091964824306278,-8.355904160784585,0.047929966382491584,0.595814172197193,0.017209113034840517,0.13543013316027402,0.5447679444659489,212338
track_03898,Pop,122.71127568756769,0.6069993690360099,0.7349221717776468,-3.14568478531375,0.05553668443200855,0.21451995948282862,0.023475158846749857,0.2660960220688293,0.6075580590803875,204000
track_03899,Jazz,97.32162771692919,0.46010357483736536,0.5746997644893761,-8.10634548979654,0.09853856677719902,0.6854968717079195,0.7135885894942895,0.23465032573408456,0.4429934494839484,264200
track_03900,Pop,100.49164654227899,0.602661986996227,0.6017867595673081,-7.268464458744995,0.11108039425136527,0.2877112204529415,0.049145103808399045,0.27746629315336024,0.856051245389216,234847
track_03901,Rock,142.15543583398676,0.5447132690781258,0.8722700360854584,-7.590040056328407,0.07654297680244262,0.3672377512121504,0.1763707707576849,0.32763291681664164,0.6692937589980965,283043
track_03902,Hip-Hop,84.94591514847708,0.7161630824053868,0.699334879899173,-7.2432229086688364,0.5753757136824399,0.2815151732131759,0.06034564537045282,0.2610975504584171,0.7708845145447403,204553
track_03903,Blues,85.73972268382947,0.6449530659224905,0.5250636393682653,-8.334261195559147,0.047579091470412824,0.5971074519691819,0.06652995562881654,0.23441254284224625,0.7647558305241153,257322
track_03904,Reggae,88.16143586493315,0.7819465815857065,0.7030235006926433,-9.062874351638843,0.07641415878266196,0.36242367889358146,0.06838877736960887,0.24723624331835262,0.6687182402770846,191984
track_03905,Blues,93.45627518882647,0.7776854240013406,0.7309339834125848,-9.99283152760796,0.07503316453153647,0.6369144671047853,0.036169621344566985,0.13260465590024065,0.547692874271264,226753
track_03906,Classical,78.43024769416151,0.2234439031827909,0.259357905024951,-10.670858946693208,0.039365212984995096,0.8353956486367243,0.987759715785813,0.22060667710645704,0.5268478698354018,311149
track_03907,Metal,168.4419692709139,0.39579511990213523,0.8555918555234947,-5.887594500656755,0.07541182468882608,0.1505408288957928,0.0945567351613441,0.28858538407011447,0.38805966353262666,276305
track_03908,Hip-Hop,80.43524044189202,0.941546009304282,0.7171140908775607,-6.532385266808756,0.35318902683337466,0.1436890042441504,0.013074690164170788,0.2751581256949665,0.813906206965618,233566
track_03909,Classical,75.05080203053672,0.19549390234256367,0.2813868939881331,-28.220619143390817,0.05914535348628436,0.9607232514079342,0.9546275182997656,0.30722210560732083,0.26985914276561507,500449
track_03910,Country,87.64582483671632,0.6306332134847663,0.4766553488445991,-5.332326775725993,0.03922187182496231,0.5549272798293136,0.09919323626033708,0.12777845266637816,0.7984962742294833,245583
track_03911,Metal,142.62379982748865,0.4655026600880501,0.903221846597118,-4.253897226136776,0.06258873182725583,0.19158744330935384,0.0981605388850271,0.25721015185499607,0.3742789690718969,337351
track_03912,Pop,118.23446829975128,0.7946717863505983,0.7599244449820759,-3.5348232977888623,0.06633451784665761,0.24738004683637685,0.004153372850549286,0.24522399535384243,0.8375469141198447,226174
track_03913,Jazz,125.29326772755397,0.5908139878710891,0.5716853684794349,-9.640579853257599,0.08703484558400076,0.8427411112061486,0.9615591441288898,0.2668669645654884,0.6039548305447957,369200
track_03914,Reggae,91.4712005319331,0.605417578059426,0.7040919717214018,-7.6270368091638385,0.09546561728269974,0.5581379761628327,0.12496854249620869,0.253961132019648,0.580341784645898,205289
track_03915,Rock,112.70820492411546,0.5238461502108382,0.7877886574038524,-8.040128002068814,0.11691011485968011,0.3761968405631305,0.06923616686305457,0.12238718166739779,0.7999827817475081,234544
track_03916,Rock,148.61463563739812,0.7976248343731557,0.7063803988930868,-7.87755865897703,0.046054058802119255,0.1944915797222158,0.1390859153004084,0.20257970980283146,0.7850820458435639,246414
track_03917,Pop,114.43198223442059,0.8283919235301621,0.8012627008706681,-6.070295564226627,0.09778098879976349,0.14312005635829084,0.0198481025740968,0.29346213201897997,0.5674122615654414,221979
track_03918,EDM,128.9851482092104,0.866355813727615,0.9263037203148797,-0.7337127032878881,0.0311637537209479,0.15423287363639845,0.2647647117647455,0.10323489549923937,0.7235851804429222,251752
track_03919,Rock,110.770438428668,0.6353462352842767,0.7934829412080652,-5.569299009861697,0.03626848684854186,0.3658489908015091,0.12461909028259179,0.3402587405673255,0.6917967256528159,263167
track_03920,Reggae,87.89155640652636,0.6470453906040051,0.6862921645392739,-9.461570690300272,0.06811591052373012,0.644351259636916,0.14714252202660658,0.14768851234401909,0.5947979224090647,210445
track_03921,Pop,109.66978030572851,0.7212278029711343,0.7107968852234765,-5.927917234182566,0.09728885080677267,0.23218265028619572,0.008538820316534535,0.2413135086943682,0.5125190108183805,194389
track_03922,Hip-Hop,94.11534789921356,0.8209903606460311,0.8158817548831989,-5.137488229023368,0.41146718215383576,0.23892600547780754,0.0848324351775063,0.11437783313317407,0.6115910356526665,280845
track_03923,Rock,158.64990543876738,0.5016552622567079,0.8163032262427056,-9.454307369697288,0.11863733531038881,0.3044568788623046,0.014918739913195488,0.3823751771090974,0.7839841406818752,248157
track_03924,Blues,95.8900016846757,0.7374968277374099,0.6542322623305245,-10.98291575249252,0.06994423886798153,0.6025879383370532,0.059535100944864874,0.22961633293738562,0.5597097963625125,256473
track_03925,Pop,119.35577173875711,0.6227414617561019,0.7434980732576526,-4.518776860787165,0.05599343064710472,0.1889603628791966,0.0197907229258281,0.27730501264664353,0.8402533595394635,198618
track_03926,Reggae,92.21189786629874,0.7980553423375808,0.5727969954779926,-8.725296329672403,0.06680338074024313,0.5715749653408003,0.1700306573186768,0.19833655105585285,0.6474595379274075,226937
track_03927,Blues,89.8662183200553,0.614204375389009,0.6589941555829051,-11.831092334078994,0.06090456144159648,0.4912122091693727,0.1289347126753255,0.20124135752433603,0.5455840431641507,298627
track_03928,Metal,176.98671306233496,0.43096371587432847,0.9191603575899717,-1.156713539140683,0.043275053308374285,0.09565614334268879,0.13858033814345166,0.10205977642546511,0.4143784251648387,356570
track_03929,Metal,163.60903662985115,0.3963864853001931,0.966966286219031,-5.511303823468629,0.07570153866010562,0.16811050981365794,0.14772469662274934,0.15251345018703272,0.5144873568126357,308300
track_03930,Rock,124.91702894180713,0.5204468577635759,0.9260195117500227,-9.516511691480632,0.13340186002086973,0.16149444243751,0.13022109936124407,0.3797862720310504,0.716826931491437,217142
track_03931,Blues,79.68667996362245,0.6009832843414397,0.5122034337333643,-6.62562098292994,0.04502243090088186,0.6712087422552927,0.08854728917926619,0.2516373276728734,0.5376513788205821,284217
track_03932,Jazz,122.70399707208938,0.6693644993762868,0.3983257816183652,-5.337622159579496,0.06407796193811663,0.7105884644643651,0.7482616278267125,0.22897837449226044,0.5146382801108861,296355
track_03933,Metal,172.96737107286415,0.41840125576153653,0.973636996927999,-1.2308842778462692,0.05967703546934301,0.16845489660145246,0.17074829974330774,0.24275253805813138,0.3576005667558468,312532
track_03934,Jazz,95.71505647192059,0.509824896423856,0.3316590188407778,-11.116529973633865,0.07931682251369748,0.8789751102307961,0.9712027639381531,0.42980133669710485,0.3942974664600274,363809
track_03935,Hip-Hop,88.20516748054426,0.879928415027634,0.6801605973761344,-2.915537945557727,0.3428654034240378,0.10500528278937105,0.034647453993642954,0.21202642834160695,0.685377422398231,280143
track_03936,Pop,121.58946637999563,0.8821758684968333,0.6024457339484588,-7.062118148431807,0.07418954451746083,0.4425845020730298,0.03943268302045609,0.21597681291324372,0.7780083821277717,205599
track_03937,Classical,69.85559627173275,0.2152921570814043,0.3707613565187695,-12.931312921290285,0.07171711279126103,0.8743571203728167,0.9830547838015854,0.22079318034025733,0.39478578985494694,521865
track_03938,Reggae,93.40795097451624,0.6071595569941345,0.6851632574875792,-11.466740749262962,0.04720955418515159,0.33269803638154544,0.19500951051614113,0.10784773798851091,0.5809269364670071,269947
track_03939,Pop,103.39962630137481,0.6578262604247818,0.6314640092434514,-5.427286003827844,0.10429599082090779,0.39291409755258977,0.013061541026110596,0.2703100375811275,0.5422643392561654,204827
track_03940,Reggae,91.13374048466424,0.7726046351333027,0.5575410192707618,-10.74149871649734,0.08970367104220969,0.3795578005719217,0.09055787862731324,0.1361517268157243,0.5043988586102732,209725
track_03941,Blues,79.87946369395897,0.7604513856166288,0.7456486973309913,-7.699038151535609,0.05758202478078715,0.4846506605049802,0.1404512054209219,0.11386171063106035,0.5997491264984376,233789
track_03942,Hip-Hop,83.0262123289555,0.9080171469711298,0.7330640240564972,-6.601759205922438,0.3460947985434069,0.10222436137601466,0.08017834861690198,0.15479636506229794,0.5190079864588164,176057
track_03943,Country,113.47090893139979,0.7116376379096144,0.40307242629717,-8.405841031562172,0.0935836824904768,0.5164528181754436,0.14127518515952492,0.1280024112307005,0.7035114804233789,224511
track_03944,Rock,125.26352819218059,0.6793171116351898,0.8489488206590823,-7.949440484785039,0.1471407707031907,0.32388012102510566,0.2061952345167867,0.1543989078328945,0.5135723550683049,213058
track_03945,Reggae,91.62135387216283,0.7478572811152442,0.6733190009414488,-11.10166853042286,0.08122658166401475,0.3072397488358104,0.16087916030678878,0.1607595393612184,0.5351634651591038,180343
track_03946,Reggae,88.52083598288435,0.7926268797016802,0.7321491253552492,-10.3348961866452,0.09780797460777668,0.3560470682650174,0.14670544238028826,0.23134792537046936,0.746443031715673,246025
track_03947,Blues,87.66346860288849,0.726513463736662,0.5993584135346754,-10.197050131081594,0.07138703189145851,0.6182206295793664,0.08078352176836759,0.25148977823819696,0.633839677501349,240088
track_03948,Jazz,117.70950181419646,0.6285256798108051,0.32958540589672586,-5.268328920575302,0.09250535604700041,0.7667308009605935,0.8056550695306484,0.35805291078422874,0.5937207332413483,405483
track_03949,Pop,120.3068679069377,0.6121738841715608,0.6782903014534476,-5.446793156528421,0.06319160445438325,0.1620962115498219,0.0007140582298664378,0.2823101266902517,0.522443182012075,240581
track_03950,Country,111.43359561200688,0.6027381032812812,0.5924258539252722,-7.893617061949462,0.03025408250417984,0.5188651404160447,0.16092828749366575,0.28879199237690967,0.5825272388078839,243491
track_03951,EDM,129.72092917797565,0.7259744394657719,0.9723479805065333,-2.471585970864724,0.05121427618142563,0.11697152044104718,0.23281574969365712,0.1956941241744335,0.6710352294589288,194518
track_03952,Rock,132.82213743686592,0.6423335473121092,0.9243730832420495,-7.165197133990416,0.1476301886463955,0.17194255165373917,0.2333564137339944,0.32488061711726357,0.6117771610382685,295886
track_03953,Classical,84.09332607130851,0.18057910133950356,0.3592338422571275,-28.083235418694944,0.041951485175152875,0.9867881797337461,0.901172962232688,0.3172368272020774,0.30388130402661234,301591
track_03954,EDM,125.7679259949764,0.8946871416247762,0.9150454444734872,-2.846202293890035,0.03479423995290229,0.02402827352071977,0.1921053036822388,0.2761506598219816,0.6659150581228999,298198
track_03955,Pop,117.73580822677593,0.8185702332695506,0.6306147832221152,-5.251318241018711,0.11909615888376743,0.23049684099965476,0.015094751121643192,0.28066043321859285,0.5469664178660223,189734
track_03956,Rock,133.34569069819304,0.7338461180820468,0.8172521226798759,-9.415166657534938,0.03230094495045414,0.2127493589313343,0.21160607534305334,0.24625876404067065,0.6954607571242359,214792
track_03957,Reggae,86.48289416238649,0.6913957129841811,0.7668463719962838,-10.968363600260586,0.08525392549349649,0.42672156273663897,0.023895402139866496,0.12339577303894314,0.5828862002781958,241846
track_03958,Classical,80.43472288002629,0.17696779207570837,0.16564894162787835,-25.600540012236266,0.04822529516159965,0.9785137670585943,0.9191869342861256,0.28636100363723466,0.5411952512206154,398253
track_03959,Jazz,110.16361194543192,0.5560205164003598,0.4531587058952673,-7.809982300679112,0.04129428426480682,0.9302398481129194,0.723878480100652,0.47497890361254974,0.3571358201776483,290812
track_03960,Country,106.46020044920269,0.6089178604993798,0.604491108910422,-4.045249433847719,0.05868216536497073,0.4339137067162249,0.17355580696379935,0.19529702368849933,0.7960908365177806,266175
track_03961,Jazz,123.00101561494753,0.4735579827728466,0.32587384690842075,-9.922472837221234,0.052090563606029386,0.8666101419351433,0.9497524835799881,0.4966895380539363,0.5016862170789863,246703
track_03962,Hip-Hop,90.72604625189138,0.8359644274214649,0.8278819035803833,-2.858530117878229,0.4988657832849299,0.2939426405772138,0.08282883925244997,0.12492934978338502,0.7029901593544685,201633
track_03963,Blues,89.245881045859,0.745140812303305,0.6231636450927135,-11.134381944743977,0.0930766782953451,0.6727812490849231,0.10095010625316132,0.10366148616402876,0.744810875208878,184883
track_03964,Rock,145.58925366639124,0.7104634040780999,0.9054402996362555,-6.265059232228731,0.0576704520162453,0.1635543330745611,0.2622915345304247,0.1362059747822184,0.623696687688026,188881
track_03965,Jazz,114.23698492844262,0.5776362158819247,0.3451523548495422,-17.62112460644582,0.060194562504243404,0.9745851664340026,0.9887326589068806,0.452536474947611,0.5782851671716203,374324
track_03966,EDM,125.42627931593272,0.8988515322461218,0.8259382926376978,-1.6013869406859333,0.05198240808584888,0.0002566726458760549,0.07195867499311343,0.1991807817860591,0.6318859706376262,231096
track_03967,Blues,87.2956403310221,0.6581841500866524,0.5273540577655565,-10.544272076670577,0.07840958785494,0.38927302282109305,0.12953343933896708,0.12001617898069401,0.5125629048777427,291365
track_03968,Jazz,95.94546571398077,0.6654225321710694,0.35582693442559465,-14.34882811856651,0.0905037280497047,0.682097110198119,0.8236675407245777,0.2957668531228306,0.6598102110154436,287927
track_03969,Metal,167.83558079083946,0.4250968740251263,0.858395469779385,-2.636354107045764,0.07034564409024471,0.008946527232372348,0.07598178674476613,0.1701459568359726,0.46784125213753575,323698
track_03970,Hip-Hop,91.51672494393355,0.7576605925958965,0.7499982734363756,-7.916853267382705,0.48737924430580637,0.19717339394607883,0.0696448461207293,0.21114495971985198,0.6809517220738537,228999
track_03971,Pop,96.07437087959877,0.7549793613511941,0.8057295976085388,-7.448536324821048,0.07512530322662728,0.22754666929822337,0.041982476001407386,0.2556934551954424,0.6600416138307729,204832
track_03972,Country,97.43572276430068,0.613367461732242,0.5061292730075463,-5.179395264286944,0.041701850140096475,0.5796152906429748,0.08129689115393501,0.20361503034229006,0.7143210466830857,244417
track_03973,Hip-Hop,96.5625531529252,0.92305761380484,0.6631272630771344,-2.744347565816824,0.5803481327874903,0.02684620537787049,0.08852851180120225,0.1518360097215494,0.532400379752855,224014
track_03974,Blues,93.30081221160611,0.63408417015106,0.7916951178528,-7.513277203812362,0.0406719417332926,0.5314039578126839,0.15624981976466623,0.11026001751884061,0.6733769512429768,239341
track_03975,Metal,159.76210685400662,0.35072152167413356,0.8843240122069906,-1.6146458335405036,0.03351370272180207,0.025573715432702728,0.17913056917121217,0.183076680138549,0.32503758154271284,315940
track_03976,Rock,146.22009367853693,0.7647344533882381,0.8470310114873535,-8.859039844971289,0.13728717059137385,0.3535836667536272,0.006907005236491193,0.2742970323248416,0.4977346601522831,284120
track_03977,EDM,125.18832191441038,0.8876025434617931,0.8988294534964252,-2.240337602973268,0.06012048784123897,0.15689169759962543,0.04087753632949043,0.1560559237496812,0.5702664467178129,276925
track_03978,Country,98.74104469864005,0.6720782081364046,0.42845193501517087,-8.62294995096411,0.07528896395646265,0.48488055758330606,0.10657016302958469,0.12490107866748186,0.560720161779861,228366
track_03979,Country,97.85911785783989,0.7425065806049457,0.46392915833307385,-5.158614467401023,0.04701275632253557,0.4225790904449086,0.008551037104403502,0.2897477549655141,0.5638680214451885,282384
track_03980,Hip-Hop,79.0916484121661,0.7062978285679778,0.6149976044685942,-4.457731612557458,0.5011060873465724,0.18619601737386934,0.054147685199189804,0.1349368181258978,0.8363815578541086,161036
track_03981,Blues,89.93702899395745,0.6526009687948731,0.7682752441345213,-8.028100857662768,0.08331102641048439,0.46335951333089787,0.17738310118871803,0.2835450425968654,0.6310306793350744,185063
track_03982,Rock,140.53177947903137,0.5775923251681135,0.9127832016823836,-6.71151776345726,0.10266288485010483,0.30691189842777244,0.2780783770570436,0.3469331118000303,0.5980448018277718,298540
track_03983,Reggae,100.86856701532649,0.6588278489897453,0.7772717901301187,-5.675526535640881,0.08796019677793374,0.34574500999669283,0.015658190227656955,0.19962629102386836,0.7296031267087751,205376
track_03984,Metal,159.21507901899437,0.46638023847662835,0.8932455100534191,-4.468484665230311,0.053439290536707346,0.13670452787473292,0.021800147234810385,0.15113788875131945,0.5384881337806599,256077
track_03985,Reggae,89.97170774068647,0.6649974328892705,0.7987895111152767,-5.06975670544766,0.05411459751117593,0.40690275187285435,0.1499344437434094,0.27793488627885815,0.6991090963564756,282624
track_03986,EDM,124.88692504047054,0.7823975709514551,0.9125511968739756,-2.5382946915860893,0.06824922626922103,0.04792688604886859,0.2841698928421702,0.24137008770997298,0.6654766179471236,257425
track_03987,Rock,146.84116485236976,0.6072582146986272,0.7515639733409806,-6.554287960157092,0.08622027964123619,0.31762077489581886,0.2919554562430988,0.259384658645865,0.6926877154242732,284093
track_03988,Rock,145.4518623626395,0.7031573651721509,0.9332685778632639,-9.789016375656884,0.04829882592945475,0.31893752160677613,0.24391662774360487,0.17097145818573584,0.4918612188024323,251907
track_03989,Metal,165.67843420120064,0.5388986183475656,0.9812824441550543,-3.187251107783016,0.0421558110235049,0.045410705467549974,0.10513403704750819,0.2847999942274727,0.489476094810804,299117
track_03990,Classical,68.22127818918618,0.22782843047451334,0.343400835860761,-22.98260993040278,0.03254105569023318,0.9825039942465928,0.9734335878072421,0.22721086908142707,0.5467638111005815,415930
track_03991,Reggae,88.48084042109532,0.7665508234032968,0.5246324923744575,-10.631070488809494,0.06851556269516368,0.4150587885085371,0.14433220178509085,0.23498048534665647,0.7527549089019343,249857
track_03992,Jazz,107.49518442681584,0.6550746298929723,0.565955471488985,-12.225525744706342,0.09038068206764294,0.851680157926896,0.8498721828785272,0.3091434196967082,0.4064900101306239,367664
track_03993,Country,116.97281804298319,0.675470104766622,0.5478374421828835,-6.8498501354458305,0.077087199312479,0.5347907145825461,0.05270298973573715,0.1445939776085694,0.7258258732039915,241702
track_03994,Classical,58.28432550801158,0.2248171990642373,0.24133173767050078,-13.623251671523573,0.04981084086367414,0.9976109247846576,0.9242604614719573,0.24155800617066925,0.34943860756547934,511440
track_03995,Jazz,113.39741032952821,0.5799092704587974,0.4766819215569653,-15.599046577059411,0.054122900751137855,0.6950247432011608,0.9365856402416236,0.25751451246576884,0.4782893754493789,279066
track_03996,Blues,93.06907161169056,0.7508570506261658,0.7200871772397812,-10.958176619279936,0.0609512709202161,0.38667089866337623,0.05882883921717463,0.15751279249897446,0.7928071099889891,242557
track_03997,Metal,152.799355058023,0.3001581255139105,0.8116314009843979,-3.2350011667160214,0.04427405694491932,0.038590920129637676,0.009928184323263745,0.2751763478859476,0.48003820411739273,233126
track_03998,Blues,94.5300207725277,0.7782603752112449,0.7311680698897517,-7.809904657111873,0.050319715226483444,0.4115394497334417,0.009720898165650249,0.22907257057343136,0.7058257461569867,293971
track_03999,Country,86.65805858302095,0.668011203307034,0.699164128440714,-7.5249338078383925,0.03702173828243701,0.4953019358418605,0.17830129991301644,0.25315220482078427,0.5696634985676772,248520
track_04000,Pop,114.97039119146552,0.7610770798225431,0.8458802315742697,-4.488097400504271,0.09502586231819823,0.450727176128917,0.02774953370696307,0.14858471136536944,0.5551089132188868,233193
track_04001,Jazz,139.45212545388722,0.4418423523351553,0.5043690671939716,-15.438095977634577,0.09634181468935832,0.7352106750609697,0.8867194658873085,0.39503245699189393,0.33640203008251807,335408
track_04002,Classical,70.61949336289915,0.11952678436672154,0.14109088196773634,-24.32082672825997,0.07709753962839538,0.9334383362239955,0.9314632307066889,0.4863719956513925,0.49589256264683934,460333
track_04003,Jazz,121.437162025784,0.49178880302255784,0.5840052694194893,-11.127257289944772,0.05710390650115207,0.7643090248444739,0.8618486166935551,0.4180284811056161,0.6608809292667264,275079
track_04004,Jazz,107.41657074069145,0.6615922191393914,0.3407644641680566,-6.828242589727186,0.07604143592850689,0.8105277772575206,0.9485955382772635,0.3528323440024342,0.44291382725373685,294702
track_04005,Metal,158.8601557121882,0.3678097694230746,0.9146895328164949,-4.840624152147514,0.039655438291106425,0.018751276373097682,0.06917060752761153,0.20834463762936437,0.347798285381858,254406
track_04006,Blues,98.13043570934764,0.6782278456658644,0.6468594916913092,-6.66401774584365,0.0739976899026788,0.5470804280736518,0.13924209046581046,0.19019658689232305,0.6029400003930423,204482
track_04007,Reggae,87.32905396111244,0.7049810453554534,0.6776420770509304,-6.252642839430685,0.06366113964736093,0.5706012452905727,0.1669533947528281,0.2687546911916058,0.5762735615109272,241662
track_04008,Pop,97.98232908841192,0.7218284985309229,0.6730411426830523,-3.6085389185530667,0.11035940915999862,0.4457492976895977,0.04297617801986159,0.21084581888087178,0.7467681313110005,235913
track_04009,Metal,145.9122214553729,0.43826860704844534,0.9707769753970864,-1.8194668287228426,0.046798495379340485,0.009461361391734747,0.10196841956524871,0.1948201858157624,0.3257291933331395,305031
track_04010,EDM,127.90041084611613,0.9168103722549793,0.8501859883155705,-1.6857192255002311,0.04380520429036116,0.07006360998641625,0.05454445121084756,0.20054434482677125,0.7317086791618284,266014
track_04011,Metal,155.07983268919554,0.30532005746815866,0.9170742735539267,-5.279396940800945,0.06902167282444224,0.08321522803564925,0.06771884979748635,0.11472985249234212,0.5988195239833864,253540
track_04012,Country,104.10141956685166,0.7217584906734469,0.6932983070600292,-7.808349204475245,0.06390634194594677,0.5117877236034019,0.19286114531955395,0.18054173880207003,0.5350285698648662,272828
track_04013,Pop,123.12370639071423,0.8598487472938444,0.7710374741978638,-7.056401005094245,0.09536885614996686,0.3060006559794293,0.049094733854766336,0.20199310941317392,0.5153819932604174,194583
track_04014,Rock,150.4983040014658,0.7752145281364298,0.9887068991339909,-4.900509963514601,0.03682366785443645,0.10706241632387975,0.14387850083973006,0.3999016919682655,0.7477186949997621,189232
track_04015,EDM,127.52247338015076,0.7930454003033239,0.8109227347648601,-4.169997396749022,0.047568537789275445,0.1658144357177072,0.036391313811642664,0.12090607483546806,0.8219317607788166,205552
track_04016,Hip-Hop,80.50924627920097,0.7098110611741416,0.7221206220865704,-4.009320762268603,0.3514412837815899,0.03582518177329157,0.03902122410622133,0.1573118435723404,0.7596382656940396,257718
track_04017,Metal,158.20006810271,0.4929885404554524,0.9323186467051621,-2.016281364447362,0.07075057006383637,0.11954669072823498,0.07062999925106044,0.11026309697222716,0.3107609962577333,209436
track_04018,Jazz,105.65852718154498,0.6951494293542515,0.5357932298711814,-13.92691622075056,0.06797207015658169,0.8686906719435337,0.8543201924249635,0.3081248728032492,0.4398242637988774,353633
track_04019,Reggae,88.94525698425797,0.7504725873700343,0.6721286289356949,-6.721344434917992,0.05925459675461382,0.6008035014121305,0.15799365864446957,0.12085601657180377,0.5274391340329858,274868
track_04020,Rock,149.4755802158371,0.6002103286637828,0.7973230705071408,-5.360321579615082,0.14203910177663934,0.23163579720223904,0.1058825397927648,0.3684061108708546,0.6732224245826324,183562
track_04021,Metal,162.6415643189304,0.5611882798810746,0.8044711918690297,-2.30697605713125,0.038470123754071765,0.05721479108699634,0.11445047777767499,0.15488902139287405,0.35044615628495174,180764
track_04022,Metal,172.08840963369164,0.32428377473367026,0.8848851442879012,-5.725372884418028,0.06486342549461083,0.19184869358451484,0.13175176152962634,0.15507808995017072,0.35451071626128106,270421
track_04023,Classical,62.961739834674574,0.11946933562562899,0.3687157172939306,-12.297590093409845,0.0569141752140917,0.812384073374605,0.9804000740721766,0.21853657512147362,0.24256848950525273,555844
track_04024,Classical,59.47528306868902,0.17077779134306384,0.1495689342935092,-27.757405646364518,0.07156491360226498,0.8726362451903856,0.9218599378111508,0.34609740698701263,0.21472936021518071,563950
track_04025,Rock,154.91207997722404,0.6807360402065333,0.7838652748075667,-7.152437004377446,0.14451586198520477,0.3411462566894755,0.037220812724064675,0.2636175885245438,0.7723939506035021,210207
track_04026,Blues,88.7633125970729,0.7221497193612865,0.579179106764643,-6.701530903363084,0.08188715474873756,0.5355560481429591,0.13956584569826022,0.22271728290905018,0.6558137069218539,183813
track_04027,Classical,66.16259090332791,0.2318153558157989,0.2465002639458641,-17.785644789355352,0.0683111678189625,0.9634336173555684,0.9849048220164384,0.2608909153041683,0.2244479602229474,486570
track_04028,Jazz,147.7396036392779,0.4126893535993853,0.3640472239832947,-12.107018022972067,0.09132600581600246,0.948390640286652,0.8884151963852518,0.4900276080198205,0.5919771740427286,302027
track_04029,EDM,124.8994633344211,0.8150130197821945,0.8682241026813495,-1.2758120306480252,0.039474660153220445,0.14726644780400983,0.08644397579459231,0.21854575692951184,0.7553720385578925,207596
track_04030,Hip-Hop,82.68016252397733,0.7438347465093154,0.6848134109165083,-6.5233058875686005,0.4728481233046441,0.02272392068141006,0.05182564499608501,0.11749341112860837,0.6348223959732455,267829
track_04031,Pop,118.36454318174314,0.8764994295096452,0.6964813665572273,-5.358969662360851,0.0841959353895528,0.4141581891930797,0.049709551488560266,0.2471371958468074,0.5858120915490086,200238
track_04032,Hip-Hop,82.38042659171796,0.8154916912610903,0.6950532679485973,-3.998773608760752,0.3094295419442359,0.10804816516001221,0.025797402681711358,0.1449243405556856,0.5719037054107853,161812
track_04033,Hip-Hop,86.55186516537702,0.904051248820691,0.6871451937829967,-6.4190435317961425,0.5914365285418435,0.28494651015379463,0.08805161707508265,0.14287381938165453,0.7350755934988316,218339
track_04034,Pop,132.10811602499976,0.7024707672069411,0.7228472039993632,-3.3714310949613955,0.11348749605449723,0.4487488477077509,0.011126346697179596,0.2459352754427371,0.6533966976361838,180261
track_04035,Classical,70.86212303965092,0.20819315290806467,0.1720580005278608,-17.94365617313658,0.04286897189525219,0.9293562991690527,0.9300746356529149,0.4147185109218079,0.447561113782477,364577
track_04036,Rock,150.01512384195433,0.5398463737799502,0.8617794599482589,-4.763286295585064,0.04843769434651921,0.16720620028336064,0.2089636866198536,0.18089528022918466,0.4679763442346404,258586
track_04037,Pop,106.85160639480947,0.6227687255173397,0.6868685504655139,-7.490596515736534,0.1052842073527323,0.11873124348437702,0.0008568285044105673,0.24649973665723682,0.8123393265206899,232664
track_04038,Country,78.5897837556473,0.5794681472658972,0.4709359387555482,-9.297832601038381,0.06389611185785354,0.5473267395869488,0.0911921502406513,0.2556525197696572,0.5299330580676753,296473
track_04039,Blues,92.46777541912729,0.6662339697503956,0.5343519811280323,-8.772483225044468,0.054114795922582885,0.6800887342949768,0.07227233156135547,0.21449058102930002,0.7845082995371186,239761
track_04040,EDM,124.14607476998648,0.7316539487952867,0.8667903038299168,-4.660147319052236,0.054412733257038826,0.17149914834053961,0.24286539032908025,0.27121625380949943,0.5698398874320971,248557
track_04041,Reggae,96.19959698925952,0.787857109132866,0.7406675220410075,-5.4581556107518505,0.08923658548913416,0.31857362424586655,0.023506924107388395,0.27697858512926676,0.5083089347135771,247465
track_04042,Classical,77.00658154592632,0.2999617946890648,0.35533916000008114,-18.255565709642358,0.0616360486422796,0.9207277581824643,0.9810845946858696,0.4657954470971087,0.5066369531889845,535622
track_04043,Blues,92.90411817235096,0.7257605468468361,0.7142435663118983,-10.778510059486363,0.062359948430879136,0.5138545126043341,0.19674168120389718,0.25984311804712673,0.557785930941821,266179
track_04044,Pop,120.11146260284275,0.6572337520500234,0.6176791961346921,-7.956792998314646,0.06506444951593289,0.12852691682169903,0.0179691044551299,0.18802515499076938,0.6919695223528824,197731
track_04045,Country,97.50980256337127,0.5598552720305114,0.510725814792796,-9.2898905443386,0.08698032181221223,0.4603637176924462,0.15097794232925357,0.1947786078911655,0.6439229279435493,275396
track_04046,Reggae,89.90866975416645,0.782113117045578,0.7569260815056249,-7.284809140206096,0.07653148535646015,0.6986480070052766,0.19479949724210371,0.26236661672697215,0.5260584427992369,200404
track_04047,EDM,125.2985769649165,0.9264067961312908,0.8010982801739105,-0.04346959220523061,0.031438293425084134,0.024109103898711928,0.07203201376466645,0.18774432802258145,0.7073806134862369,234378
track_04048,EDM,124.50175808442619,0.7699729231627171,0.8571633682129667,-2.5867425927240144,0.05827598509834199,0.19860748706734555,0.048879436621086424,0.16842711298195748,0.6453759910603738,284845
track_04049,Classical,82.86871921509803,0.27969198333270895,0.2638613810605303,-24.11935431937938,0.02657070471423565,0.9335645708477259,0.9280436817118085,0.45318872733445925,0.4420484473813152,335180
track_04050,Pop,117.16866761291999,0.7699959030015454,0.7929355906761109,-6.528474245444507,0.0852141153267807,0.10776254916116397,0.03039158716617778,0.20674786951209062,0.8021129289720813,236248
track_04051,Blues,87.09540397466203,0.6853866143569495,0.5811580658361745,-5.952170449324894,0.06146750128836022,0.37688389068243966,0.10593424508731047,0.2621928895219233,0.6062137276603256,293344
track_04052,Rock,139.99476852730461,0.5978388672787909,0.9206794099197296,-9.193241757499587,0.037464066197426024,0.3212727717168733,0.11051946419171638,0.21789858224576847,0.6296610588243384,279804
track_04053,Blues,92.45098129972759,0.6312387386690135,0.5807963960639312,-9.941901393659288,0.058317180244060726,0.43121279355372144,0.13940183542386733,0.1541516286650678,0.5857766464551445,225246
track_04054,Blues,91.10666213045008,0.6835154521366341,0.5646227755357791,-11.269620609241853,0.059169448294884165,0.5628749171415199,0.09941658206290323,0.27470517237476344,0.6799056363736364,271236
track_04055,EDM,131.0324605406568,0.9412172019084104,0.8366139441058346,-4.422893916516274,0.04548397381639722,0.07876210938905517,0.24187589210758575,0.1937778588965911,0.5249844753409234,237523
track_04056,Rock,130.46301566761565,0.7472035706934063,0.7568393632811271,-3.260118360277877,0.06297375535041874,0.33304443211169094,0.04869176988609958,0.37726811756908407,0.571138119083622,237201
track_04057,Rock,143.03917089270058,0.6835921251527877,0.7001677281708774,-6.9965501205616185,0.11541305647221337,0.15603785413521154,0.2552711495984109,0.29809146822979943,0.402769718825821,288504
track_04058,Classical,60.26396019154034,0.27790586802273987,0.3656567250667412,-15.598144332510405,0.07122699128030996,0.9845028173736199,0.9577328870305932,0.49157190775074844,0.5821595445559673,383238
track_04059,Reggae,81.668587789271,0.7984790737690532,0.7211014019666816,-10.080935931259798,0.07842593147606083,0.47414848045704594,0.17206577830901293,0.165790014155364,0.5563561964459731,283913
track_04060,Metal,166.62573141298978,0.5497643105334995,0.9501437460768546,-1.5959911934838278,0.07054951052806097,0.04109331114834445,0.04006488208904866,0.19160266014394833,0.3573467196707019,331622
track_04061,Hip-Hop,72.84093808667065,0.8331323246869121,0.6961321869416686,-4.5780744744511335,0.3245455633123753,0.11284768683280853,0.023749860824613556,0.18761794265102943,0.6593344427759167,232081
track_04062,Hip-Hop,85.97136977400494,0.7065837272047208,0.8208045320511567,-6.588982544170776,0.4452790988577462,0.24246755979921375,0.003697685290457842,0.12830385129013536,0.5392704196708238,247777
track_04063,EDM,119.56174581212684,0.9086774273706685,0.8986055344974156,-3.769360591703509,0.06800796227584,0.02501256394424998,0.03687343256341308,0.14905697184191485,0.5307088486613002,200341
track_04064,Metal,152.41737405981772,0.4728342115420345,0.8913946281818121,-5.591245026784485,0.07873855569866245,0.0478667296742851,0.17383158284364963,0.17579554151201904,0.5051809475398753,300920
track_04065,Reggae,93.65948533755395,0.6473606445433295,0.5410639969239363,-7.967026335346009,0.058352605715860484,0.4869177973079193,0.16400255312894732,0.20413939501661255,0.6547669347981117,244219
track_04066,Metal,156.49445714987513,0.5102388667900836,0.9347200732526401,-1.0955603557035136,0.05778326396644283,0.11709888545964389,0.060014035340723096,0.22522356719309033,0.5273173265853798,229113
track_04067,Classical,43.81430689475946,0.12271689994793439,0.20238633630771372,-19.296427196807986,0.05899216257523142,0.857778877083883,0.9476299591466453,0.42022384067180907,0.3688990992582808,585660
track_04068,Blues,86.66805957811785,0.798009308070283,0.6193988586963517,-6.478071706078688,0.052632735599893406,0.39881648344349985,0.11367827343694868,0.10080565394043871,0.5052276385726701,209218
track_04069,EDM,122.1112521491619,0.8841363696124952,0.8181747351763825,-1.539258873497288,0.06445045287096834,0.19007520401891617,0.016359335210159153,0.1123871176411666,0.8721619553333846,228446
track_04070,Rock,145.10729659305753,0.5260896096548449,0.9939276682048032,-8.104583427151239,0.06307958508720057,0.24513168740139915,0.06931729771384385,0.3978617066300708,0.4171863543478176,293997
track_04071,EDM,131.75126585279378,0.9392496818246349,0.8533299033469612,-0.7445762846068646,0.05346118628987998,0.07899903716082722,0.2470828194108774,0.27405981229448406,0.6130587226780938,286513
track_04072,Hip-Hop,81.6477656821453,0.7124153705558922,0.7252987748216733,-7.581288422103974,0.3881506916273781,0.28510948336459546,0.07347374482259021,0.2511199038367312,0.5537945530644158,199760
track_04073,Reggae,90.17945695018396,0.6580227377371277,0.5057880311055211,-7.025902671441366,0.054150189982256125,0.458929612137115,0.056927757434773255,0.13992717129273008,0.520135797315126,285532
track_04074,Metal,142.6343226586807,0.32452347705636075,0.9080638280806446,-5.901879481192644,0.077000993982143,0.19329500389053533,0.0609307696592738,0.152038928161294,0.33132155991054035,230255
track_04075,Reggae,96.6600229641872,0.7921961633799322,0.5073671473058763,-10.85314079524285,0.0949762724817283,0.32862788402212023,0.15300935041304023,0.22479565049505956,0.5143102712334496,289768
track_04076,Classical,59.94583649023816,0.24182644263207784,0.21106283020379862,-21.15900965448982,0.061227863496888274,0.8722197819269358,0.9826557712020016,0.24441908635744292,0.5630377194843851,514953
track_04077,EDM,125.74142470450533,0.8561294500519767,0.9738965166261728,-1.1704968550702781,0.03472626743729838,0.18985587391119843,0.020920311815254344,0.21138086309512133,0.8780049328971676,272846
track_04078,Pop,117.37421434384657,0.8832397625166826,0.8059943375295842,-7.590373051416825,0.08115946392600548,0.12935986325404625,0.01648932823059057,0.17030061564799734,0.7398533321310294,199120
track_04079,EDM,126.50541385004719,0.8643984161077113,0.9753214868477298,-1.3359347093586003,0.03544050526728025,0.19027883700962708,0.027574974216232305,0.1400134479449402,0.5556972376092467,250496
track_04080,Rock,144.19975238399297,0.7516263733969855,0.9401439292088505,-8.160649241099213,0.08003800225786309,0.23565329830915152,0.11651501765171264,0.19325907485674526,0.7010991197125391,253931
track_04081,EDM,127.2777229869757,0.8191238223179602,0.8032410402252654,-4.89555803082313,0.041105552008575755,0.14824416416081557,0.10979708955952185,0.14224087719495665,0.5451898547026617,199971
track_04082,Country,86.81238841709633,0.5232919854697571,0.50360989442478,-7.309549003171894,0.0858486508496962,0.6775791818007368,0.10625530699835678,0.19912893391425496,0.5639033057237103,221530
track_04083,Classical,60.848554801817315,0.11817310185832156,0.35260987133673216,-20.287840885729402,0.06493598487909959,0.9643769792205541,0.9964616974879326,0.387109849418223,0.22731121380641497,316683
track_04084,Jazz,129.7140443914369,0.5528567914642883,0.3172691394467092,-15.405469094588078,0.06473068001120129,0.580487665332306,0.7026284929575841,0.4270934712450277,0.6406537646033746,397674
track_04085,Classical,74.98474410414453,0.12962959577733274,0.21364879325754063,-27.12967733055856,0.03624290577959778,0.996902955470697,0.9107675656069384,0.32193944792536644,0.47076773635420915,403922
track_04086,Metal,153.02044509003952,0.5545507061703419,0.8513816157653725,-4.7472924623885415,0.03588457279875481,0.17272660133697873,0.1450117462547688,0.16833136672001675,0.4048250428697485,210136
track_04087,Jazz,92.23344489114449,0.4142072440836713,0.5489115805621675,-19.62922716961447,0.08379257506510071,0.703532391327632,0.7018743148230727,0.2869840708588398,0.4384510783675309,419632
track_04088,Metal,146.022985116778,0.558498306559948,0.9018326007479006,-5.913508701061809,0.03341994516220105,0.17207018142307454,0.05672600531829211,0.16361808354076252,0.3419332368547522,308510
track_04089,Metal,150.4664135312751,0.4897779456298325,0.9528465723293366,-5.0793810244700595,0.060043016441874236,0.1467766270881738,0.07140961788332519,0.13249823162330904,0.38583480633732703,309840
track_04090,Rock,154.24004831525968,0.7512796365263641,0.8100792529606087,-8.64716764108028,0.13824810521050845,0.29180480270276743,0.29647554046297886,0.1900754258354413,0.4801476295036246,298886
track_04091,Rock,139.27423773689205,0.7665581313693783,0.835138491619303,-5.50626513238249,0.049504179917730096,0.11577476854656266,0.04802555292143921,0.17555357075362193,0.7003927572161381,235016
track_04092,Blues,95.17526351861993,0.6878535421649437,0.6162133930495591,-9.632283420699709,0.050074019643651956,0.44646361498525255,0.19384594686596232,0.2764312686149156,0.6851979910084155,293561
track_04093,Hip-Hop,80.03693649759646,0.9278041812511437,0.6152101835127058,-3.0912985652078646,0.4661383194774599,0.18336111732228474,0.09868255624823503,0.21652956062356452,0.8188111942249572,267466
track_04094,Blues,98.33345807638943,0.7106015843291426,0.6041079418981214,-8.850123116547088,0.07007943850861965,0.49640781943198,0.19222189108272364,0.15635769056004759,0.5853738739507609,182341
track_04095,Blues,85.107233298224,0.6703515134472459,0.6995719847460737,-6.5615986263465205,0.06683001484055516,0.3223377972044332,0.1266344364539061,0.2843172784449767,0.648923224671645,261348
track_04096,Hip-Hop,84.54583711002314,0.7065318911412743,0.7839426686310003,-3.09297854663403,0.3103121235111539,0.22684371424694633,0.09896972501388174,0.21868206992829964,0.6698769559554192,240118
track_04097,Pop,122.09347606326588,0.8362710709576253,0.7054093905132536,-5.913376743826004,0.10221757635668616,0.35820746849626517,0.03890490165268011,0.2774327448823562,0.6053623378031561,192507
track_04098,Jazz,147.2988792907628,0.6638616469359786,0.3931891812319743,-11.097389105556024,0.07012571400483507,0.5650235026073414,0.9969419547445553,0.3275525469839873,0.5022636148287317,310039
track_04099,Reggae,87.87995045499794,0.7339730712660528,0.6011371352921401,-6.831461143510501,0.06578260984706699,0.3182353309223474,0.07592320724999245,0.14373891182017942,0.5642872252385734,248046
track_04100,Blues,89.30987228708224,0.6485492378150318,0.6845956592859386,-10.695907975553128,0.04794856291061666,0.5530300967810424,0.12492511870766199,0.13132442840389766,0.6057283092343795,298149
track_04101,EDM,117.99453667575351,0.8851145899666587,0.8228725967469099,-3.566567693786948,0.059104342489118604,0.041433764586756405,0.18019278926369592,0.1895326500956624,0.5809455296489574,248739
track_04102,EDM,133.07305364495008,0.9261961315488956,0.8972498097998499,-0.19197213452169137,0.05079614113176017,0.024502089692628126,0.1555301237476192,0.27212554118759347,0.715218053249728,238621
track_04103,Metal,163.31245123532733,0.4371868579494079,0.8390702414531417,-1.133742977719054,0.033738264531209275,0.027221207036957296,0.054064307852076145,0.2909056710651186,0.3836646315891778,318642
track_04104,Hip-Hop,88.16787359688978,0.8040069307408569,0.771280717691449,-4.114259677897841,0.3838835978156568,0.27577271458247743,0.09354481550020176,0.1210715485098558,0.7812073924464876,274276
track_04105,Metal,155.99180742895402,0.404045524511158,0.8111942653723682,-5.001888719578174,0.06013961681940967,0.152300411270415,0.1822453588553068,0.12393710735176207,0.3421718556878031,255482
track_04106,Country,103.76638024920655,0.5277497292994067,0.47188415190066973,-7.057089282007456,0.09055557978214572,0.6409403070397969,0.09918591618374728,0.2571254045660958,0.7297200125049356,202939
track_04107,Country,95.8372737456465,0.6815280412892353,0.5322602847806193,-5.32717686741861,0.03528353078655663,0.6149309470931745,0.08481919138914229,0.10619697831663132,0.6635473868430601,180890
track_04108,Reggae,87.95810181530395,0.7283460431221717,0.6496135543053149,-7.6332291907715515,0.06614896713960983,0.5123852161212559,0.19767924980353632,0.16586257100159293,0.564935832045299,214850
track_04109,Rock,144.0678387016689,0.755575083507535,0.8945119882122862,-8.17667605808148,0.03915776937500223,0.12077814289907587,0.18327842426137683,0.3859985809926384,0.6781112710999122,200737
track_04110,Rock,131.7009083484255,0.5504771806209542,0.9642565084681776,-6.160547329364718,0.13229281148463404,0.3955675873142048,0.16506200425034276,0.1354455457572151,0.5445070883586708,291536
track_04111,Hip-Hop,84.51200955364068,0.8658367078605759,0.8792829396712779,-5.002040087838866,0.39015264642868286,0.11595628012385706,0.054131902810251646,0.29527176114155035,0.7513326426505811,201690
track_04112,Hip-Hop,76.52170047928762,0.9424245250283629,0.8698611241164369,-4.599253384526989,0.538009442612998,0.10909232449409757,0.05857122160635567,0.18067083398730047,0.634816704684823,220449
track_04113,Blues,94.6068939606032,0.6340808939902002,0.6144427375896939,-5.784911457898245,0.040918265552715,0.6791467981312453,0.17978008395909673,0.18356962928182302,0.6959075841398389,215710
track_04114,Country,96.69589187317803,0.6213081284518324,0.49795570171676284,-8.727984420047358,0.05545683688961426,0.6740200637070946,0.018846165945403805,0.11214571782354893,0.534335424181266,228664
track_04115,Blues,89.3255532521188,0.6849718070321762,0.6521333291787536,-11.977605240469364,0.06920591964472675,0.377969745764113,0.019575400584009573,0.20665925671641577,0.723244758983073,294429
track_04116,Rock,136.34885376394897,0.6509955709710558,0.9988392928220255,-5.424876265761225,0.11441839697565455,0.1940865488620974,0.14146131299036083,0.1552196168497404,0.6740757822762664,231968
track_04117,Jazz,90.39179217612241,0.6231444330591775,0.5058977376025564,-11.318001318738757,0.0782459563327988,0.7924689550588566,0.9868831095357808,0.3527401797160781,0.5360763651885727,395894
track_04118,Jazz,130.27355518936074,0.5500832839315136,0.4629578923228984,-12.321337684271347,0.04541971333141753,0.7025005163573137,0.7612994269981472,0.3601207922869263,0.6032305009125029,319559
track_04119,Hip-Hop,89.04202274272133,0.7403137058708782,0.6013933459513952,-6.408658604344955,0.5766934079746224,0.0262873420810516,0.013707442124550563,0.1640679443916699,0.8078814525606344,167743
track_04120,Metal,159.9984389226114,0.32612108567669873,0.9867684588073047,-4.805905950515073,0.04403183926721686,0.07728354238499091,0.12689855245727658,0.20426189037622916,0.5785844702648051,291767
track_04121,Rock,136.61427330160177,0.6087664087070362,0.7959659904276566,-7.639029306009831,0.14024173222286296,0.2324781167541074,0.08039046906191481,0.188320600958978,0.7213345815550268,271413
track_04122,Jazz,125.97935431173596,0.6331615919981087,0.31950068978998186,-19.777438797428346,0.07601732123916666,0.8619156946167592,0.8184598798676095,0.3163265326051783,0.453791808531023,271191
track_04123,Rock,158.34291827870254,0.7127872824771547,0.9621786624195532,-9.682032642038164,0.09758663347282535,0.210728859271744,0.24994776828204943,0.14014334248406954,0.7638805421545011,238793
track_04124,Classical,82.85227433526916,0.23644619746405884,0.28369558680020096,-17.146793455671638,0.06880972190222265,0.8573837951219657,0.9677068071434382,0.42299530837498317,0.26752598583997556,453019
track_04125,EDM,116.14105230485096,0.8533200605847315,0.843272846198128,-0.8447345670790485,0.045326526247162505,0.09658093934393963,0.21974578168684764,0.1332330245692564,0.6049373523794724,299719
track_04126,Country,102.98054253520961,0.5720516885967583,0.40029374010307006,-7.820459597304331,0.07247955972324069,0.6321090329611938,0.005672892195994983,0.15166260013531854,0.7956386360143004,201847
track_04127,Blues,98.19514705604243,0.7531599165829629,0.668185340561122,-8.439639026191935,0.07978991443820105,0.6600032677957199,0.1276994459512059,0.25766435015102174,0.6440815255574136,192225
track_04128,Rock,150.17661910352152,0.6038620222661264,0.9766245942306178,-8.52081278680094,0.07536358100207577,0.22958897068713235,0.12267029861258127,0.10125947435215588,0.5083894307662363,192354
track_04129,EDM,131.55706039100525,0.8182219095246158,0.96977460334471,-3.513642673719928,0.04806408472297331,0.12673310354914388,0.07759526700492984,0.2314656652953958,0.6154409443632506,219634
track_04130,Classical,67.89293647009546,0.15241421315576104,0.32992734777521115,-16.934552307858887,0.07670999384216651,0.8929894829696181,0.9052186629872383,0.4101268602267897,0.3019643019875032,308654
track_04131,Blues,95.31053256202198,0.685288654013694,0.7571603914574832,-8.458491148322253,0.0654827874541001,0.4116279591130118,0.025297368891274454,0.20518046149558639,0.5975675345872531,266135
track_04132,Rock,135.80940581163105,0.7600094284929191,0.7152654202028113,-8.921146110511502,0.04338600024911102,0.15450917218668014,0.240978598270707,0.3058358033960319,0.6747849749313293,216397
track_04133,Hip-Hop,83.61255539347475,0.7363626380260446,0.6248324316771501,-2.7137321989419982,0.41153196475779874,0.14961788093034664,0.08030600462051311,0.1746336089736787,0.8471819002374963,241871
track_04134,EDM,130.65832781412416,0.8116577045384235,0.9758533838411363,-1.052664439212613,0.05281357828126987,0.16174183286862648,0.04584825265320486,0.1389838735173258,0.5835459166227751,234018
track_04135,Blues,95.29380977379367,0.6330772578090006,0.7881472842276773,-10.375536680625478,0.06930190262716585,0.6921985234306279,0.18142759515372023,0.23189303154947977,0.6107578276089467,244800
track_04136,Rock,131.48985631057985,0.7684327567970908,0.9834834913361965,-7.506806160719367,0.14086286712134916,0.26405434029014474,0.1419821232536278,0.34982940337888,0.6184333747543399,242394
track_04137,EDM,119.74000777304587,0.9360908978201288,0.9674088255664959,-1.7249689349179977,0.06995359230707332,0.04864957847852933,0.27573811123476244,0.16091468780200383,0.7386379010866784,225170
track_04138,Classical,75.1379797459398,0.2114111400294521,0.3528567718621568,-29.662501909204806,0.03221049972215073,0.9041917312319779,0.95522460249325,0.22589997921570734,0.36297181026656505,340224
track_04139,Rock,130.91786096013885,0.709787585075268,0.8785276006019003,-4.244280375692114,0.0985835898268494,0.19199601759456625,0.2888610605979847,0.36583125996845844,0.5115285592506155,196148
track_04140,Rock,129.70368603523988,0.5386415609422125,0.9507991725534807,-7.043955078213381,0.11628759513471859,0.2288448247243393,0.00030366892107768216,0.22012307507992065,0.4590008780314264,287349
track_04141,Rock,145.29945896472745,0.7934584612930687,0.9014357694876817,-3.2854716980157637,0.11784656548350825,0.12277451044736107,0.26679026141182544,0.15967587908040187,0.7459157355953371,296407
track_04142,Reggae,81.31225799784185,0.7677235154403637,0.5760741326957475,-6.348222278652669,0.07662112268263158,0.3327492102930905,0.17782638532725462,0.2753622529244281,0.6715973397030046,257776
track_04143,Hip-Hop,86.2277982974588,0.872634992453625,0.7413609167171888,-3.7846331091380794,0.30984376588352586,0.01225588173027361,0.08963399652155098,0.24993880319431142,0.8313870079531609,196628
track_04144,Classical,88.53642694579275,0.19192937237657548,0.2602012106653219,-25.12675906480299,0.06401014990931367,0.9658908806801121,0.9907224092655396,0.3551101545126496,0.3658306022909367,302693
track_04145,Blues,91.55873699420528,0.7408605338469769,0.534181331126902,-5.048700730341929,0.042058832682180844,0.4458759863032218,0.08495405020712617,0.26056123465189485,0.5089452143302854,237224
track_04146,Reggae,87.06939836936746,0.628482283955814,0.5451389034969853,-8.613234784272104,0.0469312152419125,0.3502622993810911,0.0512335972267753,0.10017164476555206,0.5827369300872098,218878
track_04147,Metal,163.90964103037362,0.3358890236939332,0.9731142662931158,-4.044051200517058,0.04935181439808228,0.06976217672486873,0.024947306288591698,0.19570100741978946,0.5362133908041041,202154
track_04148,Reggae,90.42287111129727,0.7409869998140026,0.5028860564201157,-10.276689496922181,0.04411767028161903,0.506156578287176,0.06867674401329996,0.12751750076004592,0.5000962481257702,268122
track_04149,Country,119.50248298860186,0.7245882709543573,0.5957711646201712,-4.367654288942319,0.0906458772684853,0.43867037534903436,0.002330382755790783,0.17688228172977627,0.7595989965076129,280713
track_04150,Country,85.96113674977968,0.7238258564684539,0.5970183383136884,-4.026198264386755,0.09412823581359074,0.6606857141236016,0.007501960162109822,0.15604958317945272,0.6124231240666459,283078
track_04151,Rock,134.6753408895474,0.6982553446371162,0.9845505658290415,-5.7515339762342546,0.05905842266566114,0.34913700194064323,0.0037627562090501773,0.17696114842931268,0.5549961954191136,289480
track_04152,Reggae,95.41694759408159,0.701764490610388,0.5154439417079105,-11.801767700571746,0.09133888973044431,0.49994004796119695,0.07335873736620284,0.1568912181574978,0.5845368922157663,201226
track_04153,Metal,176.6300879982748,0.3892041483190878,0.9894796072659162,-4.69020385041198,0.06560660550891484,0.016296011379599996,0.13296890921967605,0.19198974973177704,0.47073235339301855,257418
track_04154,Reggae,95.73434836493422,0.6867127937159262,0.7298833569671461,-6.630406170388921,0.05425335767389577,0.4410397100452116,0.0007627110784202973,0.11799243486763521,0.5380191057946264,228037
track_04155,Hip-Hop,82.58636595610469,0.8124190777402522,0.684707003284035,-2.4325550383118593,0.4506324615326379,0.15664816110876395,0.007614692724697447,0.2794722042721867,0.5956109966907526,223432
track_04156,Hip-Hop,86.95723118187155,0.7178596786880764,0.7968078958553713,-7.321836499041564,0.5459464883658314,0.23779985551489163,0.05036000342532465,0.23220883001719855,0.8090486765216659,268126
track_04157,Metal,169.96306929814912,0.5731536557347086,0.8622649246197105,-4.790226711845277,0.05306347340498027,0.14916791065865148,0.03080771396744473,0.2568933582733762,0.4538017282369774,312266
track_04158,Reggae,88.12291822027464,0.7343518723343373,0.6884602363963827,-7.643460693729358,0.08528719346647376,0.37248911429633724,0.13949947034441076,0.27745887143444137,0.6590933886452086,208983
track_04159,EDM,120.20200932731896,0.8343888556580511,0.8600099158889594,-1.3858687038768815,0.06747674804615217,0.14181799564304737,0.10659311003274165,0.22001399233159075,0.8554104367192484,218028
track_04160,Hip-Hop,83.46452054830546,0.9431742178615271,0.848318247044304,-5.266488708785787,0.5226733931872314,0.16657867057008535,0.08532474670848958,0.2036217804689676,0.8951981086551248,249099
track_04161,Hip-Hop,78.95229636150188,0.7781458582565705,0.703327297586763,-3.1508554502966284,0.5325331472896083,0.0758018272244713,0.005515227430997982,0.25355676184129106,0.6639464715177273,216872
track_04162,Jazz,127.81693656179417,0.6847227993242819,0.4517167501437991,-15.69346292752069,0.08697937026907376,0.6118067193644872,0.7743247314766021,0.2972996001097171,0.45790737045716084,335807
track_04163,Reggae,98.44851613625309,0.7434341719031804,0.5136680501048279,-11.062669544574682,0.05291151529311017,0.539065516733076,0.17905287017934957,0.1649813227769748,0.7891232249326579,218630
track_04164,Hip-Hop,85.52981721483674,0.793540858337157,0.8332083660386551,-6.682357740892467,0.5418777783356132,0.20220599634489314,0.021972586373790085,0.20528092020921668,0.7456283050025069,234570
track_04165,Classical,71.62424554548002,0.16902924581444437,0.37347968846202384,-28.440028716617935,0.0685269014203009,0.8819149236306033,0.9181099441805455,0.2361067190251358,0.2883057635981011,332548
track_04166,Reggae,97.81633412540815,0.7968800998612204,0.5398037635155536,-6.826010357617414,0.06525255761602594,0.6524384190432505,0.14345225484340957,0.21245044467193847,0.7813080903164542,182346
track_04167,Country,105.52806470526886,0.6075825006337856,0.41149157360812244,-6.140216440119776,0.04362808980688005,0.5656965199950051,0.07693665172491065,0.2116054078204062,0.77973089583902,273538
track_04168,Jazz,123.46054749038524,0.5530942656871576,0.38316203038599633,-15.90856816704435,0.0979771976671226,0.630573810897501,0.8816400499821545,0.2112340031016342,0.36173969913206694,379973
track_04169,Hip-Hop,74.60597334229713,0.8750703420733226,0.7877383961538492,-4.3979496637199045,0.4008774342427859,0.09814371829705816,0.08734483836266185,0.20879295321700359,0.608893676049573,183719
track_04170,Jazz,118.45204170508573,0.5877231246235314,0.4207568366496988,-18.985402887816385,0.07665247811178527,0.8029176984572337,0.8518127065103509,0.407943642678662,0.3831206932613137,295435
track_04171,Country,93.77432133882057,0.7393898499525462,0.6256279293130204,-7.272958776135739,0.09316049827615502,0.6152399441800861,0.08610563874030282,0.29482752397845113,0.5895630015579918,220699
track_04172,Metal,170.80043712831764,0.42227256349024817,0.9065329174807248,-4.456163169983409,0.03240344190292149,0.14155005392139894,0.19316341476663407,0.206476365216881,0.39887398513856853,235722
track_04173,Metal,167.0326656151911,0.5567072564475212,0.9057422011497483,-2.6156366666577138,0.06501587218078053,0.1282183410054515,0.03214999099439173,0.23855524234136408,0.3009654252335051,243758
track_04174,Reggae,88.85200480278027,0.711842665903026,0.620508976116241,-7.209671276611459,0.0519356845640893,0.4529030069284951,0.006682769995442839,0.2755356332679386,0.6275771219298902,204100
track_04175,Country,90.57164999899044,0.5115051984335235,0.5381483635742854,-6.864445521220667,0.06997438400769218,0.5386659311477064,0.17390537880341472,0.10753594902172854,0.6841425817379782,232802
track_04176,Pop,106.48472953574239,0.6570427962564831,0.8229574182933326,-3.7339063812409643,0.08911783049526364,0.48812747076898844,0.04635851337969055,0.27940116758256817,0.5533167103403172,235261
track_04177,Pop,122.75234669383369,0.7036205355925167,0.7221619076123185,-4.677405332312015,0.07402744525174111,0.3516037644004708,0.01255368653658865,0.1584041654976518,0.6242690573497776,207117
track_04178,Reggae,94.15959608289106,0.76673442842153,0.6695497926767504,-8.052894534119226,0.04336879132330854,0.5598032253082046,0.06562397146564972,0.22245987242601592,0.752070124331371,296467
track_04179,Rock,133.18123318507725,0.6870063913019744,0.7807843304718276,-4.999345787734936,0.09173825272976169,0.30848612884570337,0.2674856553456351,0.14147381335034875,0.4266954591550852,242571
track_04180,Jazz,111.71368460842864,0.6052894667909465,0.3953613301057029,-18.591678436682255,0.09696966251416125,0.5527357014842968,0.9978118931812994,0.2377342917265807,0.3683629394103711,314497
track_04181,Jazz,115.98250792505893,0.6861260234661586,0.34644962033366755,-15.920344104571669,0.09964798448235371,0.7403102394595364,0.778673532003412,0.38478184085371203,0.4744129070818888,376401
track_04182,Metal,152.62262938842457,0.49673991279597385,0.8988365739535937,-2.28287985673873,0.04090851222616571,0.16839712366074322,0.03117698363934487,0.16598308578248883,0.47736228895656635,193360
track_04183,Pop,105.33568910088933,0.8177296606885711,0.7740834236794728,-4.236579640942205,0.11411165073085051,0.3846868741516797,0.01759551464420536,0.2581034955493409,0.7783447031209171,222597
track_04184,Blues,93.52771406128124,0.6418136110213889,0.5103347836160269,-6.163466657778001,0.07560745684568734,0.3860260200958343,0.19401695993664161,0.24734779498135967,0.7116556476294273,292223
track_04185,Hip-Hop,86.61692119127275,0.8192205373077683,0.8096260688765724,-4.811626141719993,0.3402918983110806,0.14309746276512758,0.09645589706646886,0.2509681202473577,0.6200757128085789,245968
track_04186,Hip-Hop,81.96629945446858,0.9261781893278402,0.7675140768985014,-4.596491756875487,0.40992879515890535,0.10322155079995927,0.09876044452639625,0.22461455343824344,0.8300462706626603,190453
track_04187,Hip-Hop,86.94910952374252,0.7156815226117657,0.7179700670352113,-4.312113650681868,0.5337927916355836,0.27627935283015037,4.973150531231152e-05,0.2255526765397555,0.5027747700778653,252413
track_04188,Metal,161.82763249525595,0.31491373512819393,0.9217521040061424,-2.8263516517309757,0.053978485451761246,0.07937191767886864,0.17853292011805455,0.2876874366528306,0.5019484748097375,198343
track_04189,Country,93.6999909433686,0.5013222513442706,0.47184041155481893,-6.903985864965778,0.0799518081597487,0.6380678875275795,0.01395319214732842,0.15448257730977827,0.7310671936224994,194591
track_04190,EDM,126.38441197026916,0.9143494844104851,0.9020269131544442,-4.851794456316748,0.053396414831475475,0.07809151822869054,0.15638938462367727,0.18814121923615235,0.69871927764453,273197
track_04191,Pop,105.39227505341597,0.683977065804315,0.7188178700396003,-6.226987498361796,0.11308108268178219,0.14939805571249384,0.03622337878075212,0.22217935886517154,0.8225204765345471,209466
track_04192,Pop,126.98585180175398,0.7395619078640804,0.7082824412039306,-6.62087737426305,0.09666436185941543,0.2886597645092239,0.008375935432587855,0.19627493053655629,0.6505484047015542,201005
track_04193,Blues,96.11594743609798,0.6721674470077141,0.7110338390083926,-8.580356343457877,0.07672419991679141,0.44807873644844615,0.01623395408946815,0.28947471644229505,0.7508269558755842,189130
track_04194,Jazz,119.20162537437601,0.4524256034762478,0.5506915821891025,-7.697913410925491,0.042410944590778196,0.854720008779333,0.7460559658508925,0.3831081049369621,0.5575210525643508,336155
track_04195,Rock,137.72410972305485,0.5305065804654612,0.9277514206420132,-7.934575303014764,0.05179968890417364,0.3887833098582,0.27616286743623286,0.13172375738109707,0.7597140839286219,252927
track_04196,Reggae,93.24891659574976,0.7268749105836952,0.6589214002670545,-10.47793037539084,0.047283056524352135,0.5425476203840125,0.16439145134457855,0.23772877090851088,0.5542401271002068,223339
track_04197,Jazz,119.12220896325998,0.6279636190898404,0.37827909480338806,-14.073344665070767,0.07153008725891855,0.5603670773648107,0.9555512109555664,0.4974612568257111,0.467035027516825,241294
track_04198,Country,118.02191608160547,0.6485201550751096,0.6066006041787309,-4.788541525575228,0.05610237023411949,0.6294481822145631,0.048016140856375025,0.23608959720049133,0.640023566095676,210064
track_04199,Reggae,82.5656444284431,0.6971980296393092,0.768530814416952,-7.276035684268506,0.07669943738798002,0.5879460897090686,0.1458223355033263,0.15894881376460032,0.5698212887440989,210537
track_04200,Pop,106.31041657355222,0.7240029733207151,0.6666158562055614,-7.160142664125366,0.11362870097546808,0.27075901660665114,0.043286559344140337,0.1319089977859586,0.8067973864612475,205609
track_04201,Country,99.29269505905945,0.7195963457325327,0.645813864419727,-7.172945722266351,0.07275939546714143,0.5889118454988458,0.021964996602131137,0.15698081886792928,0.5902949483543289,245967
track_04202,Reggae,86.07848808042641,0.6515210409073793,0.567995787229013,-11.350160028908412,0.0666632548179745,0.4152556493497611,0.1850181135140887,0.18078194974114992,0.7629849833115958,293619
track_04203,Blues,89.1384268737514,0.6064716397587137,0.64608602904189,-10.41262268199733,0.05844653003666943,0.5737429609441533,0.10590093130585701,0.27772249989268327,0.7807863970988227,218190
track_04204,Blues,96.27900588266473,0.7401098785751096,0.5692094933876568,-7.180136363544156,0.059286697208718556,0.3889688531330713,0.04731119970246034,0.23355755037122927,0.7301677166600876,244417
track_04205,Classical,60.83097241925995,0.1825481879966957,0.16432261158481698,-22.35089236426057,0.035980835590971136,0.9617459069567305,0.9004062687691288,0.30161247852447093,0.5876942561954335,461568
track_04206,EDM,127.12698672129335,0.7252289860922232,0.8830437285600212,-0.7121762125997213,0.0564248985248639,0.02078875513477616,0.2542734093652064,0.23613924588380988,0.6812225176343695,237551
track_04207,Blues,89.26502104146604,0.6598374069733794,0.6337488048705072,-9.187649618404336,0.09543453658396947,0.49724901858925913,0.09526439160347809,0.1508976191667975,0.5138968475035345,219109
track_04208,Pop,94.03221532633809,0.8305511132490818,0.6260358673087772,-6.08573178185941,0.05920277181106468,0.18943742777656328,0.025149709606429888,0.16382774839184236,0.5847650583920331,194282
track_04209,Rock,140.44148603470688,0.7850139427474017,0.945322318244099,-9.111104938012764,0.0803889949514465,0.261907356075339,0.1588243519730372,0.21386043793701595,0.6126561006208577,201407
track_04210,Hip-Hop,92.69450706928599,0.9106214997456081,0.8697127405503591,-5.192049214795844,0.5947726935745501,0.2912486920791189,0.05064679708384689,0.20840642412937682,0.7670999358203596,177921
track_04211,Classical,71.86111456525634,0.10708735315544785,0.3558186810030254,-11.19108397685983,0.02157374471281975,0.957852363761457,0.9385813260941027,0.37568954000867727,0.39999797878428633,476602
track_04212,Hip-Hop,95.5556170057036,0.9442532228216274,0.8284037095011221,-5.046448006473183,0.387785116760367,0.27825491507776506,0.05342103240270005,0.2377587215308968,0.6889761429670154,286015
track_04213,EDM,134.0782713593944,0.7958302319791352,0.9337453005653257,-4.788219228692399,0.06746150309295626,0.19398630797455121,0.1158883811203771,0.1996767826961427,0.5642330807678435,193663
track_04214,Reggae,90.83936774704549,0.7204137246911168,0.6881013391821696,-9.608751475453822,0.06244169127919108,0.5024914118145061,0.1879584819158405,0.1299313268088222,0.6654583433803611,264325
track_04215,Metal,161.9935498442488,0.5604020658825315,0.8251829701125556,-1.1794707234912964,0.07608801682539094,0.11984745009955522,0.011744424806860599,0.19084057256176132,0.3537818883367459,211335
track_04216,Blues,96.452611184356,0.7487742009609419,0.749122058932031,-9.635102529530313,0.09632781319998732,0.3962499149081813,0.016115272088641587,0.2850019331516548,0.6619431688786888,259248
track_04217,Rock,142.0353046162352,0.7497331149400057,0.7877030348037046,-3.8856033948897704,0.10797269797443124,0.32140475698886417,0.09372665304726094,0.1735046546234834,0.5632726070980445,254800
track_04218,EDM,129.46924625374888,0.8242973593361431,0.8387675859003731,-1.177893850994698,0.035023010584214795,0.08366846243452208,0.18846391495560508,0.23837123728741477,0.7932110868863709,267716
track_04219,Hip-Hop,85.01532113136929,0.9466976849289115,0.6524137966276342,-6.653725359886884,0.4382253920124107,0.1526221735674495,0.0424477111834919,0.1860793978612843,0.69490024948511,247481
track_04220,Classical,80.12474411260553,0.2871347590626905,0.15603701426458416,-23.95768436567439,0.05029128493292283,0.8954710087238018,0.9400304741679455,0.2943208813061865,0.2588738946396734,394729
track_04221,Blues,100.7464862458913,0.7093105727271536,0.6726466839944611,-7.066117397087216,0.07776285970241426,0.4095611669594258,0.1107419852065221,0.14890258110818924,0.6766509379724406,263049
track_04222,Pop,99.90760026919472,0.7104339727150314,0.6441032326481969,-6.284541917045921,0.08825908604572419,0.36579441511797084,0.027489933370285758,0.1513460583432781,0.8672075123381833,211919
track_04223,Blues,86.36441194785057,0.6876262969602773,0.6096052465052764,-7.54573202925791,0.051751873570108825,0.665594196086936,0.10319815576155265,0.22474660789656348,0.5118561015201271,208617
track_04224,Classical,66.71880851217226,0.28249042834058435,0.13776670975425553,-16.538030522220836,0.05787322251691611,0.9558136817333868,0.9746877645288357,0.20973465744473363,0.3553602507803635,357125
track_04225,Classical,75.37841073660782,0.10210135684603416,0.1932720425177225,-19.66144041851635,0.0399902360216467,0.938797450406013,0.9522709538750446,0.48790021428850555,0.34312496940436144,547272
track_04226,Metal,150.48732311787387,0.4249034818317927,0.8332916561568049,-5.168892586449852,0.044724061039579655,0.09366192836869827,0.16482516676730974,0.18936640433036916,0.569338596283445,323060
track_04227,Blues,89.97956450749028,0.6693396069258832,0.7075420113430149,-11.248449932263874,0.04795919017781185,0.4616430833202404,0.1040816343137838,0.2648387837443245,0.6756875572804819,221034
track_04228,Blues,86.71377040423933,0.6772196683552382,0.5593900433098216,-6.214060421387338,0.07964172947070228,0.30486114021733607,0.10037293652897153,0.15426134075123007,0.7745336790059656,289235
track_04229,Metal,144.1691958533548,0.4189576203765272,0.9972166622892642,-4.257558848903738,0.06539828541966902,0.050080401950093,0.060684588753235104,0.14863103869205155,0.4716482610677253,327605
track_04230,Country,96.4673602561668,0.6801443765281963,0.6208062760836054,-7.933053102138504,0.08506156721554989,0.5958107352763067,0.10081014563561502,0.19105451083063904,0.5327421514664746,208200
track_04231,Country,109.95720729205098,0.5492488622566944,0.5078273287948911,-6.60814328877632,0.05041686284038703,0.6993137445579943,0.09046418338704901,0.11034444466823042,0.5528250256257266,223674
track_04232,Reggae,89.16159367583937,0.6686590679735782,0.6182350411656743,-8.030322110654676,0.07344826743004948,0.4445369339398228,0.12048705683181415,0.2232089364558607,0.6580693495233654,184836
track_04233,Country,100.78984249406325,0.6781749976217217,0.46459814341786854,-5.3329890039033705,0.07105011997604871,0.4712562875434522,0.03259025448506847,0.14908029025975905,0.7277258293955573,281336
track_04234,Jazz,107.88298878895176,0.5867335603011185,0.3678580721001696,-8.765073730031524,0.0712606547113952,0.9308533552092579,0.9541709733089259,0.34835511311581113,0.3781862442528743,276416
track_04235,Blues,90.74918585122035,0.6228024622403837,0.7758511118609974,-5.5032651285871195,0.07692169044871508,0.4555440177859019,0.12149975542385508,0.22555202708289554,0.6866414779750873,222381
track_04236,Rock,152.43556874305764,0.596947761030073,0.9396818647590205,-5.746514521692323,0.06805097879441874,0.2068878880993213,0.21945221089990818,0.2650177945368646,0.6673404162685261,281543
track_04237,Blues,92.78145686981948,0.7791398772893269,0.785931179183751,-7.860063774511652,0.07007801278629927,0.6395659305876675,0.015932975531089588,0.29568988928381856,0.6387117062589789,201918
track_04238,Jazz,117.23104822110818,0.5186172106753362,0.31019554278740247,-11.35790054967346,0.06035161016352234,0.7240941879611766,0.9043330641768246,0.41019940012126155,0.31102256594632616,306834
track_04239,Jazz,119.64145778131883,0.5608024320706595,0.4480179803539077,-10.660457047405638,0.07062409092935046,0.9687090493258319,0.739336722398812,0.20402820466021487,0.5087145323515613,291517
track_04240,Hip-Hop,89.90626884525096,0.8620489447846758,0.8888202454384153,-6.906337936411384,0.5081947701332669,0.24476035546098363,0.09120639587396126,0.2057102921786513,0.6452425472711537,271318
track_04241,Blues,90.57272850397163,0.7738137034561453,0.5247290830839997,-5.368700054599673,0.042550863154275656,0.37276571749564286,0.11691910816933487,0.11614743568000273,0.5485183270968107,182489
track_04242,EDM,127.88070085299911,0.7832160934706923,0.9957480606408962,-3.6423571215864503,0.06866620060810474,0.02096215354189093,0.2381955450986889,0.1879476343863501,0.5779267754003089,214099
track_04243,Jazz,123.98344534519903,0.6594033843387455,0.5663693440652718,-10.523684658199542,0.08998951185857655,0.8785655753806693,0.7484869392711662,0.3945790674059729,0.3592702186080634,284326
track_04244,Rock,140.97145876479578,0.58255006983716,0.768839942634955,-6.476852858033876,0.13862618044373037,0.15517452791856598,0.13603393892666543,0.29917884648614895,0.4735176675624464,181777
track_04245,Metal,163.09559484758663,0.5101239048941406,0.9903952842002641,-5.48648680364485,0.037861335185745984,0.10177417903881339,0.08369499223000938,0.1821592321367333,0.3890884508808459,248084
track_04246,Reggae,80.16346838738703,0.7560019774485951,0.6947188015898861,-9.431767288543252,0.040862798990677365,0.6054693581348587,0.09547428589130075,0.11461706506379865,0.5373507135164453,269939
track_04247,Hip-Hop,76.38420651903925,0.910302405319883,0.8838205372200927,-4.711931148102869,0.47456354965048175,0.021144932404030547,0.07131919283610007,0.21681977459281682,0.5201578095230401,151611
track_04248,Metal,149.17952401596773,0.3633745287402199,0.8139277281924605,-5.64674563487448,0.0592930122198312,0.15164904559101958,0.1379319570621453,0.21857060701258674,0.3632784457202064,322703
track_04249,Hip-Hop,76.64559030122307,0.7565304927971792,0.7808528719726748,-5.655767519434561,0.3042374487431501,0.006669334070032362,0.027413661115441836,0.20248443990137274,0.6416958030671955,181349
track_04250,Rock,152.01679960999974,0.7700453003268356,0.9190458068916633,-6.180536280271233,0.14169866887882415,0.36155229959212176,0.25390536113209256,0.36454217634897224,0.5812953548632153,213394
track_04251,Classical,70.60177383262668,0.24144052436441213,0.22776366738749543,-10.756413091636624,0.04542437722227206,0.8478935994816121,0.9115378609603905,0.26243759009431566,0.4288854015714888,437816
track_04252,Blues,90.90711499003169,0.6779722847915859,0.6059181555120737,-8.844087504625927,0.0552282832051376,0.6438657226068364,0.06363954554103123,0.18989146307370103,0.595988980162063,285525
track_04253,Pop,95.6321252370447,0.6833835198616239,0.6585987214583869,-3.440207051606974,0.07065976824528207,0.35923151832447864,0.03935473901918111,0.10439331568951618,0.5135496599532746,212307
track_04254,EDM,123.64564256902702,0.8405610958040053,0.9708028335285166,-3.5479336976452442,0.06487123080734847,0.0916887746604246,0.12980306048560133,0.17928297420321404,0.8544712547303955,223287
track_04255,Metal,149.78372411079434,0.49832843979148866,0.9198065705642339,-1.50977256153132,0.03439665861723346,0.042921622272732954,0.17303568580879522,0.2644262912771386,0.3576316671546152,218471
track_04256,Blues,94.31883192682213,0.7494379294756673,0.5002144385385618,-10.198572552965821,0.07525419710328342,0.4191533452892501,0.07138872867880404,0.16015271458600622,0.7859548757719512,209039
track_04257,EDM,124.4885187204061,0.878173818153416,0.8301377279807158,-0.364874553416505,0.046709851320828055,0.01640002958191591,0.06854400443219831,0.2725035234935389,0.6284341878496613,200405
track_04258,Classical,68.486147612542,0.28179386581821253,0.2774573813413489,-14.900645780822712,0.054922057858886486,0.9237296928529102,0.9154921396895137,0.2454987889450632,0.3588628015405897,404437
track_04259,Pop,127.09903688012614,0.7916293712005225,0.7714126126408756,-7.235727724159303,0.11573131804642928,0.4184337401739663,0.012709799807357475,0.21599893327661063,0.6505863619444644,186896
track_04260,EDM,128.41332110498564,0.911731262493407,0.9003615573730266,-2.555971221904321,0.05215088995468359,0.025442822964138734,0.16958897817606297,0.21030944923866457,0.8017701821526864,224186
track_04261,EDM,131.72455783656466,0.7673362332480456,0.9397100540392468,-1.703393761017924,0.041948234582580166,0.1447565007742617,0.2791957027377526,0.16104380076889585,0.8920330516500599,236303
track_04262,Metal,168.0459039213514,0.5354660335212388,0.8861038104847824,-2.5500757763652744,0.05862385375146255,0.03840655048662354,0.1519775764227077,0.28560322896728685,0.446591416415742,342181
track_04263,Country,92.53601990235856,0.6684743784934086,0.4557310432673031,-4.588323940316761,0.0860890957997627,0.6617251859175337,0.1219117159008175,0.27674959223589857,0.7039917461834165,288463
track_04264,Pop,88.46620899817549,0.8108641034330222,0.7705304746324564,-6.360464218982687,0.09965853558382437,0.23928396388190687,0.011099963717554806,0.2439659702798961,0.7912102940714199,239130
track_04265,Blues,81.3967000617038,0.7481562001062886,0.5922564860612161,-6.954608167929239,0.05175766496657738,0.39198633736003324,0.16123483208830106,0.1742187103849528,0.5335321926814078,216698
track_04266,Classical,66.45504929040031,0.18190419551341558,0.1608646247167821,-29.620913362744144,0.03794038866265137,0.8452609109217173,0.9419759726870393,0.4277045969028179,0.40391022000141974,339956
track_04267,Pop,103.09095011737188,0.7744552291513559,0.6103764599689797,-5.863087226852228,0.09132196784627404,0.48284801210452344,0.016323238189237005,0.25301021930728884,0.5530799255620518,220218
track_04268,Rock,138.04767258468377,0.5669404189641406,0.8477403507629122,-7.079376987938851,0.1475742059951896,0.3752493993761935,0.17466176989981122,0.15295293337453597,0.6227827965687545,202891
track_04269,Country,99.25726959655148,0.5106617287073636,0.47318738126437715,-9.447312042394428,0.09724047975575577,0.45064859583410655,0.03002077646725039,0.29441099329419185,0.6547901870909221,265662
track_04270,Rock,134.7988794637169,0.7319381043180406,0.946326265185015,-7.962633087873638,0.10961258000923854,0.21781294320916336,0.291753811048888,0.22148827554096212,0.5583614521858324,228177
track_04271,Classical,92.81057423639216,0.13692422632680537,0.3584500289233372,-22.74327636220737,0.048926217999587754,0.8704389559649293,0.9891907176007154,0.47022204408866985,0.2897137378440972,424607
track_04272,Metal,160.2749636659554,0.45208491929519967,0.9507077321854984,-2.9951500804504714,0.07974462841867586,0.13098808103022383,0.14499346853284276,0.29878319921608043,0.4777387578552982,260563
track_04273,Metal,167.4420672458231,0.4883460422328516,0.8065491509046696,-3.017930963920188,0.0751532653420288,0.06451180701602532,0.06272558591416888,0.1497727177401614,0.45166337608388396,299430
track_04274,Classical,71.72469932188667,0.13973000157443996,0.23472674335135912,-17.74459579575455,0.025835141564557726,0.8424111576355939,0.9466730376702014,0.3121044068103467,0.32991039642716313,477602
track_04275,Hip-Hop,74.88850544077266,0.7019034708350671,0.7267912200138475,-5.594502654645568,0.42684162219559096,0.183598201974013,0.029990621426015253,0.15387668984684694,0.6991125117893121,289675
track_04276,Classical,68.39512816146102,0.24499581242699686,0.23670311841735633,-20.697567348309747,0.020944475554908762,0.8632018470219902,0.9005034636093782,0.47715419388052366,0.31757563638060066,337264
track_04277,Country,115.47252370600417,0.5793861115663584,0.6499738491886329,-8.715818451634993,0.035002057540345834,0.420562582655967,0.060085365385550364,0.19264929830318028,0.6888089630478905,221096
track_04278,Jazz,138.03144359754805,0.5135158468306608,0.4036035076169439,-10.790593082173908,0.04478158652656959,0.5517310349608513,0.8829795772636104,0.3908352970818879,0.4359529700972643,328246
track_04279,Metal,152.8627916990449,0.5656776457370234,0.9751089687103865,-1.2564365862213211,0.04024960405939261,0.009070238503510453,0.08892559529997315,0.2761106572211802,0.49153403978144333,292218
track_04280,Reggae,88.64941011821465,0.7551969899321894,0.6494920463697995,-5.004204137051616,0.06772450462214856,0.5786018480187838,0.1339607639845698,0.20361334300671546,0.6756050867012711,286425
track_04281,Country,91.07543700000988,0.6995788415187643,0.547778210123276,-9.69361657906202,0.08702224976405387,0.6272962825576238,0.0914574516889084,0.10389284736408977,0.6040810174628015,241357
track_04282,Country,101.481747011758,0.5099852423468881,0.6166021134575563,-8.114790655658506,0.031629980548772176,0.6477780069802941,0.032538708685871165,0.14281498195248005,0.6021397575951575,296143
track_04283,Country,99.35764372123217,0.7222205515363986,0.4546771349971329,-7.13922483549342,0.03285232343353451,0.4060979349673168,0.0014964609860744994,0.2473361847322164,0.5071474743352614,230927
track_04284,EDM,123.9412949247101,0.9040258751158563,0.9916111538092061,-0.7717452922782018,0.048480107264717444,0.06465086287159053,0.17526356665546988,0.22163666556153117,0.7299658155652455,181167
track_04285,Country,98.98836990781552,0.6707459917022334,0.6299588476639841,-6.444820481984241,0.05752406606820769,0.5749407392377972,0.14099773354685646,0.25105435164153556,0.5283457464194031,202427
track_04286,Metal,156.97915349951947,0.5614049771356799,0.9456577373600863,-3.6988717767506527,0.07661504162360813,0.18548895610866323,0.1423050052324891,0.2783987266498711,0.5158179364257224,343385
track_04287,Jazz,149.31259367117863,0.44392246021387877,0.5333448256571665,-5.013986588772788,0.04930369052753564,0.8839422324099921,0.7441219280391028,0.48507687594365434,0.46439423510341,365213
track_04288,Jazz,132.79100316720607,0.420375335830945,0.5372943422698302,-12.899328509799034,0.05736964198979258,0.8739440423342862,0.890598624773733,0.47086547441329624,0.3995238756528768,299450
track_04289,Country,92.76741660407716,0.5132828281797007,0.6295528388279233,-4.84959020761791,0.0866709228094516,0.6206998282751877,0.193882234213617,0.2698205590046323,0.7783637070880665,223250
track_04290,Rock,160.70118678076446,0.5075487147723298,0.8257237001266141,-5.3784051188655635,0.13696380454797039,0.381431737696984,0.2728727361096212,0.29738793175572675,0.6730092170320683,194754
track_04291,Metal,153.27202009644137,0.32798867248949204,0.8528334636186312,-4.648825676928367,0.05787518124934342,0.006437271976191306,0.1230689393784932,0.18234163322300473,0.35361956051174487,291594
track_04292,Metal,162.14685165319813,0.35091113745348296,0.8356871930174372,-3.5369338695171297,0.05918721280210796,0.180869893346712,0.1059634377884171,0.23825471629888664,0.3542057858094901,267367
track_04293,Pop,124.09338067341089,0.680805602675775,0.7335341077511981,-4.603430710972184,0.07575258565559595,0.390243231336327,0.039835629578406584,0.1447073443946799,0.620501648814076,234214
track_04294,Blues,95.90505683645833,0.7757496226365539,0.5057986649325659,-9.461323238887644,0.04238333286945648,0.3899381429435666,0.07634486455600131,0.27351510202363427,0.653526225857835,295207
track_04295,Hip-Hop,88.79565943685174,0.7611093296534424,0.7759195245470991,-3.8214508767524933,0.3864258942489213,0.11949239972785912,0.0947050297925638,0.18159150042223235,0.6261521883340604,299326
track_04296,Hip-Hop,89.8522508532815,0.7440617917875598,0.8770707710358717,-2.886427828025873,0.395314165067568,0.25082079188792905,0.021175268864813426,0.13991585073591556,0.8070141715841341,263038
track_04297,Rock,130.8945728086686,0.6321316566487111,0.9929516245608362,-6.137854074732465,0.03895483939938059,0.3619395005824253,0.09710019613182631,0.27560600511074695,0.6847087985900415,252433
track_04298,Hip-Hop,89.20968170349967,0.8909358043828892,0.6538596103483906,-5.055094758411007,0.33408802343681937,0.1583694242430153,0.08207143500914504,0.25110939050431,0.5202860861364978,242166
track_04299,Pop,119.0507526030243,0.6177603957058216,0.6814080058610367,-5.217065556346791,0.06208560326500551,0.37276562688070547,0.03174232046825422,0.14048885603241257,0.7201591859179612,231586
track_04300,Classical,79.50529258159379,0.16958156432930632,0.11134942154657819,-11.138960614618576,0.03174351397341683,0.8318417457232979,0.9552354469474099,0.2142246573376365,0.5351373268143498,445578
track_04301,Hip-Hop,86.85177061963013,0.7810643174270218,0.678070837373807,-2.0618648431731286,0.3750915538632987,0.13327573283810676,0.06118679992219361,0.16450602497833558,0.6536867620184321,184670
track_04302,Metal,159.19717765309392,0.5169075309812102,0.9607236976051268,-3.0314912971726002,0.04167619284984479,0.06662187412389933,0.18014134684839936,0.24674567806450495,0.326408513144342,246081
track_04303,Classical,74.56798109836214,0.12527464253266427,0.1995856282488917,-29.596888952799233,0.037726988489389504,0.9140488582522817,0.9805230739346872,0.3756949320806983,0.2159578622888145,595796
track_04304,Hip-Hop,90.1300755552688,0.8445154203630763,0.812714316480817,-2.801276899883433,0.5902935648426566,0.26753598638774956,0.046732798688781746,0.24938590221895132,0.5962111199097139,166437
track_04305,Metal,173.77117433508258,0.5819694830574206,0.9987815773101028,-1.3141799526067723,0.06582783985854909,0.08839593036819281,0.1195969678122383,0.2632992735819133,0.5692663515328003,217367
track_04306,Metal,159.55354458668188,0.519181709717097,0.9079907098243325,-1.1581414508987153,0.07793124808838958,0.09551056751704226,0.1297316780989257,0.26185342957842794,0.42992373200544254,317101
track_04307,Country,89.67081497177603,0.6990342838365817,0.43158436272589207,-6.771854559343472,0.08147641083020515,0.6650775959356012,0.11393073246440509,0.1516645943029558,0.7546584318061058,204274
track_04308,Jazz,135.3149786993277,0.5244727108334707,0.5498771262296756,-13.977969032539738,0.0856359859724645,0.7626549789248591,0.9807484379014693,0.2982166918876004,0.4450762380156569,307904
track_04309,Rock,146.31114568981275,0.6716437426252094,0.7406040288234367,-4.437232274544548,0.04037476054655301,0.2444829022358261,0.1279690320604345,0.34185922259945145,0.5710269671224584,203440
track_04310,Pop,105.47202379696537,0.8531369503101573,0.6743726595901339,-6.038910506626927,0.055153439150539996,0.14756404075000673,0.006836553336057949,0.16939504768846034,0.7096341041950774,231075
track_04311,EDM,123.884410916634,0.8582985785852127,0.8880708547921194,-2.2049977557685905,0.035783703918421374,0.13448153524805645,0.04697500563269813,0.24954510602257157,0.7094469149937648,181643
track_04312,Blues,84.25482837860972,0.7408160540054487,0.6896850333605853,-7.454385653675915,0.09570697775425567,0.37429538955019104,0.05494600716525384,0.11865170976374749,0.7511973388892816,286734
track_04313,Hip-Hop,86.41257422791246,0.9342121202731376,0.6744687522190603,-5.929014279635596,0.3493205300647738,0.12673007816963067,0.09474994805011683,0.2142326333322896,0.6664505150577898,288450
track_04314,Hip-Hop,88.20568303284922,0.8461904505029528,0.8169652149631071,-5.559269196780535,0.36926965937157524,0.1755012798568315,0.03655626402779679,0.29886488669006717,0.6764178503655335,199297
track_04315,Classical,72.73993327597623,0.15203135421600894,0.20282756697292192,-21.486992309968915,0.06082346145045818,0.8936364152108387,0.9395819557806965,0.43413995067652783,0.2287394126001288,407801
track_04316,Classical,80.88764697519956,0.16697070153729562,0.37827270690664017,-14.441413192069643,0.03315552491082377,0.9304672873433377,0.9822286491476716,0.4968018696557758,0.47936999765947347,373521
track_04317,Blues,97.37413884497784,0.6607495835355199,0.5552317118353678,-10.603439387042691,0.0506528661424074,0.6225054689659946,0.029678610131617655,0.15287839546836107,0.5653365213565142,296999
track_04318,Hip-Hop,93.31446655108091,0.8088042522936982,0.6209519573093912,-6.418773708899673,0.5669119528794906,0.16725723310792004,0.09140712302462439,0.26688761265928584,0.6657166452339518,276265
track_04319,Reggae,96.01489500259012,0.6665933012918204,0.5866968336828632,-7.207878603093656,0.08912525389247936,0.46569871461038326,0.06421370888649262,0.26510732856507857,0.7060851618246448,238604
track_04320,Pop,123.01466928377069,0.618229257009177,0.7541245262340874,-4.415257090707446,0.0717506194525699,0.4914315321893429,0.007222254300572217,0.28208850450567746,0.7705797631782867,213658
track_04321,Hip-Hop,85.71261648852148,0.7666559786547023,0.8037514898121769,-3.6591789601246756,0.3913443429933997,0.28580043252550985,0.07747408865611627,0.17347102069124543,0.6648474645009144,238614
track_04322,Jazz,114.56448057848144,0.5864767178044659,0.4311965896745984,-12.386761367157742,0.09959534540474833,0.9785739790172775,0.9121951216072912,0.24844385808169475,0.44398403359501365,375648
track_04323,Blues,92.25391387511424,0.6507078394820972,0.6541364500690185,-7.133798227445536,0.07675761276344858,0.5049970257569338,0.15770654257127945,0.19409880770116172,0.5999523324701485,291838
track_04324,Reggae,88.96624788808768,0.6216036363501423,0.6391540332169504,-7.10739624531593,0.06706094477898276,0.6483160429058217,0.08473886291215438,0.21669053790663223,0.5633511308005709,272597
track_04325,Pop,100.74161392135625,0.6768273960723943,0.6187014013982576,-3.0756863083295336,0.07569318972033957,0.1656997649906034,0.04320701749142161,0.24462396860678895,0.7650483258597125,197251
track_04326,Hip-Hop,80.84600747980582,0.8281117897768671,0.778819470497416,-5.490886868243043,0.4181425549365254,0.21012800509321647,0.09497767008861185,0.2755644141965172,0.5474481067621556,261463
track_04327,EDM,129.8754864851749,0.9428776090300708,0.9388300917910234,-4.616328232436419,0.03366917572696667,0.1927145000241068,0.28298384482669614,0.21156716456486935,0.5856563056403874,221523
track_04328,Country,119.03751748406928,0.5170431561089006,0.49688398020330593,-5.247615539007816,0.06451747709911917,0.6084673206429868,0.10046316151962692,0.2956444899616332,0.7808579218599085,254360
track_04329,Jazz,112.51354635339256,0.6434048155789174,0.5446330556364543,-15.321800696680565,0.0463251655609442,0.8738744776179371,0.8410643235174394,0.47749009234191336,0.4413938567120661,314442
track_04330,EDM,128.583828886202,0.7515397862071598,0.8997490045022872,-0.7786976665910386,0.04736997471042505,0.1980922161198048,0.1850049554005515,0.19795273382914835,0.6179557311469404,195878
track_04331,Classical,52.52798991678204,0.13241407054188006,0.26712835327767837,-27.030065530013687,0.030326939813883562,0.8713485994193761,0.9186747041940299,0.3505184424142962,0.4654997942591292,405647
track_04332,Classical,71.46690035273264,0.24742450495478213,0.11598862004682205,-12.697866041241419,0.07579220872160726,0.958734009644751,0.9426224601693669,0.49831306991533564,0.24977435976436443,376225
track_04333,Hip-Hop,83.27728406910394,0.7231969855392015,0.6906093284946392,-6.728334534126363,0.4663886600023379,0.12706334674352426,0.07226840826705193,0.1726084640065545,0.5618882601074126,158426
track_04334,Classical,62.37150294489908,0.2869316124108183,0.2911718602102731,-11.189406209795386,0.054978720937644915,0.8127727319251545,0.9029940513710376,0.4701684305006868,0.21549117475148322,572676
track_04335,Jazz,123.05634436050642,0.42133246947390385,0.44791719102238603,-17.76561073241698,0.061243607838855366,0.8315985260561068,0.8804976167690735,0.23856788509225094,0.6028326342957351,366485
track_04336,Pop,116.73554550363082,0.8243479977678891,0.8314202517562714,-4.950127037419778,0.09924542424511804,0.44636325587215053,0.04218203081396392,0.1703202654971565,0.8966802387105572,186629
track_04337,Metal,156.85208067188177,0.40129905366995267,0.8478249473626744,-2.7498959882434892,0.05960144811301739,0.07158256417976135,0.18355534926869055,0.25236077905814447,0.3780202130610739,208343
track_04338,Rock,163.303113309868,0.646732693364186,0.7815505599165862,-6.177231997597667,0.04854931268065878,0.19708174055721966,0.21397177006636453,0.3621359613607913,0.6357515846852823,246307
track_04339,Blues,90.1320374868314,0.6355132214789302,0.5148526955254942,-11.844554812163896,0.04854601933194598,0.4503426337421801,0.17679366565718277,0.2521149221374328,0.6590504712255556,250418
track_04340,Pop,110.69847902774406,0.7997117276246826,0.7140177825179778,-5.978261048919293,0.051571636736697526,0.45374762695947857,0.04422488949183936,0.1921942249449433,0.7802956834502728,226375
track_04341,Metal,131.07618865218188,0.4969840712434853,0.8939291802288408,-3.5078285866551884,0.04478562285066785,0.009684633660916054,0.18340515180347813,0.10244632470148483,0.3843973285683981,351720
track_04342,Reggae,90.9015336018004,0.6428843950019663,0.7445891973791672,-8.06256031817726,0.04668497380114029,0.6742406966925266,0.19767814746131787,0.207534492740512,0.7329437282218312,276368
track_04343,Jazz,92.74378152805845,0.6892942896711206,0.41063594892972594,-12.643187192828439,0.05490944715192589,0.6266410272226076,0.8068681286242442,0.47743329087724345,0.4586152212138321,403784
track_04344,EDM,120.22381863356127,0.7834802325501129,0.9766450253427676,-2.339712198778935,0.0474670121695837,0.05313678214020621,0.07511270541185243,0.14732240427206383,0.8316934672479528,199343
track_04345,Metal,175.99768225048877,0.5614233562746027,0.8769417746023155,-5.780873137294197,0.04799039230822598,0.07308083252143982,0.16134912017066377,0.16192469598792597,0.5681951090442088,324205
track_04346,Jazz,102.53046119962474,0.6166091042913665,0.46892153427282396,-9.499334430179566,0.07832994344381154,0.5577642099211496,0.9695100308207307,0.3868182523063669,0.5911177481932106,246338
track_04347,Country,100.0523714914012,0.6697514979146644,0.6856546181793697,-4.50350353040284,0.07513591395170954,0.44972241745997343,0.19011368619472313,0.2968271394621935,0.5310190086146046,226443
track_04348,EDM,132.19689626965865,0.904396235846459,0.8285585524023794,-4.237604916480186,0.0645452158265428,0.18480498487217642,0.16538682064669571,0.25697852062052945,0.6370684471684938,215778
track_04349,Classical,66.56300240344044,0.19816470744160053,0.2210783917977618,-11.048276271423429,0.05128103718643437,0.8161225217334086,0.9274059844311178,0.3386099638744263,0.5814223729271177,332467
track_04350,Classical,80.02557305896158,0.23921452463360113,0.1265559542001482,-12.453519081505043,0.052341093320827245,0.9842456825081217,0.9445476685390556,0.40492519908347535,0.3883354374907868,353709
track_04351,EDM,127.4975394027803,0.8623353858653366,0.8487422551619299,-2.5480597089669796,0.04835893336952653,0.10668409818066811,0.055375400108123564,0.20679681768137068,0.6456822227148685,182559
track_04352,Reggae,86.35990547244714,0.6160405227333039,0.6713341500193704,-9.015442689473849,0.08728487369486071,0.5295553763526966,0.13182151362770003,0.23423166219294944,0.6768825775418955,219865
track_04353,Reggae,82.34852471193719,0.6336905904624466,0.5652151520076952,-7.428790535160074,0.09315365986394747,0.4539824219741823,0.024379896900366373,0.10256126033024988,0.6217716965187157,278801
track_04354,Reggae,86.0889322634323,0.7592253406681948,0.6073034999705923,-8.62450892739718,0.05401926709943159,0.6019586143264308,0.1047923471029772,0.23000111306449975,0.6069866897573942,239404
track_04355,Metal,162.38150504183508,0.3231234628456179,0.8094650113935298,-3.6788500368790196,0.03524917807212517,0.061333320976416264,0.06776667566267121,0.25388538380942693,0.399804031553909,341002
track_04356,Blues,83.52345804929703,0.7540376272389083,0.5628302571286968,-10.484933989984679,0.05555829144945508,0.6241825729276145,0.03753785706169557,0.21616815532840689,0.7332587131157635,244964
track_04357,Metal,162.17283583531204,0.47853761701922504,0.9353566618508912,-1.7701048018207084,0.03023169974591779,0.07851105578493277,0.19259830334332007,0.11973435299866152,0.3700345544083777,215353
track_04358,Hip-Hop,90.96094622590213,0.7549284384732688,0.6493753778126911,-5.189927309571338,0.5863996617950986,0.19742664008729613,0.08360020314981081,0.2962160378062947,0.7162490652774272,291599
track_04359,Rock,128.70160268679382,0.7764764613485513,0.7828229903825341,-4.758487303361185,0.04399992754218238,0.26133596023749406,0.17333686924572086,0.15650606931430308,0.5295106971960585,252039
track_04360,EDM,135.61566610474316,0.8929964532051721,0.8732861647862034,-2.508340163289231,0.055399630235427696,0.005674043810429486,0.07427060997949389,0.15004287901427119,0.8532926237925249,205018
track_04361,Pop,114.70928701534942,0.8284567548670466,0.7390208521945084,-4.8256265976632475,0.06144030628636337,0.2579713904473978,0.034511837675251476,0.14195724766882148,0.6934226019638171,250222
track_04362,Rock,123.98094977814733,0.7081021229684341,0.8172002722688214,-9.51019479448614,0.046373970479452326,0.2791340515292291,0.1125504598795865,0.10161403954291233,0.7067418107904393,251843
track_04363,Country,115.52552585711116,0.5241659403873772,0.6031355009112457,-4.9219670587838555,0.07418151699497855,0.4929897827503873,0.0004990115496695369,0.22968170683437172,0.7033261947696512,218801
track_04364,Metal,175.28656136606972,0.3516772628708047,0.8623097263521668,-5.60962554762396,0.07403965799784223,0.06208748031063263,0.046093289480598015,0.24612083568798007,0.35983204668314783,356016
track_04365,Metal,172.6946237881177,0.4149200519078082,0.9561203935444612,-2.2860793116908527,0.06971749004473524,0.03745446243990502,0.10320670401269026,0.24253835769961557,0.3852524110977179,238931
track_04366,Jazz,109.19157700444691,0.673206430180323,0.4381576026675325,-17.072688018766645,0.058443031566160944,0.9331108774188033,0.8149555515946303,0.3685883513586885,0.6790758939531805,304957
track_04367,Rock,128.54124500481288,0.7004885555083954,0.8181408232577504,-3.6227026078022835,0.04554466174926925,0.18569210489908844,0.019800218592663555,0.2142711547510003,0.4593490664625644,267888
track_04368,Jazz,132.0122050174828,0.567200400512762,0.5618499636711753,-18.340640652552107,0.05403329089654872,0.8729991091955152,0.8396082933313427,0.38103899111559103,0.5367017696885152,246183
track_04369,Pop,115.78765263080486,0.6980217990732329,0.7643953584886557,-7.476740065927427,0.08661442406511757,0.2500926193610591,0.02683835669893153,0.27069447958822734,0.8890989151845101,234159
track_04370,Jazz,117.35735429382576,0.6300368901988925,0.36660761184409246,-17.420219108418426,0.08488078436901267,0.8173873582693229,0.9616229974647965,0.283043425508572,0.41814285610415314,294544
track_04371,Rock,159.4117059151146,0.5815338753410805,0.9912421133928082,-8.084065617499478,0.13648908290985817,0.37836073353961586,0.2158885783811808,0.34347622831622393,0.5831427231160642,272953
track_04372,EDM,130.47223528301046,0.9174201565657671,0.9433769379954695,-4.093039332518535,0.030291692179674867,0.19642606055833448,0.18876481323093497,0.19541484688985156,0.8778624570809199,205728
track_04373,Country,119.16125458273416,0.6668891230170083,0.5003750264878557,-5.844146057497234,0.0713627905227329,0.5700326724118454,0.13260496474705544,0.22067358577323498,0.5500623903975986,294577
track_04374,Metal,147.5679582512051,0.5355216337157109,0.9473202641971242,-2.3074949318000426,0.06674614230579376,0.043708778762346134,0.022504557683632534,0.16215084937166818,0.47261377803163795,244775
track_04375,Pop,114.08698376580968,0.7963458208996065,0.8402583636809905,-6.655180419294296,0.06848327132771213,0.3273030605867897,0.04286889167922728,0.15592423562227437,0.5503300961216872,252535
track_04376,Metal,149.49556605400429,0.41221195187211174,0.8863548671602507,-1.1383380643571543,0.06799371642729099,0.0642971908725051,0.12958517793330745,0.20786486725302233,0.33498097111367425,345922
track_04377,Hip-Hop,87.63109631996473,0.8397883468942531,0.6662512320844254,-2.696623824082434,0.4058896930856941,0.006035435386543419,0.0981774177746157,0.27223142068438344,0.7490721421751685,223050
track_04378,Country,106.09916890783421,0.516234388999112,0.6469360942811888,-4.559381814535636,0.05724322653987122,0.49304106262685216,0.10867012672969836,0.29681761511591587,0.7512392770005227,268629
track_04379,Blues,89.83294549637517,0.7894838253434162,0.5612527977693836,-5.061153500089944,0.0820797725200004,0.5510126210965279,0.06486455525294273,0.1266215049832796,0.537851904934811,253963
track_04380,Jazz,120.56786710741662,0.5297325538598913,0.46795555705893566,-6.022458385439492,0.05532128228859695,0.8819687427135758,0.8411394285514666,0.26382639773574124,0.641188672232163,315301
track_04381,Classical,73.65278679769402,0.275867898541337,0.11017214819848864,-12.327778575379433,0.05043640783662251,0.9570966718470414,0.9948651766593477,0.2646213225402897,0.43516396137156943,308372
track_04382,Rock,125.86321892621285,0.7223833929994941,0.7457763258836367,-5.835015657198087,0.11644484702507661,0.354997560808318,0.033501517157038106,0.1989024083777648,0.6166615796741861,210473
track_04383,Metal,163.32084490953048,0.5777100049269421,0.8674568752852335,-3.8211860392568155,0.06759096741583834,0.16701142731676416,0.022015720572427556,0.19815897410082334,0.5743513662927964,339971
track_04384,Jazz,117.80965105142937,0.40368602918751467,0.5837854088501135,-11.24980017601345,0.06344799903433719,0.5222821679437024,0.8087257192979214,0.2010794305026961,0.42973405519925534,407107
track_04385,Pop,111.35395750113283,0.8663831282852977,0.7774828448582052,-7.837106594353997,0.11438276904938012,0.46120370884609607,0.04746946460903577,0.2659751995672305,0.5315509080905563,254821
track_04386,Metal,157.05989213265565,0.543356375091543,0.9662572263714855,-2.894337686368411,0.06564498260416188,0.1610652517567216,0.018456129518380028,0.23851611672214593,0.5446224300098217,322908
track_04387,Blues,89.84984790993731,0.7106668735391222,0.6310092154250813,-11.988359241381229,0.053799869660234714,0.34065927038853117,0.0645797963508619,0.14724708682559606,0.7284924642142548,204553
track_04388,Country,107.77791855805131,0.5710378099549455,0.5478720485471886,-4.939383909572967,0.065619954253265,0.45374518077192766,0.19855319419994455,0.15401461359612484,0.7955884175295159,286787
track_04389,Country,110.29210986484114,0.50301174390207,0.4032904062696941,-9.624671141268264,0.09124196787724519,0.5060445617202465,0.0742461138145295,0.1690806466305703,0.5692887521152317,238593
track_04390,Metal,162.8278206072079,0.5844294680055535,0.873409934688917,-5.679984454291299,0.06153942672748546,0.06344534691669293,0.013271052200009837,0.2783612828937132,0.5994348943800842,191493
track_04391,Pop,113.48079571551489,0.6925806426324816,0.6317337365984018,-3.224148405516523,0.10677209720921048,0.3895761990607708,0.046548228507105355,0.2919662289681719,0.6073787905893624,238008
track_04392,Country,107.07548105349467,0.5902683167854625,0.4202497060978983,-9.006953733846004,0.03899280236718621,0.5307633368198857,0.013042534916669513,0.26129686449340717,0.7724015570064504,229868
track_04393,Country,95.5037711408355,0.5480062979925446,0.5050665327883204,-5.659814253395094,0.0978798336848881,0.5406360205303271,0.13720932486211443,0.2952376040223871,0.7324375761529027,194681
track_04394,Blues,78.31048639866616,0.7871081281871949,0.759969967656622,-10.102209846970636,0.05089308316461572,0.6596897035848719,0.1377381609764427,0.1473981661243281,0.7141645445042961,201940
track_04395,Rock,154.3307285922787,0.7558039596720787,0.8215167293642469,-4.853156925061545,0.11013172276243369,0.33145440037597795,0.19805668477216104,0.12401644019701348,0.5170844009241518,222905
track_04396,Pop,129.06102679948913,0.623065844677594,0.6498490826641403,-7.765303792173864,0.11758081552416765,0.329725015703406,0.008762000980476704,0.24150909105437768,0.6956515189246057,184427
track_04397,Pop,105.87294086389146,0.8610187055855438,0.7656553635225234,-7.546848734303069,0.08342508450861526,0.43089368180410104,0.03668276763327609,0.28106222955598026,0.5910671355877954,195682
track_04398,EDM,137.3622013678717,0.7712694169674663,0.8100359755183508,-2.521636864017562,0.03441354953905819,0.1362621882019345,0.2701668812247373,0.28426865436370385,0.7428148970745845,253289
track_04399,EDM,127.54365349508595,0.8367631702263993,0.8073530806848334,-4.099651638809078,0.06615111947469446,0.024314419089508644,0.27121484323152184,0.2271848631443593,0.8680494922508871,202943
track_04400,Country,112.13370646010404,0.5391646025055712,0.432276314178965,-4.271908097328322,0.059497837738968,0.5944483050201228,0.18117288299107295,0.2739786352641183,0.670070954639201,268708
track_04401,Classical,64.09254355320854,0.10735138181494558,0.11974136679924788,-20.98711670119964,0.03867546157236166,0.963181553082319,0.9413854809375234,0.23165812262070343,0.2631514086048189,347780
track_04402,EDM,113.71944221800364,0.8867702267133916,0.8035764781677683,-3.0311293479243546,0.052259876732935945,0.04303660843735751,0.023543609428811972,0.20791477186366564,0.7551239937943119,227611
track_04403,Country,105.92069378604053,0.63008493767496,0.573167225912751,-8.679184600692787,0.09132531316912554,0.6475007834530238,0.06748461863229056,0.2224746047127995,0.6024327034620165,220986
track_04404,Reggae,90.048088211125,0.6504043949448336,0.5971094096051649,-7.339085222155159,0.05750193370586272,0.5122491252909424,0.13025676887859694,0.20383925930259128,0.6239854291145452,283710
track_04405,Hip-Hop,86.04156602210693,0.7250454539362863,0.8817479507059092,-2.8005225013612236,0.4544553077765635,0.17445301493029186,0.06943480849854593,0.24630120962333865,0.6964826751032533,247355
track_04406,Hip-Hop,83.17470587050181,0.8782956329110424,0.8309760161252713,-3.9953812211823863,0.3276061375984657,0.1455351659824494,0.0056489874861794355,0.1895098306046084,0.7865707954361705,162226
track_04407,Pop,121.22727890756346,0.6090981574103203,0.6080673272212036,-3.4827532067203215,0.0586578716196991,0.3680360921776341,0.03977271960980949,0.18957274074611846,0.7185888370856747,240168
track_04408,Classical,75.76737482232915,0.2847199910285792,0.19054033085182903,-25.643776212478485,0.05152421150730972,0.8381027445801701,0.9686691629377873,0.354534634901675,0.2591217816043936,447817
track_04409,Blues,87.94449606455787,0.7666541298382501,0.5171882060884618,-11.103377428663405,0.05817395096558005,0.5213332715615286,0.1525765680887293,0.28423829050957244,0.623626462592313,233861
track_04410,Rock,132.0179369794667,0.5640546630086468,0.7861742890860454,-4.49731648853538,0.11239719811217197,0.16270159702125261,0.25162365151905247,0.3577467533049269,0.7529755099834586,224220
track_04411,EDM,136.4635951795309,0.9434158463032687,0.8534599608619882,-1.9511548478823162,0.04419914193980576,0.19990013484193703,0.2852990421389327,0.1186805744009508,0.8894383945081819,268545
track_04412,Reggae,83.93255238157194,0.7338310524707208,0.7178408841139465,-5.281661511193702,0.09099644023946021,0.6288205615479576,0.1384628447394606,0.12369732670958755,0.7427723676147444,261548
track_04413,Country,105.53529286197224,0.6569603831522768,0.5045896329929247,-9.87372598880522,0.08296476978966923,0.4358578545602584,0.18473387646759,0.29227833469886144,0.5709264045472829,233305
track_04414,Classical,68.95870199477069,0.1613912606169582,0.10260322290748014,-22.58661485584976,0.02963959026971667,0.9449252304315945,0.9414952807127398,0.4113378341275553,0.3174613078982158,336217
track_04415,Pop,112.02763988727685,0.6345647077862673,0.6551367684766192,-5.104828276602799,0.06794352104745582,0.23717862459361283,0.002636699176954105,0.27844181851395955,0.5552643968315987,190754
track_04416,EDM,126.15684609410619,0.7714800420766309,0.9607102584423516,-2.2108594893089366,0.036457333380864945,0.0016916181085626647,0.005248331122878358,0.18433802139481092,0.6256474593660243,292591
track_04417,Classical,69.85548038399473,0.18483861396220308,0.14497594038391173,-13.21859652269691,0.027998472649523556,0.8210167488384696,0.9439000350524758,0.3309940638107403,0.5925875946722274,568223
track_04418,EDM,130.0752806976755,0.9321147941076109,0.9120752568569241,-4.307878598880512,0.059098908498426646,0.15926631441475628,0.05888730339231932,0.23550099353363657,0.8722058933209329,181410
track_04419,Rock,117.40299427192619,0.7418056333353147,0.8485712800758658,-3.6781091345936634,0.05673650888666206,0.13363716393553562,0.1142902078524995,0.15509786841593062,0.5572477572414911,237894
track_04420,Rock,147.29723150580762,0.7149973247979946,0.8208776933727514,-5.035069342828357,0.10476305078364469,0.3306978928976514,0.09424280864823173,0.295245614983076,0.6502485309136905,204435
track_04421,Blues,89.19089713457834,0.7209201084913792,0.7680826657553699,-5.765158574457091,0.09356913349338714,0.4667669836771826,0.14992117635601054,0.14665417194884042,0.7493530965588597,252944
track_04422,Hip-Hop,91.58860723554808,0.842959124341444,0.7905672868148795,-3.327536919456425,0.49854034547324,0.254496501453533,0.08840514507225548,0.22554160790206554,0.7132250889931749,290926
track_04423,Jazz,129.0516191986369,0.5964168807112645,0.5437116041161981,-18.194960017330885,0.09809768135275992,0.5904896113209075,0.7073508303692884,0.35924221248328536,0.5847649051263097,300623
track_04424,Jazz,125.6046571585547,0.6261495509203955,0.5527680163118768,-10.84982386439856,0.0631595204332059,0.806787292083107,0.958669120105397,0.47014152825110406,0.3126066508517994,339089
track_04425,EDM,120.28645134109092,0.9219242126427422,0.9612427391794349,-0.07845741943840956,0.034770913531119746,0.15644872368660162,0.037758476424560795,0.13100471497924776,0.5156764859838685,251752
track_04426,Blues,87.34574047016392,0.6767452599493887,0.6868365027346099,-9.726920642454958,0.07688874333039887,0.5161741574354852,0.04171186597713244,0.22506480496891398,0.5328867258068426,208982
track_04427,Jazz,122.75998744199161,0.41616268026740344,0.34375763447544555,-6.574286813048438,0.05077755930541621,0.9608284505781736,0.7288210185043523,0.46646448940971164,0.48148465084332603,339677
track_04428,Pop,94.10168192865842,0.8518828450477622,0.7734202434743562,-5.683955226386583,0.06851409111102306,0.2711209299495707,0.013669807595641625,0.2248925227741989,0.8272827441979631,181130
track_04429,Jazz,117.42694450845654,0.619020739855507,0.43525165002311095,-6.9724033236799805,0.05643934149136772,0.5440583491947641,0.9401490918123064,0.46050749344912245,0.6362044550468146,304199
track_04430,Metal,161.61971610476303,0.4600608610306649,0.9270741017753117,-4.866703364276556,0.0346770249918361,0.0534931091669326,0.00952053365232517,0.11399730204897185,0.34697551304797686,266497
track_04431,Country,96.05206943836309,0.676295626118444,0.4621331090238061,-8.08122440142335,0.06946791611909724,0.6073635009558802,0.07137577166007927,0.17536080844946306,0.5329604639297767,277746
track_04432,Blues,84.38150759594713,0.7460816168967428,0.601226252012687,-5.446897629801386,0.09111985749961302,0.6818134917238686,0.019244787482260196,0.2910569778774298,0.6628648516614666,198827
track_04433,Pop,120.15763780607084,0.6007766941474099,0.739064106014209,-4.338403402963673,0.11350370597625972,0.24336827383955179,0.04535759118698215,0.26511052477040065,0.7100858531694039,246730
track_04434,Classical,72.65240836382281,0.22229163445952002,0.15340977816408524,-17.331271119587637,0.06086073613181227,0.8474941678315039,0.9320144647278987,0.31499019792780786,0.4410186558720951,315670
track_04435,Pop,119.27015684484358,0.8609623940275366,0.7843952823704845,-7.033365081743807,0.10124520580028559,0.35431576238641216,0.0386273411256045,0.27376278416767996,0.6245900456155575,252847
track_04436,Hip-Hop,85.94585702558143,0.8853460562883656,0.6332773365369847,-3.29024466034869,0.5476621726918892,0.005718712361076316,0.08308391329553833,0.22963381499800087,0.5387637942129389,243892
track_04437,Classical,55.79039771463166,0.2770428888617737,0.1124869333453605,-15.653142670443597,0.028623565146531638,0.910500069959111,0.9095941906584679,0.4037437234941992,0.3859713650577077,427562
track_04438,Reggae,98.27463238065599,0.7406078089667214,0.6198373414306706,-7.294929768899341,0.06339062094148969,0.4446751933051179,0.17098280447461925,0.27096152903362125,0.775934848481507,279526
track_04439,Country,109.24490787550113,0.6978237276122308,0.4996290780161461,-4.811218135007394,0.093952000424727,0.5657376547402783,0.03184740053161459,0.2540656165696536,0.5958032720083087,261211
track_04440,Country,95.90278969156687,0.511397166131867,0.5500271267851334,-7.718412800557684,0.07802457052685594,0.4122351039868326,0.1249890944271893,0.25439121471481324,0.5038334439901592,284734
track_04441,Country,106.61986322198877,0.7088216253654591,0.6547661085843846,-9.946495413600777,0.0649909508763451,0.5072772541740105,0.19577198306424914,0.2088151985562283,0.6282329976174217,220003
track_04442,Country,91.01876209144667,0.7126129751012291,0.6608899801657444,-6.412901915903961,0.03566598931262313,0.6740188786197628,0.023577246829847343,0.20342920187171382,0.7570567214334932,293502
track_04443,EDM,130.78332055144213,0.7325503162823381,0.9742575988169897,-2.2100854027705275,0.043884425129888154,0.04860563284785557,0.18496909054213365,0.2573463236823075,0.6763438284754683,297074
track_04444,Country,77.63114277929486,0.5942403888992371,0.4279094755178201,-6.895544187906359,0.030309351622925102,0.4811349665701455,0.1732566805268423,0.1426116107840529,0.5194530288946845,203385
track_04445,Country,80.51824664743725,0.7096365328618779,0.48745527789125,-6.748854198806679,0.04391786238993155,0.6413541108434103,0.15056175827784335,0.15835489462962712,0.5352068122811398,209621
track_04446,Country,100.04665159183179,0.6920555059171367,0.41467065323153124,-8.039625004524343,0.045323888277589604,0.6746751951018866,0.03559958127316989,0.2157263836262023,0.5494349497265719,194976
track_04447,Blues,105.71527549010882,0.6756172609714681,0.5165966595264808,-10.551929772309895,0.06428316859036468,0.41088951934179535,0.0321060654062437,0.19739320232344337,0.6192801373238869,279630
track_04448,EDM,136.90775399923973,0.9110470413424657,0.8358852210190084,-4.129451487673031,0.05934987499278207,0.0366502122781524,0.03671908606242856,0.1671165654456962,0.8354849923212707,267742
track_04449,Rock,145.49751884693433,0.7632510953159501,0.7877255366316551,-7.107788005186178,0.03743095257244409,0.2234043768951367,0.06592973104364984,0.34159514330083307,0.6625066748369417,236944
track_04450,Pop,121.71328865405033,0.760426623953469,0.8170850403568467,-3.334082907616164,0.10023951282268398,0.4956828479289117,0.02982683937096675,0.10796615806214149,0.7019408224508654,248477
track_04451,Pop,113.75012214686143,0.6885152413232494,0.6774054096912925,-5.989918317949089,0.07005201434294175,0.16780039807249902,0.03827801312856561,0.17904235247476885,0.8327029201959841,185053
track_04452,Classical,49.06955643589919,0.25019269723036397,0.21900194861255035,-15.573557739570509,0.029313230262714374,0.9322231518311105,0.9406032063953861,0.39669332449751743,0.5019162368566893,576681
track_04453,Blues,92.1929496326275,0.7689028403580976,0.5821014420918728,-9.7997513921822,0.07701230211794435,0.5660613974920106,0.005303358372747514,0.2814429879634859,0.7397489265692053,296963
track_04454,Metal,171.64290517115504,0.47103570031446795,0.969256695761032,-5.780110943955218,0.05536034670550567,0.1702270751011405,0.0008895956197658484,0.15515878152036122,0.5759760655038122,213697
track_04455,Pop,116.70790994185145,0.6455038089446634,0.6106217524965363,-5.487064491277497,0.10145911322923416,0.170897110929831,0.03456599144101948,0.20927666235041947,0.6431385702362933,187651
track_04456,Jazz,157.1339612549938,0.5851757724403815,0.5748186605951144,-8.747840648594687,0.07628336584211687,0.6290877811517617,0.9035922879150069,0.30411789042376197,0.3260935444815817,380088
track_04457,Metal,140.79535829867794,0.5336626047545444,0.8284198125565666,-3.435454144779104,0.05622542409773197,0.19669357350593053,0.19820136299734292,0.2598428276561773,0.4419047063356739,275340
track_04458,Country,108.50603657017251,0.5799354078796061,0.6489537111033442,-5.520722836985764,0.08399977014768861,0.4416029014465306,0.07972679426206822,0.20747033808438886,0.5373973905970367,185161
track_04459,Country,100.25416683421938,0.5093932109908449,0.46762275313008156,-7.246936848542552,0.03519189449689478,0.5441270064066758,0.05302280267494861,0.15338271233516332,0.7811103821226282,236604
track_04460,EDM,123.56013633361235,0.7258271674243362,0.8458699547882227,-1.4296662842045609,0.06575919355077389,0.15060246735489835,0.1574842650512684,0.12102247282285411,0.8019657497425948,259038
track_04461,Metal,158.55806008518647,0.5749900267106819,0.8201425244354145,-3.423727558211248,0.03007002322812517,0.08320366568244404,0.016636770752460128,0.18983593060214193,0.46673844182375535,341842
track_04462,Jazz,129.38823352641927,0.5726221717046927,0.5462794115397523,-15.657897211634724,0.09026484545178934,0.838459426357339,0.9961739322228507,0.44741340904659965,0.3806001856371939,366473
track_04463,EDM,132.00357277872098,0.8412604138288112,0.8159739949706494,-2.8911255225218806,0.05618931063887689,0.06560953533236134,0.2534720885987494,0.14493871762614438,0.6457978769607648,266669
track_04464,Classical,73.24191508682252,0.2128171467386928,0.33117685244881,-25.21468933760802,0.06938561547695823,0.8035114959657911,0.9797659888811827,0.43277238435575205,0.32071197993703726,330422
track_04465,Metal,163.1345341881183,0.42760524161291147,0.839223497680871,-4.99894286010656,0.059703718864174804,0.08321225863814148,0.11904116851106963,0.166051111461986,0.3690223549523704,213393
track_04466,Blues,93.10748837197343,0.686811755478447,0.7386054263381449,-5.909654906905278,0.09078636218263675,0.6485460178228726,0.0439109393214467,0.1877968261230612,0.552371561317538,198463
track_04467,Country,105.75440826086039,0.6479778265752784,0.6561535289751916,-4.376896032863597,0.03606027512048499,0.4486191970538644,0.05816835603561126,0.2233554135985944,0.5185187655488274,192477
track_04468,Country,99.84775373927926,0.5085728504951833,0.5972175229156728,-8.474328336937374,0.0502058663147717,0.4059351918432966,0.1115304901655462,0.1578588722417386,0.7947165290423737,243367
track_04469,Hip-Hop,80.4660434428441,0.731448054527814,0.7665337113757607,-5.860050166487432,0.4037363517889052,0.02833353561336169,0.09788529656707146,0.24519198004476403,0.6121336845361676,279571
track_04470,EDM,138.20819108316778,0.9370217990825523,0.9620749686633386,-1.7034241794435703,0.045055064788903545,0.0868693015501546,0.13650337603031085,0.2897525310102067,0.8040538418783569,274997
track_04471,Rock,129.58159992123532,0.7087727311524608,0.9083002271398344,-7.423280023717128,0.11693610220954104,0.2651727560079814,0.29412611364969604,0.3724273234568075,0.7295412353578918,189331
track_04472,Rock,123.44657303978788,0.5487310850182948,0.9957783473431121,-4.376143890236963,0.06469821431955605,0.32215727621857193,0.040739962727896005,0.2960312356506313,0.4238547458815938,237713
track_04473,EDM,134.92570881157468,0.9237810056608617,0.8573655516961297,-2.555450772143856,0.05927673675974075,0.009990594252907626,0.2889215611021277,0.2599927905278754,0.7171065775801462,287381
track_04474,Blues,87.23210646047279,0.7811663684790701,0.7610045689951673,-11.254881172772484,0.05400669031040525,0.5448903437247037,0.19407420027796554,0.22096347646093678,0.5981305285024507,271466
track_04475,Reggae,96.17288420348642,0.6559447258333516,0.5912528231016978,-7.055895313368172,0.050504558928135414,0.6433653342274398,0.04457908301788358,0.1702344917457958,0.579997531279633,234839
track_04476,EDM,132.93002134563275,0.9447165591934337,0.8506648943725802,-2.1083548308601396,0.05981525564301489,0.008394896625651604,0.26447159578303747,0.130577827430232,0.7352263068575517,243724
track_04477,Blues,95.7070641021314,0.7703850715327822,0.5766302285944404,-11.807767547320232,0.09484665276255552,0.6634544113919276,0.09117190820975188,0.11561761178542476,0.6493906966503454,297725
track_04478,Classical,85.23550125821329,0.13046995821852306,0.3583426357442918,-17.833016653239046,0.03878833310544681,0.9221297698255472,0.9066196822296619,0.2570410267977576,0.41831524097133754,494817
track_04479,Country,116.4242974207884,0.5646142082582833,0.5273432124759139,-5.012664509567504,0.08940181911108627,0.4405778272268184,0.07093399381684672,0.14063008759249246,0.7670805314876707,249361
track_04480,Jazz,109.65536332540813,0.5308279891982177,0.49526031609643406,-10.619152793941485,0.08643528638926543,0.7332773134621792,0.7964918725781633,0.36161012510959945,0.6900024239077595,293439
track_04481,Reggae,79.84364458068339,0.6210700477844723,0.6304011697892333,-7.511851090119935,0.07168993403462898,0.311670588105756,0.11582349289768029,0.14640051676014215,0.6024429665122943,222600
track_04482,Metal,163.41042243768737,0.3933190737482457,0.925460630726178,-4.293722817748907,0.05039997033581746,0.1421747321171079,0.17066690145278698,0.1869603242392318,0.4566600026621418,198070
track_04483,Reggae,87.80638547101829,0.7622914031313495,0.7683449216218953,-7.485668091267202,0.06360372280744804,0.542369094371401,0.03576839798922007,0.10585916261265277,0.5223845729189863,257832
track_04484,Jazz,98.7035995468411,0.46295541351808495,0.5858438427635857,-9.467620413864955,0.07405622493551603,0.8156001008983695,0.9521261375356788,0.3907160842944429,0.34583629158854945,366834
track_04485,Hip-Hop,86.17305577620307,0.90206140193231,0.8976099919131709,-5.721572085647839,0.3232894491641421,0.07304719682658672,0.09576135041237754,0.1741156043962392,0.5499094537072947,262498
track_04486,Country,100.46905175636225,0.5170644083999537,0.4023850248660201,-9.804191882031606,0.07420532043502337,0.6920086158052562,0.15427445042795052,0.15088185200809948,0.5215066059502544,248493
track_04487,Rock,143.88130202842032,0.7205767696569574,0.8792584083211803,-9.186902318836355,0.044969368961649776,0.11354346185715915,0.07020120460794319,0.11789472522063241,0.7221213950604216,285939
track_04488,Blues,84.81809309105931,0.7911139377668753,0.5790189746242018,-11.356761297106438,0.0724588884753533,0.3738078314689526,0.08272534005517834,0.13743958871306544,0.7642909666175225,293968
track_04489,EDM,125.6990680146801,0.749220749997628,0.9880902074646967,-0.7786553731838204,0.04690887142894781,0.03222513217998881,0.04715112422788948,0.28097240249617284,0.5664831523677536,261519
track_04490,EDM,128.98157568997985,0.8978554388523181,0.9248806015155209,-0.5893951419464818,0.06309289853292573,0.06402208523121969,0.0768943694998113,0.2467657096458989,0.7293251457786606,266229
track_04491,Rock,149.10490850119007,0.726755071259581,0.8796048196086934,-9.226589743391376,0.13237101722840353,0.15181119471726598,0.21628151591480926,0.11277527862815045,0.5327319374594615,296739
track_04492,Reggae,85.59087671031678,0.6055928094347642,0.5514660863212156,-9.767628229233779,0.09895044149540111,0.6117903374199551,0.1681392943435719,0.23350337780842434,0.5877183525436475,204739
track_04493,Country,102.45526745639664,0.6790720714224903,0.5266048616093718,-5.2273231296405545,0.07095172756811823,0.45887499543540017,0.1781503406200975,0.26736479158588805,0.7891736627518464,215524
track_04494,Pop,131.56532745559701,0.6839773372018508,0.7505040784619361,-7.826631991096164,0.057422685279356865,0.24581188342321939,0.013436839005739866,0.17068063354135599,0.872276862223029,256150
track_04495,Blues,86.48996972508826,0.7688660502030539,0.5772641860575848,-10.035046769723959,0.04465278423454999,0.5154046719711769,0.07318087797875475,0.16794156969714513,0.6372898022654341,252893
track_04496,Classical,90.9886018064988,0.14457196161924094,0.20457849247066742,-28.37930944615081,0.07373512694793545,0.9912710849296081,0.9857463847543312,0.33115409425139436,0.3364538844570853,395772
track_04497,Jazz,105.48291077105989,0.5264860834593408,0.42931172801453316,-8.831342257788021,0.0872074522151206,0.9352691611419017,0.7728961822078811,0.2472514270358524,0.4380511663891202,402545
track_04498,Reggae,99.72272395020126,0.7552340413657839,0.6519750217153067,-6.304654986492768,0.08753745841006455,0.666441742785334,0.18427472642374035,0.20594291660239616,0.5094481520226612,192471
track_04499,Metal,178.9072679741265,0.4393351175878939,0.9518107138125718,-5.623521444730498,0.05545119881272845,0.16131553021761835,0.060503815497967045,0.2686832081423122,0.5348496720314453,359104
track_04500,Hip-Hop,89.6373650179866,0.8313958657014157,0.6976326291138102,-2.7633532421304787,0.42083882151360785,0.1123989204672679,0.06413708514377689,0.28406633153983374,0.7032071674882816,297777
track_04501,EDM,128.6646076145611,0.896788663275451,0.9221429573540784,-2.1335852510733266,0.03523087994840809,0.08735852261052426,0.20363812491081282,0.1908966123802923,0.7471058174844644,191923
track_04502,Reggae,94.2944931835629,0.6899347891900266,0.6044217426221519,-7.533811381434528,0.07648162552088303,0.4373528483709016,0.06863333034730064,0.2289607666633199,0.6663638546691131,261802
track_04503,Hip-Hop,84.5180223846973,0.7213371893471958,0.7376506822387631,-5.928390795736409,0.4800357359148332,0.2768347596076978,0.06433581057931434,0.2156028512696102,0.5984338326234367,236777
track_04504,Jazz,123.39519464869048,0.5308227681048645,0.5673877151676291,-11.307744196195527,0.06967886602816817,0.7712737604616455,0.9501346723890256,0.40336829880915026,0.6709699974259783,303608
track_04505,EDM,135.15322528934243,0.8688896851932888,0.8190643177371264,-1.0870396194210268,0.054401863273349456,0.1429761684014101,0.0784505175036265,0.14428544383685152,0.8304369111443145,215754
track_04506,EDM,131.97120043350625,0.8083584531682482,0.9786912613385849,-4.61959795709078,0.04642494352743221,0.1551899288631583,0.14836058482486128,0.29321625453257705,0.5699291881981452,243036
track_04507,Pop,128.15857671572815,0.686173907680509,0.8140664430092014,-5.902484455627679,0.0748652190955628,0.37899184181511836,0.02563786411278913,0.16746400894703645,0.5232368917909906,237332
track_04508,Reggae,87.41850776377919,0.6876240667288359,0.6779735377149247,-5.7942688898603025,0.09891769091908986,0.6921504438941886,0.11157879574722568,0.10714608497737044,0.5640446373877179,203836
track_04509,Country,106.3960076160239,0.6563677029464949,0.5018727510772907,-5.657491115252956,0.046542580866974576,0.46591838770476374,0.012348951634903172,0.17861543476482017,0.5293119893308047,206949
track_04510,Rock,132.67192931143785,0.6233943954329273,0.9122014756986871,-6.456934619496737,0.09367893468936843,0.2349839059326729,0.17545401092981994,0.16890290677953168,0.4830063199309278,218105
track_04511,Rock,147.2229997062405,0.7216153649616952,0.9281047588919477,-6.052797763857598,0.10986477584821272,0.25262154288049166,0.22226814100087006,0.31981829362650877,0.4124332750288988,201178
track_04512,Classical,67.74877618145507,0.2259627327448361,0.12019598967988948,-21.79237469652714,0.07392734741673979,0.9906877649406629,0.9782210947713219,0.245441356691255,0.34988798271522187,550082
track_04513,Metal,162.3880019821693,0.5012981591010817,0.9676162702748902,-1.0798579268451807,0.034284590529529,0.13707665787588327,0.1917450962123043,0.1747591249054345,0.4001234503762098,198328
track_04514,Hip-Hop,92.66366681966964,0.8004877641734403,0.6643381549139691,-7.031197485160451,0.3577890640937379,0.21129330889791406,0.0918695107093701,0.261202739600747,0.6792806582224824,241938
track_04515,Reggae,96.17396226847369,0.7936945491512911,0.766007922793212,-11.695218721714,0.0901459508646662,0.34562438465409806,0.13804190743786535,0.15713000252834394,0.7320150207776477,181187
track_04516,Blues,99.28051928204269,0.7898791721199033,0.5647976324443273,-10.35070715341933,0.04799622253270369,0.5911412541725931,0.11417508652697919,0.11165022648297414,0.5075899848244889,204405
track_04517,Metal,151.79849738927288,0.3719708706697961,0.8488145644613064,-2.0910354281345143,0.0773999398250329,0.11916058712037839,0.03148611803635282,0.11308656431367776,0.3717529708937473,213418
track_04518,Pop,104.56920134611029,0.7735563497875632,0.7744826666959475,-7.977046094622349,0.08077342537918628,0.3491917021205251,0.009643784321446325,0.28019416688451454,0.7196049080913625,222990
track_04519,EDM,127.9368662145653,0.7839865082080943,0.9939092583986193,-3.106225181857635,0.0668402966175275,0.13721087729269463,0.022188917258725047,0.2865440955079147,0.567379369422522,289613
track_04520,Country,96.12724548736894,0.5709449405279086,0.6231170888882351,-6.386578552980045,0.08527706686023204,0.6953181874213987,0.18171719543283338,0.21865803896924346,0.7681286532223924,238571
track_04521,Reggae,102.69833989653789,0.6908888433950281,0.5376362130092934,-8.323202935760065,0.07495533308563514,0.3949088580526581,0.15656486160933697,0.12489646561430451,0.6505997748429934,282529
track_04522,Metal,166.94894315505837,0.4653566346800282,0.804686979657491,-3.95131123423002,0.06760855522667959,0.19092093871267027,0.1748715141718069,0.1003039502459945,0.3656105991080461,327093
track_04523,Metal,174.82955670606108,0.44955070351005133,0.9157153530652503,-1.5629022129954055,0.06488515072291043,0.18119093266724567,0.11046879074245991,0.1349706122014374,0.3738872361036731,261469
track_04524,Country,109.66898958991531,0.5500299098626683,0.6051141906027558,-9.357803199175082,0.06214147823523307,0.5907516606845514,0.002500332229356861,0.12161325280146862,0.5273800308274317,268478
track_04525,Classical,64.03886388378402,0.18295252967752376,0.14379262980053692,-29.509109148031424,0.053837543539298954,0.9759145026451815,0.9860850105120691,0.23023657184557247,0.2589907661191548,437964
track_04526,Hip-Hop,82.98652984332192,0.9187051165247643,0.8643143460968312,-3.5300884174581917,0.46274735038008874,0.07047292132205703,0.047885241286078,0.23894451038764242,0.7380066597400569,207479
track_04527,Hip-Hop,92.72075108393976,0.9105587809095779,0.8168733711240762,-2.3724347759720565,0.5339620475097986,0.13518145560373948,0.06167534860777612,0.20087343996389406,0.7185293187743513,188430
track_04528,Metal,155.6100686266181,0.5143245740999098,0.9011533275441748,-3.125722553743169,0.030420306690414872,0.03332014106844725,0.09971280841898351,0.2491186116140712,0.5426774700070196,183524
track_04529,Jazz,114.55445487520512,0.5228253478811298,0.4897498503535127,-18.445419639577032,0.07812669459338498,0.7268164498559762,0.7622962280198409,0.43346631678942293,0.4896251635955432,326870
track_04530,Metal,147.20036144934582,0.491514026196084,0.9576550027033758,-5.659847360182388,0.030146583169825925,0.15337157878597144,0.05801077583983177,0.27744104430471606,0.35549057823742924,292201
track_04531,Metal,157.7485701567732,0.5646193184906791,0.9216695016820878,-2.5519148211675655,0.04129851652020748,0.1845501840736062,0.12469648806956457,0.12117709684396463,0.30466567435097625,194162
track_04532,Country,90.9630245681222,0.5995049922012088,0.6528570838832379,-4.8411625937417515,0.048398181864307825,0.5786514939581713,0.1894917327739198,0.2212665261206448,0.74397630045256,214324
track_04533,EDM,119.9373825611356,0.9256138469790545,0.8927473420975349,-2.4825421214532577,0.06712979925185023,0.10032814789803908,0.1505945932662932,0.1726325960586602,0.7841647441533652,247663
track_04534,Country,115.50372565053956,0.6195134196212928,0.41293065349920544,-6.682229554858289,0.09513619950333171,0.4262381518194073,0.024638513073441094,0.17743665660965505,0.7206872782204498,212983
track_04535,Reggae,84.50753723001834,0.7925987663653393,0.6028150703499245,-5.117221833267371,0.05151938371938781,0.699859813736213,0.01518112998172001,0.24264797634513038,0.7221324758137437,219766
track_04536,Metal,171.07522223420298,0.4472177373862417,0.9261812664148702,-3.8825291598545784,0.07812658442473161,0.027068381968609237,0.09513326085544682,0.18308661162137066,0.5078120453350362,221352
track_04537,Hip-Hop,93.82192450071315,0.913199525750614,0.6259454544122768,-2.446280505966726,0.5783194987637925,0.002380122629391779,0.05064095756753021,0.21742885280826574,0.7214853716493763,228580
track_04538,Blues,89.48669019287593,0.700670256372588,0.5881420741300027,-11.330069296874996,0.05250276463531922,0.596102045515191,0.04821270372639519,0.2659420671255459,0.6210465101013576,251404
track_04539,Hip-Hop,91.64370091100433,0.8667599681571484,0.6404836870403731,-2.560446700128715,0.5154449258532838,0.010673696918349306,0.05800442387287689,0.1960252413151353,0.8436616304964968,176771
track_04540,Rock,142.35217149111622,0.6772532137719653,0.7930840119481621,-8.280667931047661,0.032704242046610016,0.19966850915499096,0.1188287647955998,0.2343360115063285,0.6938886681414578,216500
track_04541,Classical,60.71551457210487,0.29396526227826625,0.11153394573645493,-20.062769492531807,0.05775474825585969,0.932152274888801,0.9754545688132985,0.4282896224679138,0.582201192974384,526400
track_04542,Pop,105.14929261359612,0.8967951174609867,0.7505119065424715,-4.927083631691585,0.11818905572197363,0.30243927620773625,0.00012803722671533846,0.10619592869361152,0.7725592533965211,231955
track_04543,Reggae,99.79342858604758,0.616749330469912,0.728013104698016,-5.5588238952458555,0.05534473219970791,0.4521784303834972,0.14876363111538723,0.14968813253543914,0.6626733691718701,198070
track_04544,Reggae,93.00633512942666,0.794986764906755,0.597155693200303,-11.034980807836819,0.056925652258664104,0.6855910101759746,0.08317509009679613,0.28677638798600097,0.5312246643294647,194275
track_04545,Classical,87.0030756801859,0.19168978425279593,0.11471474267798248,-14.885092427332067,0.051967809784445,0.9878816918324138,0.9635240064498981,0.3601795412008999,0.31777154474415314,343785
track_04546,Blues,86.88798473531106,0.7595295820087697,0.6396747456650201,-6.7816772744089375,0.05248585366198859,0.3054922366297167,0.11400333006508297,0.2626489341985445,0.6300330618140978,198836
track_04547,Pop,128.19539457452288,0.6080147822596421,0.672625054937117,-7.318584054429993,0.06618952889732573,0.30735080128227876,0.005462235111889741,0.1459668262319076,0.7259633579439349,258001
track_04548,EDM,131.6152907690449,0.9143977537797456,0.830115944661783,-3.150576321554663,0.06697438827084487,0.15915965100140508,0.1792071993827982,0.2537985060484471,0.6793523125220591,232071
track_04549,Metal,165.66320903654363,0.44656134915050727,0.9008379230987498,-5.509108899494148,0.0726060479409115,0.10669763774253303,0.11888694432884368,0.12428813129722452,0.4805467595719004,284123
track_04550,Pop,119.52879449754288,0.8769626299921952,0.8158843680006492,-7.028412881843877,0.09156604662396423,0.34107964820114534,0.04017162073509864,0.2513840725504609,0.8972972862307277,225523
track_04551,Blues,93.19882364073814,0.6648347016632433,0.7112453087101729,-9.032233672935929,0.09392882651200352,0.5406394861749478,0.10766252011566156,0.2606268985111573,0.6456323537261697,274368
track_04552,Jazz,159.87710781170634,0.43277194758153786,0.4053321709375496,-6.702011105620498,0.08172641011955262,0.6973592912756175,0.7471752770355616,0.41404295381679335,0.539658887795325,291592
track_04553,Rock,149.15855040954446,0.6210548223440686,0.9308439819308676,-6.293286116918401,0.06473430009419347,0.14431890004504605,0.2099807996280455,0.2113317103961149,0.42620447380561477,187334
track_04554,Pop,99.5377602096502,0.7491704919635771,0.7117333131766752,-5.697073874662996,0.11153161363575477,0.3021163494261272,0.04705234254129485,0.12954633615281574,0.6121024350024138,234855
track_04555,Pop,105.8317080966366,0.8703084594022774,0.7346397937012583,-6.326696220203415,0.1043698244523639,0.1282659016200813,0.028183130510310628,0.11993394442931447,0.5707403208197463,207868
track_04556,Rock,126.98045899723186,0.7995995012708375,0.8498158262257377,-3.4529790385446315,0.07132346232978468,0.3236945339670524,0.27043984270167987,0.25626257907612654,0.6505869321468091,198613
track_04557,Metal,157.40727917779463,0.30736214914681764,0.9787890871479665,-1.1060796715030294,0.05166755871864323,0.09115777546984559,0.028831222097254996,0.195104690019197,0.39100477079429213,266986
track_04558,Pop,120.34676971163309,0.6554543892619932,0.6946466830031145,-4.917490090006981,0.0741586486275679,0.28976941562081093,0.04867418166204382,0.20161427521015962,0.8641281753895271,249191
track_04559,Rock,143.83475742329605,0.6338010812456448,0.8220244987599865,-5.385458150067449,0.11731209903105934,0.3795907840857119,0.07706564666255834,0.309424113298425,0.5369143270690632,263382
track_04560,Rock,133.98131925252196,0.6646558585959288,0.8599584820662645,-6.582889226932764,0.13103698283712228,0.2662764103314938,0.04787977389994974,0.2877418272604434,0.6056346550462848,283623
track_04561,Rock,137.81756850762926,0.7607618608880755,0.9967872693869042,-7.417552318775692,0.036584967746243736,0.1390563322918324,0.23644452418333176,0.2967361219569036,0.5140047996887366,189356
track_04562,Country,92.14200792510026,0.5140636522530582,0.4313365818853154,-7.030686449001437,0.056313229133668534,0.5597046026397015,0.16700228373169518,0.1317241319199715,0.691859487292319,236551
track_04563,Blues,92.88904156703002,0.6758755594279832,0.5519999747853318,-6.32257248690963,0.09455254213569883,0.33012268295415625,0.1159613547532785,0.2876308678549708,0.6931207593410286,213077
track_04564,Country,105.3097117484368,0.683629664089199,0.5869069928728089,-8.179690180293266,0.060526398253870836,0.6031808282126568,0.02025918276055825,0.13780853038519955,0.5099944916807275,225370
track_04565,Jazz,129.90547051055822,0.4621337936213031,0.3614436082281549,-12.629671710852094,0.07185524961342186,0.6280476573660629,0.7370111202536764,0.30896111446200447,0.47163328764884693,255499
track_04566,EDM,133.5783956750916,0.8234013605900307,0.8254941078292921,-2.9355079998463545,0.04049127867446976,0.1098863191692408,0.23412186392255788,0.2876740742696056,0.6135371125059557,214905
track_04567,Country,117.84128700195112,0.5680962755756596,0.40675436788275765,-8.459782321097745,0.07093142250688811,0.4589328137240404,0.05746903592162669,0.24158449201825621,0.619494677471227,292590
track_04568,Country,113.70757393385492,0.6963892903163393,0.4225427485997281,-4.059519592178544,0.06031866959160534,0.5757252816182816,0.11873017291968671,0.16920435216241075,0.6634371831221926,268605
track_04569,Blues,81.32317669741296,0.6048451769222775,0.50076269065997,-6.4196451711432845,0.06940963975088515,0.31328376521326523,0.05720540895807276,0.1713363767752397,0.7349866669951644,192126
track_04570,EDM,120.91236537412749,0.8973250437065486,0.926746810173759,-4.834318967919502,0.06874754816278607,0.03628660733506552,0.08268586851242753,0.261858805704265,0.575935945634984,290717
track_04571,Classical,80.29517906131893,0.2747667872483651,0.19165158716126013,-24.217127864872985,0.03847568311201213,0.8950897397043426,0.9015944754337386,0.20325280487974162,0.4941903998538104,410149
track_04572,Rock,134.98403109976834,0.7156275315445895,0.8101967674851591,-3.411633058343128,0.04640074469493377,0.12052145113666685,0.23435972917498535,0.22039778803762486,0.5862302359958516,222475
track_04573,Reggae,89.79385363301074,0.7006991342000155,0.6247437737968141,-9.796104097973775,0.08337772777388147,0.5210728878022733,0.016483277862956492,0.29014250038097916,0.7662551882791768,239096
track_04574,EDM,125.42400079731517,0.882147887062648,0.9177373314328074,-2.9380163906772583,0.03211489334583092,0.0036991814861079054,0.014027629956644583,0.2917672767822318,0.6292848459448365,254889
track_04575,Jazz,125.73053148383285,0.5790061702278239,0.3164492188078304,-15.231693464011798,0.07207471096394176,0.7740772555022724,0.9442232938864631,0.3762912442365279,0.4866025949910492,266971
track_04576,Metal,151.65596936731586,0.3946288203542455,0.9096111832317063,-5.950197342579596,0.0793315006063833,0.15339617366244732,0.07228382930350319,0.29660256613122316,0.3277283967893616,194595
track_04577,Jazz,140.17143715396048,0.4432346751228664,0.546442122719923,-15.343513829923126,0.09314126495742217,0.5659131233575225,0.7010809316652395,0.20470178652562765,0.38406396205356375,261880
track_04578,Rock,146.17630007741113,0.6638173316879111,0.9257690931448657,-7.324844865185251,0.05052391754924393,0.2289506288331129,0.1256327516074529,0.226184047507929,0.6781683039633184,200544
track_04579,EDM,141.36754883332014,0.8019065929358434,0.8711187163353484,-0.0733673202236762,0.03162627474742844,0.08201724654789336,0.0454021161547866,0.2452560536658511,0.5777782706595289,189321
track_04580,Jazz,136.02996026804377,0.6251227789546802,0.350366923027818,-17.488015034806445,0.05907842610977802,0.5338330068556891,0.8627622548116035,0.4579227051132776,0.46000985138674566,245195
track_04581,Jazz,115.94078213362154,0.42029950177237196,0.49770009672266946,-18.12102996946566,0.07909187709365166,0.8357768306754165,0.7973887155588156,0.4845988037257944,0.6115850023497149,366941
track_04582,Classical,51.7900275374908,0.21991141724373275,0.19852548954451815,-21.751925246086984,0.052479828366472706,0.9912869580046444,0.9931362098935417,0.49594322504600485,0.20656469030830693,371922
track_04583,Classical,69.07573849087872,0.2848050963585836,0.30734577814458086,-17.036821882721128,0.059419898909338784,0.8635285957698194,0.9530533591012581,0.38899191921405946,0.32228613027664504,346214
track_04584,EDM,126.72649662941511,0.780437089691379,0.8142888307001062,-3.9927271310794317,0.04633641673646258,0.1816111776288338,0.12472850756174914,0.11796076031480858,0.5785827066537534,194492
track_04585,Rock,142.3157115089746,0.6077837396799771,0.7573679466037471,-4.965543339738123,0.049049167097631075,0.1841912543405716,0.27588346084214216,0.252509372833963,0.7416338415529697,295795
track_04586,Country,116.89879416685575,0.5208390138600747,0.4168007341430138,-4.234320770208057,0.08909406935605368,0.531731343250054,0.04959949355291533,0.11449016590460873,0.6293588754482933,227613
track_04587,Hip-Hop,75.89913158900887,0.9332034374041864,0.89580753609605,-6.272374498469144,0.48300100594916795,0.22356582247975249,0.019110160095330477,0.23732209713988972,0.6030802111895898,275201
track_04588,Pop,105.04732520839669,0.6272351536955219,0.6367083201128315,-3.4672499595323094,0.10720446578355103,0.4099511050284934,0.03119879621519077,0.15849001031467738,0.8739146421041672,253085
track_04589,Reggae,92.36087965432112,0.6228170156729832,0.7390435462932864,-8.099797239037658,0.09205630636314599,0.5056419760946631,0.1725151572031907,0.21089680210280226,0.5434646786268212,188274
track_04590,Pop,117.64756767178059,0.641196677729518,0.6506008408816744,-5.920188374436503,0.09085869803685107,0.22890634497332651,0.007062970773942224,0.2880647658356826,0.7059414848883846,203409
track_04591,Blues,84.52397882937302,0.7119723850763258,0.6806492347556129,-9.537462831416985,0.08024599392904161,0.6162706205756421,0.07284211014156239,0.1029830743084784,0.6048007812892651,286637
track_04592,Classical,79.89972011286035,0.27844742559732183,0.20352112062115105,-22.832604764756397,0.025197578341464227,0.8511778334569975,0.9067899640786381,0.42716971936015263,0.2721275869119696,410390
track_04593,EDM,126.0110727861096,0.8056233454971743,0.9797157366613239,-3.601946145806625,0.05870908110569986,0.17898207011150233,0.25701017913518337,0.13979382209313537,0.6118880005593883,198170
track_04594,Pop,104.11462536309025,0.8598231073095441,0.7040604233840095,-3.6100174208989833,0.07157922150232959,0.4930650881999712,0.032352470483569935,0.2254180720874714,0.8223613531525233,186864
track_04595,Rock,127.01461931135162,0.5268074013231778,0.7912704198450281,-3.08844203599745,0.12855017468295502,0.3404914879875963,0.25299133165295656,0.3595153211571305,0.5301422467501022,290600
track_04596,Reggae,84.23190943886496,0.621161044145299,0.5339714798745773,-7.491611662647195,0.04496503085653609,0.36202046558015755,0.12487381143207243,0.18764073942026516,0.6683889358637816,241010
track_04597,Pop,118.41718019599054,0.76007368724079,0.7527263478019788,-5.765372991077619,0.10630538090327693,0.35406425913839745,0.00964639567590216,0.25054505998361254,0.7010249545215086,234784
track_04598,Reggae,86.62544102402609,0.6769593080801427,0.625693974796818,-8.51384315930281,0.08554447646467389,0.3070511086360669,0.08941359975100578,0.1028547195813653,0.5957425581898349,232369
track_04599,Metal,164.24700760909582,0.3959559356970501,0.9425413663466906,-3.6557504094297935,0.047061731062983794,0.1335855840092286,0.1548672246141274,0.23772247649697367,0.43885806932382265,313495
track_04600,Rock,148.54480580084564,0.7620426024728921,0.7924030736386345,-9.992104155639652,0.14692969332517564,0.10779319123985945,0.04571001817192026,0.2266138988344855,0.5985479251991441,282292
track_04601,Hip-Hop,85.4775761155137,0.9405700147151944,0.6798194838370949,-5.180041834039223,0.4366929354490316,0.14193055617763747,0.09131257689124665,0.1411029974786623,0.8579589602595363,239505
track_04602,Jazz,121.93824594546362,0.45376139626691314,0.3711352998387064,-13.599398522863828,0.05767059809116583,0.8795165698686023,0.801446012651971,0.4957506621255804,0.6435148930039878,323438
track_04603,Reggae,98.02354909540546,0.7703503715535528,0.7314875587939427,-9.378820023809526,0.07474893054653386,0.444181065401572,0.1408994370196954,0.1872904398103601,0.7294511829361601,219909
track_04604,Rock,133.8685791379684,0.559365822390065,0.7849539165457095,-6.586677795165672,0.11134133970269354,0.18158612800553042,0.24184047749925208,0.34317795033430876,0.5095517628624063,206126
track_04605,Reggae,91.82199815175869,0.6951550015296328,0.7349016403718591,-10.324518006330866,0.060467954679902056,0.6606549158100631,0.18215995615082228,0.1570351154867638,0.5250656286828277,180433
track_04606,Reggae,88.218418776747,0.6600808106503631,0.5360358149459302,-9.563201789970014,0.05691994146445527,0.33222276692261477,0.19674783823866146,0.1587541549004081,0.5817138389084744,217161
track_04607,Country,102.66016182576719,0.6369469015051238,0.5571821400379458,-4.061285349355114,0.07327405748229052,0.669018457898894,0.1827097880212248,0.12028372634817004,0.502508676913871,288267
track_04608,Country,94.8979219611429,0.6632697596573922,0.5019547406379788,-6.6924790685999085,0.08269098163627205,0.5660602310671601,0.014298991439903564,0.11232802765640504,0.7601473275617969,194884
track_04609,Rock,155.1656354539432,0.6703912072603724,0.7639538639473139,-8.06328675751181,0.11501835257512073,0.38878670921116576,0.2834506804667653,0.2558974439251879,0.7546237899061874,187474
track_04610,Country,110.39826934178451,0.5479636860287788,0.46696590887639855,-5.759570965996653,0.04829026758961978,0.5321363557917493,0.02158112167563977,0.12445178663764954,0.5749842785615096,286692
track_04611,Blues,88.29983153903216,0.6660012062561047,0.6603509531156034,-6.296508906749507,0.09893651591085782,0.40058305629086877,0.021301652538564444,0.179133449980523,0.5430662828453142,230203
track_04612,Hip-Hop,78.26776664735839,0.8325057251399846,0.8326933390348309,-5.525865220251118,0.552976279891153,0.04510632002409206,0.08200336730657909,0.19520005727180434,0.7984014690956953,170022
track_04613,EDM,123.38849493843526,0.7909686997731422,0.9015506135856346,-1.486811322156277,0.06368106240700919,0.016531280942638938,0.19697223704667413,0.19534228272758858,0.7390489101772112,253881
track_04614,Rock,145.93315348948786,0.756667631381809,0.7794304978970724,-5.952819821936255,0.031155516376783064,0.31944780732231925,0.1294684619616519,0.35374003058289527,0.6222080009059459,184530
track_04615,Rock,138.89626663521568,0.7940428512125683,0.7029644561856814,-7.4320180264059115,0.11079154271530804,0.1476750713859718,0.1682200924710355,0.1774571075846868,0.4891074766336903,287587
track_04616,Blues,86.22103887587622,0.7556988704253442,0.5106406615150385,-11.345975613689554,0.0867239197867607,0.47471970109077294,0.13352963228042874,0.26407270080010137,0.7270407760350244,289293
track_04617,Classical,94.42341427687235,0.2626537493966642,0.39986819840212573,-20.86988027312554,0.07618606973555873,0.8980740186057014,0.9781999752491515,0.3719669135444921,0.5536156900948663,361060
track_04618,Classical,72.35880214103813,0.2164846576248336,0.1765861418627815,-17.17690080488195,0.07453109707384481,0.8809268481647059,0.9943553411075895,0.48267882423325353,0.2830276308332389,402675
track_04619,Country,77.51865738442459,0.6678706323268884,0.5680483864960335,-8.267693662196645,0.04586301543821393,0.5770719250027315,0.03765310224228096,0.1278344201544372,0.5955162687401183,235554
track_04620,EDM,132.67419441043393,0.8320552174687748,0.9413784650463853,-3.0984543405110454,0.047849173259846195,0.15847869605129794,0.15756553804729745,0.2179555458443278,0.7071894255495033,265928
track_04621,Country,109.3406819991612,0.5774507073302348,0.4886906372016523,-8.844169955771033,0.07749423197976925,0.4785056437080308,0.0929716684045841,0.2624256174951433,0.7375738525122177,198790
track_04622,Metal,152.98201983902746,0.43620567432283874,0.8074237847132874,-5.334099519445008,0.05293297016697007,0.009132897547672348,0.061402637133355746,0.1874488125289285,0.33048520695583156,256947
track_04623,Metal,160.16585267433953,0.5544693324271629,0.8090636025199244,-3.8972860987134093,0.051975946433446205,0.10765569516872585,0.09626809495357201,0.293592304176591,0.32356187125442326,188645
track_04624,Jazz,132.0322277876148,0.4738814293637025,0.3964699106930998,-19.62813657844542,0.07336891446159433,0.7335222523065317,0.9234863624862992,0.47170679003932664,0.5190835196772658,289927
track_04625,Metal,155.86236538896583,0.5489525318135258,0.9106628873488283,-3.265142534535905,0.05301929138851101,0.0037332467485845957,0.016068060644727277,0.11790293174582125,0.3568374845384591,342049
track_04626,Classical,60.62892111696018,0.1697154568234143,0.1620286598136066,-16.068197024114852,0.07680862745569624,0.8179809019910235,0.9242236333112471,0.2713694444097935,0.4036292255848849,337121
track_04627,Hip-Hop,89.69990497476779,0.8431886158639035,0.7773066777576036,-2.946101660681194,0.41908093132573254,0.0037028844888232545,0.021303028875275756,0.10707242213764495,0.6573984891196181,188354
track_04628,Metal,169.16686597326785,0.5265076772602395,0.9106121468011206,-4.8714914715079285,0.06795630379328049,0.1335862384083991,0.0383190279597758,0.29657766612792225,0.35322781975665807,320814
track_04629,Country,101.82280609597841,0.5717640550169667,0.5808039677962396,-8.525896984228543,0.07164932935983614,0.4388971261110016,0.13109997344335583,0.21463281902279574,0.6557878851377563,252577
track_04630,Reggae,88.92032839677424,0.6445804618733505,0.7477638808573139,-5.509154462241714,0.06562014387714546,0.6847930106929319,0.040429524091115845,0.2905667866525513,0.7708424178367057,241336
track_04631,Rock,141.57206754736043,0.7908829973421396,0.9744606719304573,-6.536189183326979,0.07092500077889159,0.18387769266325743,0.17270677672429424,0.23607371898510973,0.7978098769731146,275578
track_04632,Hip-Hop,85.3024038511974,0.7018908536601518,0.799061533740069,-2.5192398558385296,0.40643038699951733,0.09421713053508766,0.062602986487255,0.16571041309149726,0.6609673501906045,225243
track_04633,Hip-Hop,91.53314046879737,0.9305937966065462,0.7749346427147901,-7.939799306430022,0.379167768539629,0.28567155859573484,0.09103217638301031,0.12312944792011044,0.8633668252269311,264456
track_04634,Country,88.70344858785457,0.581142973940085,0.6103020428209802,-6.640105506918221,0.05359347609855452,0.44600073427555603,0.07338404482108939,0.2855593142877025,0.7433745126720039,251195
track_04635,Rock,136.55527705972975,0.5514397989203882,0.8995613435533881,-4.365141102663849,0.09978431151602667,0.26383293927245355,0.21449365891768155,0.13406727915887434,0.49906280192172653,262008
track_04636,Classical,56.047062690205394,0.22404210646823902,0.336813085472644,-19.092161675838764,0.07863148700313796,0.8471137303605447,0.9919688250390054,0.27429793843920736,0.4126578305734807,445378
track_04637,Hip-Hop,86.95437074068843,0.7680753902164975,0.8024607313029185,-3.175588567923141,0.3591020536828104,0.2919458779216596,0.054664047570579945,0.2828981323226113,0.7655524238655362,204933
track_04638,Jazz,118.38935850493206,0.5240360364591764,0.5178667920170503,-15.952345204004686,0.08920329491309248,0.6429897734229977,0.7129640265707787,0.365443569637006,0.634389421080324,409989
track_04639,Country,114.750828328711,0.7127821060727655,0.6199097425787367,-9.254826543115843,0.07322768332816904,0.6934512191178912,0.04282317818534283,0.2239427862238301,0.6690842942363997,239988
track_04640,Hip-Hop,90.61373129861902,0.8116908527065727,0.6792050943294176,-7.906579773410539,0.3526139414963342,0.11615671305929168,0.03704573314074418,0.1518722523458475,0.8988516984225114,191841
track_04641,EDM,120.62241851643314,0.9488036534787956,0.9539017172543338,-2.161825299231447,0.05983305796731245,0.18327359332016427,0.28893725832617667,0.25720377688509166,0.8396263873332905,299453
track_04642,Rock,141.92344244970064,0.7310568691607334,0.7570811580306962,-8.031156604607583,0.062386411339922274,0.16887658864187383,0.2857721970024998,0.1790384091011768,0.5939858758405443,203703
track_04643,Metal,172.02405356974702,0.484967871471901,0.8880396641659043,-2.2698623305406875,0.07806094652077553,0.06469499598437656,0.14968717663383274,0.1629074089687031,0.5536959420948246,254321
track_04644,Hip-Hop,79.42328064595648,0.9102614966207476,0.6281841176119757,-2.6752478854580364,0.529876920431803,0.24103650971249546,0.03771969200687512,0.11699237472586266,0.7907817263799366,189533
track_04645,Country,111.51964089345597,0.5714274052941024,0.606762101347363,-9.556504126376304,0.08534966297584343,0.6154258059096991,0.042788957434831555,0.15969084772122757,0.7421006134515622,276281
track_04646,Metal,139.8911364742582,0.37989333006836357,0.9521300275955242,-3.471822389603735,0.04900306147163295,0.17962345490634557,0.10964069139619895,0.23835212240300632,0.4777336191430319,291917
track_04647,Jazz,123.60315490369543,0.4244295303199507,0.57395943247376,-13.934454798358146,0.06714816865410299,0.8915540802133448,0.8931993050200565,0.33125860857366374,0.4038498630618623,297117
track_04648,Metal,163.79794335178326,0.47375392421411766,0.9261864695345206,-2.9746837520721043,0.060865174815149616,0.09514751899210597,0.11237756779984305,0.1577276369391391,0.34751247458533174,188975
track_04649,EDM,130.79273272869307,0.8244933907823935,0.8212811040793763,-4.437163868020731,0.05068061720469261,0.17657535689600623,0.23252195621990335,0.27631372214044503,0.7260587911336536,189283
track_04650,Classical,81.63424581850198,0.2592870355126371,0.179847996548431,-17.133037079091707,0.025895310726322535,0.8024569343521909,0.949839652204638,0.3384452228486241,0.27660767936540426,470614
track_04651,Hip-Hop,80.00574864285977,0.9011644252668976,0.6117821099323735,-6.292845097527408,0.3788257385816724,0.07889178434496043,0.0011495759152212904,0.28693434379750266,0.8456580796029771,164233
track_04652,Pop,107.92484852817006,0.7102030913057213,0.8472637789773834,-3.4693925947578306,0.0986953123997104,0.44356269683963034,0.006798958476194989,0.15351526009585242,0.8540624228664382,207582
track_04653,Pop,106.73356095893423,0.6561535346035131,0.6776205528367556,-5.3506315062427925,0.09597956605820082,0.376588969983091,0.022364685586492513,0.17479481867937396,0.8073269963976528,203788
track_04654,Metal,176.5232115464434,0.5743395031967506,0.9103241542389867,-5.604898412072281,0.03366449057935013,0.0805511389472151,0.14657070297852123,0.1994688069628207,0.48820869125050337,220046
track_04655,Blues,88.29607864182972,0.7670857072288971,0.7802462077871555,-6.619645916900406,0.0882709265938294,0.6485233414368146,0.10447270628431447,0.23609257596927088,0.5859354745750002,204421
track_04656,Rock,138.72846641406673,0.738344248255214,0.8541322888462419,-7.417636083215596,0.07330102300669944,0.2062326586713647,0.14186939414991526,0.13303725120339754,0.6646824802841027,196692
track_04657,Pop,108.21952356553602,0.7958444729205556,0.6988807682722362,-3.8608805747904817,0.09640336900758294,0.2388640341062429,0.03922170236716105,0.16061806287396652,0.5251146428946356,222525
track_04658,Blues,81.59914875354819,0.7424690514843769,0.7140693698056422,-8.397917722241882,0.07182884971971928,0.5223291297616012,0.110525090476272,0.141263166912645,0.5737357270175443,186482
track_04659,Pop,128.55374308101761,0.835990105404673,0.649876208963589,-5.731183101925872,0.10844525567733027,0.43234207674499314,0.0012003281103917518,0.14461002448591742,0.6695497586616487,200169
track_04660,Blues,88.68706652343847,0.6339626778075466,0.7237347712925818,-8.377671379581253,0.08385979759543791,0.6637889707476221,0.18294957465546377,0.16022352364967363,0.5475604643469558,261563
track_04661,Rock,135.99866623497127,0.5670705854403557,0.9674561946954376,-4.169370558392529,0.1045804415528694,0.12797181283703216,0.0048353487639702705,0.15478738634239883,0.4786554233746018,252797
track_04662,Reggae,96.00053411980839,0.7642236326071342,0.7940117053789391,-11.93687648861804,0.09547123702296115,0.4653789016734937,0.08158983286784138,0.10013189278861767,0.7503050219195335,251841
track_04663,Pop,106.06795770498057,0.6218903985549663,0.705456902357035,-4.456507842997964,0.07131894910923077,0.2930582289671928,0.009633748409502109,0.18582970417425038,0.6435768925700524,204130
track_04664,EDM,131.92537099704126,0.8164278997119776,0.8184597683417844,-4.533158238647434,0.04042442335419645,0.023151670823176398,0.0758352940942288,0.10490879671677207,0.6402957643009086,183346
track_04665,Hip-Hop,80.17040364372164,0.8920961774062217,0.8486085389348038,-4.862935952167216,0.5725207637839945,0.006105264145036704,0.022641048808172817,0.2545878559998358,0.8829202148436122,185389
track_04666,Blues,91.89277587701595,0.7142595037823887,0.6590833916482258,-9.910828767781682,0.054922797843959544,0.583752571845179,0.0681005744005186,0.22079035718656093,0.7136880759524832,244157
track_04667,Hip-Hop,85.31475920575166,0.8310288051022793,0.7517570946279257,-4.972182057648321,0.5323602510340495,0.020198977655491324,0.04524906080813487,0.2047973257922891,0.5857822962513676,219905
track_04668,Country,108.02968225325904,0.6399440159195287,0.40053845063801663,-4.3609413644688875,0.0963807566947052,0.6131250055441193,0.08464796637131636,0.1357222202743286,0.6477388658121013,259428
track_04669,Country,87.39275362976993,0.5938635958603284,0.5312360186725049,-8.514107371593115,0.049418073148794234,0.6875088469653025,0.06025234293616322,0.22538161796981218,0.6036021101208355,257375
track_04670,Rock,126.92240240784531,0.7416345276592957,0.9654324240868404,-3.1790592594715417,0.07147803493447098,0.2784066300204954,0.24687550346139006,0.259555577057062,0.5847413332770732,189241
track_04671,Blues,96.21026360784555,0.7905525417128669,0.6967955386861729,-9.705361607268896,0.07629063973558828,0.31094533569502586,0.091172339485156,0.24546547825709913,0.5108621319151473,278862
track_04672,Jazz,120.4312614116171,0.5040259128547953,0.5582682971425481,-8.849373656970704,0.0743885760349558,0.9445498454527148,0.7281884573222841,0.31834818305897256,0.6242200415302892,316026
track_04673,Country,93.1415023501539,0.6011449036876896,0.5323884037033084,-6.085662349617609,0.07018382868435719,0.5563142975391978,0.16753447696599677,0.13923337978643302,0.7580716449519699,282639
track_04674,Rock,124.39723592386676,0.5587083598905656,0.8872189979845979,-8.437056762099571,0.14313847711618521,0.24788488660488087,0.0611167173803772,0.29083293270514077,0.6828835921991443,264604
track_04675,Country,91.36902916431453,0.6694784400602424,0.433319336563897,-7.206656695367464,0.04045698116001975,0.65438685523791,0.18855688615353117,0.1283097751062917,0.7002024276187668,212547
track_04676,Country,78.93406262510686,0.7458465392888985,0.6714773171300731,-8.81729534787853,0.08620050050605003,0.6452969867704038,0.11587584006956815,0.2429784112003795,0.7716072104338434,281507
track_04677,Jazz,149.98783321976472,0.6367881765989424,0.5391670979465901,-16.532756115515998,0.057296971967786284,0.5489034187737695,0.9416393504725946,0.43815845650800267,0.33250352326344146,364834
track_04678,Pop,95.78355517071248,0.7349601030288515,0.7354447358957283,-5.387278904681781,0.1188152701385895,0.4056501799223583,0.00565939111109281,0.15870047558821818,0.6381708946587238,184606
track_04679,Metal,154.1055557833023,0.4477280157265529,0.9066908335685371,-4.64788163355846,0.046134789839015346,0.15599951376414664,0.1733365927812891,0.10741602054134224,0.481546368112599,234373
track_04680,Reggae,96.04383970423817,0.6449724029560524,0.7595610671352895,-8.635547532573556,0.0817298266642417,0.48452736851087874,0.09474613783074833,0.26442957497623565,0.7313470190721045,272249
track_04681,Country,87.56426582670026,0.7127235874623125,0.6191290447153115,-8.667609526005172,0.07366412069709125,0.5527961127995615,0.051765346243259014,0.2786245202958818,0.5443517893084502,274731
track_04682,Country,103.32222266464987,0.6607086445815828,0.5944465454449035,-6.674145974955861,0.07404513234378562,0.6603062346724266,0.18436578932789163,0.11835988645960756,0.5035257720669701,289218
track_04683,EDM,125.23045244413247,0.745807504017847,0.8535481391775438,-0.5663615600531156,0.04923213554690482,0.1827006436210613,0.01423497016244224,0.10131277474322352,0.8792986482821301,220539
track_04684,Reggae,90.62718950131634,0.6956334766496968,0.7881412876750655,-6.299395718486824,0.06450371344285258,0.3700396363684277,0.1140270459481678,0.27594091269138105,0.7151820697386934,216827
track_04685,Jazz,136.11729657114267,0.604947951926351,0.3196246181920497,-13.31489214912765,0.04405000309643729,0.7394217723427796,0.7657908146179001,0.20039245985752907,0.625260716716818,336600
track_04686,Hip-Hop,86.41065207023476,0.9344823367225614,0.6113517887127068,-2.25108145942806,0.5906978301974615,0.1580370689930239,0.03324181798565242,0.13699014332932044,0.5648698781482269,231170
track_04687,Blues,93.80158778404494,0.6575471675377035,0.6177762667410346,-10.76269366627855,0.09479639158514602,0.6517342899197085,0.12280700292028437,0.20232599997694128,0.5698665081150346,275593
track_04688,Country,108.7588930658892,0.6113201659325602,0.6070246721717417,-8.251377648388543,0.08751376400361935,0.5166652865002814,0.15932959477708852,0.10387415928647625,0.6179252296847005,197641
track_04689,Metal,158.61912456524593,0.4061833690679608,0.8997436778068487,-4.188123738076682,0.052705876873195154,0.10939946928912055,0.025669568307307423,0.1360950829347994,0.5497532983067033,279366
track_04690,Blues,88.16069211036583,0.6710304147692887,0.6301644542545037,-10.776270130316028,0.05439083528515594,0.5062094170266137,0.0717852992602929,0.19509122060104223,0.5449114018464618,200241
track_04691,Reggae,84.97622885155366,0.6642454072726599,0.6833122848492631,-6.4770662278253095,0.07618938493077058,0.6167874423720081,0.04572360851048514,0.16622287529055862,0.5304869378602312,232325
track_04692,Blues,93.47412334299587,0.7127692234650109,0.5478345127011568,-5.483905685218518,0.06589401082635694,0.6678746904802703,0.0410199803268148,0.23880729489726626,0.6942776234160892,255063
track_04693,Pop,114.08720752200371,0.7213576671446051,0.8411955799478765,-7.266650548522122,0.1105303266984605,0.228840113769867,0.02582063735034669,0.17258719729189206,0.701279004320851,234400
track_04694,Country,115.79548673219224,0.6654643196296193,0.4370143095138514,-8.110690216158824,0.08240906935517875,0.595110174746038,0.017669667365216312,0.16302951709956837,0.7793966448109442,236451
track_04695,Blues,94.19802456919577,0.6728156054930783,0.5068051101219913,-6.434856590027323,0.09314867347649036,0.36512346168342263,0.11079618754944216,0.26631165085117137,0.6384637289699856,202665
track_04696,Hip-Hop,84.4509549119699,0.7225803398305425,0.8145965555028553,-4.314842227750308,0.3993059175092504,0.20560019859144438,0.06455828824094201,0.21989204799978285,0.5731781613265691,227770
track_04697,Hip-Hop,83.83765565001748,0.7796267763887095,0.892344601971668,-6.3358052593649,0.5617429295260902,0.11142833518534655,0.05512036305954713,0.17966845091894057,0.5885207048318295,170575
track_04698,Country,103.0025380418035,0.6495957429830175,0.4128925514805561,-7.694111929001957,0.05730153738244541,0.6969499976213535,0.16238574021171007,0.27133085522430433,0.5940563510063525,240484
track_04699,Classical,75.39029853989184,0.18968581516786437,0.18759842474937855,-25.563883502304225,0.07786681057123507,0.9604151126684187,0.9693384242138542,0.48451405510027284,0.2814019370927403,575999
track_04700,Hip-Hop,88.84717064487761,0.9204845614422971,0.7635872682922693,-7.026871964606197,0.431033145058602,0.2773378600677634,0.08144837569072545,0.14060912028298622,0.785657500309187,154894
track_04701,Blues,95.30896053107595,0.6425163037193858,0.7387002632676359,-6.307300668820258,0.07767271943973869,0.35932405749244456,0.06534380342506033,0.17954831160297696,0.639634695186468,225543
track_04702,Rock,137.3799688272253,0.550851876299916,0.9629192181338766,-6.63886046363003,0.04332161614208826,0.17642357859660612,0.28485042486902884,0.25277970704178226,0.6062537185282673,223383
track_04703,Hip-Hop,78.83551294050308,0.8781999246859657,0.6172378145904207,-5.65368075410583,0.5276416125377829,0.1755216454707345,0.07338528466853837,0.21458326180976034,0.5958749876956575,169411
track_04704,Reggae,86.66042008268195,0.6460781882832607,0.7889061988315592,-10.579957260001137,0.04085242043672744,0.6112283014849411,0.1856805763164375,0.14932853479715766,0.5465169427660593,271305
track_04705,Classical,65.3924531958516,0.16895314249597002,0.1779554456645268,-18.291939175577898,0.056061866690175835,0.8109497944967233,0.9144529064064825,0.2595586269138035,0.22813122740600808,326319
track_04706,Blues,86.58789289392206,0.748902823388057,0.7825083457208141,-7.285035360312738,0.08469773928131391,0.543274383753615,0.1595274374751464,0.288597043839456,0.6815310585380775,209995
track_04707,Jazz,100.85580207231959,0.4991224041587218,0.5415544046583786,-13.520421612631157,0.05531407887570236,0.9663457682877695,0.8912064569831771,0.4417144131644659,0.30980075396252177,295531
track_04708,EDM,130.23979941173744,0.8147242255957492,0.9174843108271526,-4.050140567649344,0.049918142108767355,0.13712507353793754,0.10376281700760724,0.2382884406076118,0.6558616161487363,229385
track_04709,Jazz,93.67363101706628,0.4519622688444928,0.5515750666564481,-19.549735235518607,0.08150254391166689,0.7864995767557422,0.9314656668503695,0.23967899300081447,0.6486320161602319,397437
track_04710,Pop,120.15056485333578,0.8272502593887162,0.6510303390336724,-6.813383770758219,0.05204265791742802,0.3554141447769824,0.018541769091909046,0.16240813887486658,0.754812490204362,237104
track_04711,EDM,127.41356953781487,0.736108946491538,0.9010148705469166,-0.4762265891534039,0.054232773629636716,0.04247151753195353,0.16596246613931578,0.1653730763884231,0.5094240195740152,210540
track_04712,Pop,121.47861569982045,0.7849348868305729,0.8486170007364386,-6.119685959711761,0.05010182791562157,0.12562088219281559,0.042952980177335585,0.19837712703093752,0.7146872793550817,257945
track_04713,EDM,138.84608342504774,0.7641490609535216,0.9887534789270535,-1.7657695086664944,0.03879670769970471,0.033400124517082255,0.05099122938086099,0.29477113382982967,0.5946491758070706,215695
track_04714,EDM,126.0274327904007,0.865747799284737,0.918507630145989,-4.589056796755057,0.06063060137005974,0.1234444859019437,0.2565995558570013,0.20709938200979217,0.6657299343934159,191036
track_04715,Rock,124.30106869832555,0.7920849132490413,0.8166435858522446,-9.003374173011231,0.10355584636079938,0.14119207899316338,0.155420979438971,0.3556698871913492,0.538292297448882,194891
track_04716,Metal,163.0358559681231,0.45644041771067545,0.9608083689903341,-3.4662282276108916,0.06047236588856754,0.12202052301344701,0.0062675552813985964,0.18905370360638207,0.5592147111085919,282768
track_04717,Reggae,88.97044493306035,0.7326426779937253,0.7187513549225032,-7.409865521286326,0.08284311725256449,0.4446333886210022,0.0002870626497379236,0.2057800787836202,0.6783553236537184,188361
track_04718,Jazz,116.65559313756887,0.5955116135581875,0.5955543775191123,-8.755925689230999,0.05524124004302787,0.7466945312455691,0.7149344667935982,0.3595010773666607,0.33978527926171953,281382
track_04719,Hip-Hop,83.80393382108119,0.8854243195831284,0.7618960395795331,-2.3045791223845233,0.4167540033133844,0.0009968667852516377,0.0019745639469550213,0.21297089120816365,0.800842159151183,272985
track_04720,Blues,87.76324735614034,0.7740046321027235,0.5058629339093146,-9.060011840098788,0.09762484349031661,0.3708646948226551,0.13074547113708193,0.2580386394649491,0.7800813560595333,187877
track_04721,Classical,54.304305789127994,0.23664688966130656,0.31300519307837393,-26.081032312121568,0.046617946315809775,0.8844211152562539,0.9748950648388449,0.39995091807481165,0.3904783322257217,581250
track_04722,Reggae,93.50992819658077,0.7684333030326093,0.6292083454855112,-5.823540615443606,0.08171108381278709,0.6861565372081883,0.13491207359112514,0.18243527160440703,0.7753938591402025,298413
track_04723,Pop,101.45212567700021,0.6035593911430401,0.7809328571301878,-4.517128825039649,0.06604773329554697,0.23308203565559693,0.04490233696580821,0.1314466622069664,0.8341775472487645,194886
track_04724,Rock,145.24756703553584,0.7937211375275116,0.9024306114739893,-8.133812715823744,0.12083443637603183,0.27529334110028614,0.08024971723516604,0.21018533693777822,0.6431471693811279,212959
track_04725,Pop,117.55568521292741,0.6501454224443455,0.7636844107417586,-4.988604340923068,0.06973891575900931,0.2565815923972159,0.014255651231463424,0.20741303201685724,0.8214509591814045,183856
track_04726,Metal,162.62852042673416,0.3365749591354063,0.884758397167102,-5.612271936308768,0.03852756558503173,0.15750565302155417,0.06053238489743116,0.11779117760751145,0.515687600876119,301838
track_04727,Classical,74.22080521290611,0.11455495633101859,0.3292258304790696,-21.51076559170926,0.062223609386045556,0.8269938672129585,0.9973012752659084,0.4643840882179269,0.36238901130717005,507341
track_04728,Rock,143.21816138377054,0.7797097770011255,0.9475409704325788,-9.739450867263985,0.1195205989273105,0.3929197822895931,0.09531196892261508,0.18260091617215374,0.6560268059040166,242596
track_04729,Pop,130.03883345208916,0.6552065983290412,0.7379168001929971,-6.950607610099049,0.06123016740294133,0.13937745268998347,0.028986828128202153,0.2899702398667437,0.5488887179404173,207121
track_04730,Metal,150.24524520097305,0.44875850421004265,0.982355184876054,-5.1685217467107885,0.031208163050379788,0.07662362437982528,0.11109776176035618,0.15090141828162104,0.35053006431797007,301386
track_04731,Blues,86.08917630090671,0.6642788869478214,0.5515093221884543,-6.559963326661145,0.06908636231202682,0.3663319349717332,0.00770625581504556,0.29734191039458524,0.7143102143951019,269437
track_04732,Blues,93.0610735153014,0.7071701355320348,0.6435562843866336,-6.590268592746915,0.08446576021311028,0.581710612955991,0.13798019120010793,0.20307919943563688,0.7779426607926475,250483
track_04733,Pop,127.59534244531653,0.8380685848543983,0.6346992120486776,-5.254022823438824,0.11785501999431902,0.39418472696262796,0.0486489143547951,0.25519949468992686,0.7098645763794369,239044
track_04734,Reggae,89.55465212129684,0.6245002980670532,0.6248954081434609,-9.912359399848345,0.09252867725354105,0.5028880724584011,0.11550250922064863,0.14705808098566783,0.7397190642774023,253272
track_04735,Classical,75.91738306925534,0.18480670725567477,0.12978783813407765,-17.10273338654434,0.06647536446372529,0.9382868411861873,0.9724981451475326,0.20866418015610444,0.585969491016576,382551
track_04736,Country,101.78268225767258,0.7164695699026102,0.4676837036425383,-4.019255806203683,0.05515753911484758,0.5546208551977718,0.02646642196174316,0.21585980254922799,0.7883854683304687,214940
track_04737,Reggae,90.89983461337927,0.6428681812069317,0.7473467843933727,-6.197428895525998,0.07593674974804643,0.44380065648037076,0.008911031918596879,0.22579770557939352,0.735375823606798,284509
track_04738,Blues,85.14042275069369,0.6074794955320201,0.6199638503948393,-6.885132011371123,0.05853147509205196,0.4784114427848983,0.11289545020682304,0.2990163224471615,0.7274904013402599,237241
track_04739,Classical,75.55121134784585,0.170321903061105,0.3324335630740173,-26.818914349717872,0.021401944325964536,0.8178439214007468,0.9966147862473377,0.3613850307277595,0.44281231097899865,321390
track_04740,Metal,150.74987741232772,0.41027231614139453,0.9071296623673627,-5.972113526560627,0.05674151348508655,0.11808024527988435,0.17495826751844218,0.14214745396202028,0.5475437137223426,180864
track_04741,Rock,129.63399610790694,0.6102303144312952,0.9109783667301355,-3.068437500234589,0.07864245110144455,0.37557993327901484,0.17596352470932305,0.36044969607095845,0.48687617881677336,287576
track_04742,EDM,136.14809741500395,0.7702328399474612,0.8040222687008517,-3.6536491742465134,0.045391934902726305,0.05805074203304979,0.1885256103419619,0.23316214880789204,0.8119613596833315,276478
track_04743,Pop,124.8598688829624,0.7950791097943852,0.651066058655781,-4.54240639949983,0.07037480171588012,0.18068733381992091,0.037362594020096375,0.17257361856176603,0.7277402097298655,201391
track_04744,Jazz,103.50112745173861,0.5841081511977759,0.36239803037649615,-17.49684614849598,0.0631917143071066,0.8950309197074577,0.7529603044780142,0.23510797025407248,0.31265907698472634,287964
track_04745,Classical,67.10440754405967,0.2141565903752177,0.2769611988830345,-28.209189108248495,0.03046742975102432,0.9830428451755912,0.9458711018388402,0.3255837806412941,0.5003945973697232,416719
track_04746,Hip-Hop,92.66613012167241,0.9279853594317684,0.7161638207817866,-6.671219208318414,0.42840103149024605,0.2895918823843192,0.028139858912045346,0.2962635596466065,0.8277565991187308,262012
track_04747,Metal,160.66886560026785,0.4072047417506361,0.8853871996767416,-3.6357283096287123,0.0551356380099632,0.13128245489779744,0.1393554055564526,0.2951408073236992,0.5288336006173443,228425
track_04748,Country,93.7348624400209,0.5981147209826784,0.4353424193461736,-9.64726948332599,0.06343792972276013,0.6004770137881783,0.13003197025168275,0.2905722840350236,0.6147289919727019,208841
track_04749,EDM,134.45989785955467,0.7236847429540789,0.9571969163412004,-3.9991953620454734,0.05241857664914669,0.09822459982214415,0.2716906737276165,0.27866069796350923,0.5953648421614921,194871
track_04750,Hip-Hop,73.51463466357184,0.8370295379038902,0.7461256906356973,-2.917022403761628,0.38238834973729946,0.12788331248580026,0.060479104473913387,0.20344903852820367,0.8820137098774208,257386
track_04751,Country,97.87721978930202,0.6493615862122454,0.6537117207449533,-6.414479330384476,0.050845709018334254,0.5674966508161616,0.08640514343374406,0.2969427394468953,0.5152827766041345,283399
track_04752,Jazz,131.0431513995906,0.6033040047228678,0.3948976269451855,-18.04309903484547,0.08791585888435414,0.9291809184079634,0.7829464640334252,0.32622431070836233,0.3327724410505861,395194
track_04753,Blues,86.04951775514249,0.6027038106392208,0.5004188625801753,-10.418665423501544,0.07365529587274142,0.6901978175845155,0.14104580013532492,0.11413656436821829,0.6935621413121191,274549
track_04754,Reggae,88.32590046197409,0.612278738075768,0.5314486025792179,-10.299662291946898,0.07762740489220306,0.6445320533351347,0.1985244806122203,0.24629682956200652,0.5437931287041861,288714
track_04755,Pop,118.52378590569522,0.7743397494429335,0.6496617293110547,-4.8837383507070555,0.08002522398565347,0.2596152946594261,0.04567523839895468,0.2474163650534817,0.7035094163476366,213448
track_04756,Rock,141.52048025593768,0.5997747339534695,0.727938247935362,-4.253119622629919,0.050318843147919706,0.254504748793141,0.19118377180761442,0.32322343157924877,0.4333374232465972,201438
track_04757,Country,89.68587018747547,0.6303198881095934,0.5398039020196216,-9.52059560456779,0.08329460293424065,0.6061813236075053,0.164228843383526,0.12220695162151037,0.6518697053112844,280262
track_04758,EDM,123.5731371303474,0.8621113774346925,0.9336625202885505,-1.477707371323032,0.056631448937550705,0.08770816568844242,0.16220287116626625,0.15654523949803462,0.6787391665528456,210553
track_04759,Classical,91.4777608023141,0.14916222267760412,0.21530508430667275,-25.651105975887877,0.051657055517074,0.8637358688678465,0.9351547335846027,0.33282955375829837,0.5490368466177062,452536
track_04760,Blues,88.46771260021434,0.6171483916142524,0.6746817183089675,-7.051290156558166,0.07487514769033621,0.4134101380367941,0.05246737525970544,0.1318975226412221,0.5140972492970639,248587
track_04761,Classical,74.89893135210367,0.29234660190061873,0.12204446667550618,-12.140884326579826,0.059462965309850305,0.972055796141895,0.9154958851192972,0.4719446085655862,0.583148728583329,382315
track_04762,EDM,123.64175136025183,0.7551827678273061,0.9826270422215104,-3.8528785138660275,0.04390856129268346,0.010095378911435571,0.18842790138450913,0.2126601844538569,0.8847086671630626,225731
track_04763,Classical,86.68346076332634,0.18027144732057573,0.2254092733542453,-20.485677440793722,0.025972055740448193,0.9581813729187729,0.9377063788983713,0.27336187585901484,0.3273069244613197,529323
track_04764,Country,125.47189507773003,0.5634239665700217,0.6630259815307401,-8.898208994005525,0.06605139121092007,0.6387268055870504,0.1698149546225355,0.2637410799839234,0.7689879005919512,280455
track_04765,Metal,159.77247746614142,0.31661170554735657,0.9402191699803453,-3.0980770906234856,0.03757188850042807,0.0425933991600117,0.04613531107766547,0.24648193293186707,0.45551159221067655,291916
track_04766,Classical,85.20931919882473,0.26759300916542167,0.29348992878492786,-15.336996525374822,0.07624620817299728,0.8520335261006038,0.9589608386733915,0.4280445323608606,0.40511670061388727,356880
track_04767,Reggae,89.14090081953732,0.6397055267844919,0.6423182052820634,-10.488345457338673,0.06832189424728034,0.3590206236715738,0.03711241428532388,0.2765825530954322,0.5347574541816683,182586
track_04768,Jazz,139.63661281279536,0.49697219802927983,0.41186500841979345,-12.265447573458491,0.060752926995592205,0.6297871489983784,0.806600130845119,0.47238529791489214,0.4370701395124234,318599
track_04769,Rock,136.15252899456843,0.578592579241758,0.7982824618623386,-5.826525101006756,0.0634210878727614,0.36794107763817785,0.2934022766148942,0.3037359767483905,0.788119878420898,217235
track_04770,Country,106.31838066897926,0.7214268926813646,0.621256350752215,-9.197550016796955,0.06779214570141218,0.6199295621111072,0.16011401234812042,0.10320040266546944,0.585121837930263,180855
track_04771,Hip-Hop,80.19355986859311,0.885267887444543,0.7814939438974828,-6.662474568522258,0.5850560914807199,0.1538578828244572,0.07944620194596454,0.205122553361473,0.8731746865346024,201768
track_04772,EDM,132.50980936846173,0.7019036271146591,0.8448617252668643,-2.438882876894381,0.06822766407507957,0.19452087852384548,0.19415536403653286,0.26540186488805295,0.8602797535778712,294667
track_04773,Blues,88.98977571530554,0.7455717007732507,0.5733058678311762,-9.253996162699236,0.06363247968661717,0.5361226201369176,0.17858380143300753,0.29664545668611797,0.6813832892983644,199600
track_04774,Country,94.59680044991408,0.5709530388598809,0.4670798786015017,-8.428061700286902,0.04983492844989107,0.4187720197989152,0.10800131707855826,0.10360104150920704,0.7240310909819953,270939
track_04775,Metal,163.81022561664005,0.5345380591617721,0.8246131043105491,-1.1007587237957175,0.07225610701185534,0.14079811935865152,0.13068986349107145,0.22095000989202426,0.5970677931786574,342336
track_04776,Blues,89.5941394949909,0.7465997772899687,0.5421222693349241,-7.663233707647653,0.042672305993630213,0.4549483449171549,0.08238754134435522,0.27097658068676034,0.5541115120331463,254433
track_04777,Reggae,87.3777552686508,0.663036886646594,0.5849036694501648,-8.824767339782285,0.06152180431945854,0.628204828206294,0.17653608266599277,0.14120819793688955,0.5362993930169061,227979
track_04778,EDM,128.99884067584998,0.9226726310355511,0.8118238945668541,-3.0546895395445643,0.06366510111276052,0.007503049385139172,0.19175436579664065,0.1806528366279734,0.581833388200812,247467
track_04779,Blues,92.38025304203568,0.6377775760691424,0.506221963404457,-10.957473115105385,0.07521969815094406,0.5541238104126305,0.17295835165705956,0.11247849148825023,0.7858873152147131,232924
track_04780,Classical,59.67065393046628,0.13019665069220682,0.17216474495548412,-26.396355918693942,0.057857291300635744,0.879773777548077,0.9047779136195094,0.28738769081795124,0.5442612904258605,393728
track_04781,Country,86.28069670282723,0.5300682929955252,0.4132507462826024,-4.805624209586858,0.05726766918140985,0.43303215952704255,0.04005093806370677,0.12058186797983109,0.6434274101190801,211741
track_04782,Jazz,94.3469748790085,0.5071516202244608,0.5932455553559121,-16.823209225150286,0.07187076600435732,0.8730345130172776,0.8171121557520806,0.3223619739973208,0.32530734084130775,368296
track_04783,EDM,128.28448201237353,0.8197643229824276,0.8638852914895285,-3.4942595496620825,0.047842742009742145,0.1606098050682421,0.07431146132833158,0.2690790055396677,0.7895842322726521,268772
track_04784,Pop,94.07127173846268,0.8617120385479018,0.7135964544058218,-4.118345041466107,0.10780458872381524,0.22051552945249317,0.032016240455845134,0.22148279519547837,0.6904056407667458,221367
track_04785,Reggae,92.38074331206867,0.6064541235978695,0.7800993145924167,-7.450144739211529,0.06660661238979285,0.32472240085355697,0.126002502024614,0.103548532548833,0.7039601585276053,243067
track_04786,Rock,121.23063024173322,0.6713372401657005,0.773616103990125,-4.242135579597955,0.04041593236192821,0.21175762962710018,0.11396878491511353,0.2910773323733613,0.4712839193732469,183179
track_04787,EDM,126.78853665576013,0.8764402250324419,0.9166172208367633,-0.18337722490226405,0.047436866439621944,0.0665604710275957,0.20810385830782013,0.1823917578925999,0.7473237074932905,236713
track_04788,Metal,154.21195020019064,0.3289822395850159,0.8874241721260049,-3.019648076740032,0.07262508843698778,0.17134532640087657,0.036858905823211344,0.2934237217565185,0.4915657579527193,268112
track_04789,Country,87.75278882523853,0.6802385356585273,0.5002947707485236,-8.49140822101357,0.09857695928490837,0.56971307133517,0.15249952425098884,0.24261099193837815,0.7266577983950339,217056
track_04790,Classical,59.15247327126368,0.1202658601116662,0.3686076754779626,-19.094801575420227,0.04890866456019189,0.9758995334999214,0.9328020616565763,0.3711026819684463,0.5529100928488272,390155
track_04791,Rock,140.71292051350662,0.5473299811539958,0.7121774703172824,-4.912922189345247,0.06142500890318879,0.3447186458593951,0.05667855691530854,0.2703569166005366,0.43738771128441695,263782
track_04792,Rock,154.56216397976522,0.518766834808222,0.9882260141891526,-3.9914951478725786,0.13551575938443094,0.36060403993971324,0.046370050267638505,0.33549906887023173,0.6911484807069139,181404
track_04793,Reggae,94.68185336902576,0.7861043087613688,0.6666168696730743,-7.194302708565284,0.07681436490579552,0.3698396592359723,0.08724716275249321,0.23627686601423423,0.6830806691705492,222665
track_04794,Blues,91.02772851862534,0.6027936904277789,0.5018223303200342,-10.922233548170306,0.06971542716506646,0.5279894828663412,0.022737706288412252,0.11445712397013602,0.7485002393290644,272163
track_04795,Metal,167.15903830762056,0.4531618386071945,0.9650224489039007,-5.961702642119,0.06330704022434316,0.05998565583419855,0.1721553194911697,0.2888093198340278,0.5062856857232672,273082
track_04796,Blues,88.22851895538766,0.7197982765258957,0.5061585853945361,-9.263187536507184,0.05860890796510084,0.6455125162978018,0.15525173784993823,0.18591437287193868,0.6891588743253378,226964
track_04797,Classical,74.380097927164,0.2602442343540389,0.19203689181247352,-14.84137936084098,0.05036617576604566,0.8247301741940423,0.975286679332096,0.39454098077321254,0.23296956309446332,520299
track_04798,Rock,162.86138672892127,0.6453331429209442,0.806652729928893,-9.023348981518918,0.10563782858001548,0.32467672683380316,0.27693079589472624,0.10090415697156195,0.4266641644855957,274983
track_04799,Metal,193.74654579336016,0.5791727708969516,0.9088292664538132,-4.611675413539091,0.06387954165891518,0.09543965515290634,0.15700007977284272,0.25666135476427265,0.5807876181167592,192665
track_04800,Metal,160.9327122689196,0.39635902610718443,0.8189280313042714,-1.1311933832302161,0.03644888044405129,0.10573949935589987,0.16183713745082395,0.15046904147905354,0.5524468619686893,258620
track_04801,Hip-Hop,87.42732155078824,0.8857876118682327,0.7179947859392712,-4.500856078981919,0.33719603480712507,0.09585565098716417,0.043552696025430465,0.10870784855443792,0.5414350488121065,204056
track_04802,Country,105.32686270394753,0.5146753731578662,0.43309442100373696,-8.378482068773778,0.07740767661837834,0.45527049730936786,0.10436991997757342,0.20158065309910575,0.7502114238870969,190400
track_04803,Rock,141.26023517453234,0.5419281297155797,0.7327749568412941,-8.655717239262275,0.05585908204753305,0.3481507367321839,0.27652047405163505,0.1646771037872365,0.5850778985953862,253353
track_04804,Rock,140.70638753962675,0.7946999799710587,0.9356440689862084,-6.278637888599562,0.13312651058993222,0.2681313155407339,0.13249603038838173,0.36203588349939864,0.4108621427563772,291478
track_04805,Metal,162.05402508634026,0.49074917661976714,0.8404128099394627,-4.758476736159577,0.037653443551768875,0.18427629616905866,0.04260240079794635,0.10212762258817243,0.5520458449580816,200642
track_04806,Blues,85.27427527333568,0.7323982394584044,0.7347548942204468,-5.9755141575089326,0.058659893076649816,0.5098213566126064,0.1326515249712382,0.22590419502407819,0.7148081580847416,235614
track_04807,Rock,137.24803156144702,0.5994401516042375,0.9665069620534976,-8.918012335976687,0.05603847693393241,0.34838515752261734,0.08389640359074065,0.2899696782007639,0.6958286632204516,192934
track_04808,Metal,169.58722578463824,0.36079113465564205,0.9515377827231513,-2.0920001271287467,0.0589260408112323,0.07386469254990875,0.002879314647372322,0.12430649449026268,0.32390610383660023,232201
track_04809,Rock,145.56487097577408,0.6004952617239243,0.7582324589327513,-6.220420636052408,0.07636647434994778,0.29427710042456623,0.2747138835328739,0.38223261961405286,0.4909458388972253,220018
track_04810,Metal,157.08264271176674,0.4959529100506538,0.8445403260177788,-3.5593779511125394,0.040820564927516276,0.10189290604152473,0.006156243761721237,0.17639183537033848,0.4116630218665405,199946
track_04811,Hip-Hop,97.0695265490836,0.747815813534809,0.7833864029064175,-3.7623681499483927,0.3304641259020508,0.11380450670718426,0.06120595985723585,0.2852433778338077,0.8563933904620058,297156
track_04812,Country,95.62098170968231,0.6573952419646416,0.6361070393634115,-9.266667354228932,0.07089737665426382,0.42562896062924427,0.05211022470740772,0.14251434128491575,0.6701228271985522,245383
track_04813,Metal,163.63185849756604,0.34291983762682465,0.8379343425696855,-1.4152990137246713,0.03048645777533273,0.03942880824670774,0.043111218255683675,0.1563761126761953,0.4090235121283308,302834
track_04814,Rock,135.0312936181794,0.5985655228833577,0.7353330755219244,-3.1151741864194227,0.06017116952018525,0.3533909461596316,0.2685024653669173,0.23226989963213512,0.7403322608478375,243452
track_04815,Classical,74.6436160981294,0.1004344540750566,0.174871582060785,-23.820211900220464,0.0686918924318685,0.9521426420813396,0.939614385213552,0.24720266488359358,0.35441286103254976,594781
track_04816,Country,111.10855517895484,0.5289675470714638,0.4115642417203172,-7.999988366259419,0.040385396771459234,0.6235123535384957,0.05575136280401907,0.2754906061918858,0.6852047868128275,255240
track_04817,Hip-Hop,89.78156097619538,0.7062866045931798,0.8869792430792248,-6.925261844851311,0.5156622961327316,0.23559851715783967,0.0735115492042411,0.16783512124148503,0.7815249265900717,204966
track_04818,Metal,158.4877487093651,0.37352568839236455,0.9366032201065566,-1.8969522630412312,0.047369600881625104,0.10449314970968589,0.008358119382036145,0.11816016008490055,0.4655772425680179,183184
track_04819,Classical,75.58617366000416,0.2839167594468961,0.1342004196467829,-11.92826908862543,0.036289576717544014,0.8446126922188941,0.9056634397961107,0.22414048338139217,0.22768990503433362,304612
track_04820,Metal,153.18017607320203,0.44701164959067974,0.8473160373932432,-2.658247850178225,0.04172954930845531,0.12042027086996787,0.0715538622992931,0.150295226385303,0.5085007891879605,308090
track_04821,Blues,90.28306764102808,0.6187970466232505,0.5667279817792324,-6.171261966688106,0.09808647352145172,0.6443431644890312,0.19192052087526293,0.23409026976059846,0.7961649263517663,205498
track_04822,Rock,134.42208331555287,0.7609244699657447,0.9335296727083536,-6.353227786980282,0.12852401640121935,0.29998703357646894,0.16566786982180656,0.3838001535771195,0.45210608680423126,253995
track_04823,EDM,122.0619771525618,0.7600943204608409,0.9263486534874292,-2.483060101391868,0.040341312372571866,0.033647443760234944,0.21678763672015902,0.2626463409734311,0.6045219530812559,292891
track_04824,Reggae,93.50383750224809,0.6292716901205393,0.7308850157318005,-9.474635960692172,0.09963331883978808,0.5684998180101744,0.16717861489366503,0.24675705833293032,0.6782715028234461,224925
track_04825,Jazz,133.29643077255346,0.5409521372183558,0.5521038776103553,-5.752570449133724,0.044070107719442954,0.7444036548037347,0.9059267652443286,0.44965324702659176,0.3652622585281656,294174
track_04826,Blues,90.1465242698569,0.606115818266454,0.5711194755630123,-7.555019661840353,0.04908513736821027,0.33276929190695825,0.1941709173351638,0.29938100478550245,0.6911070536846724,246013
track_04827,Classical,80.77092414971717,0.2540236013860607,0.217116326635388,-19.273162776323836,0.026572826939435797,0.9897103321939192,0.9701415883457489,0.312665781570029,0.35584493993307226,428757
track_04828,Blues,94.24959728744474,0.7722988344087052,0.6063903093480109,-11.66413883367269,0.05288133098822223,0.3862278629860623,0.18984820959927726,0.2848109536019043,0.5901779860976463,268114
track_04829,Pop,112.73130258681671,0.8953994242890291,0.7015944675338343,-4.658327498555586,0.08219114655939988,0.19296778666631278,0.046538575898215646,0.2254380560625655,0.680208682386731,190479
track_04830,Metal,169.06881025608692,0.5288918226937362,0.8374305589424753,-3.923639102921446,0.07244289181063224,0.09134753648890048,0.13235269658540957,0.1611924298620658,0.3178675684685834,271494
track_04831,Metal,167.72898346447602,0.4636868011438272,0.9254310794188213,-2.556586426519102,0.05658129651968291,0.15392913387432705,0.15662009686651124,0.17027719435653751,0.32543554604767044,292097
track_04832,Jazz,115.70613915392107,0.5594319581448004,0.41696508163716506,-9.76019962615937,0.08690914524181043,0.9042962062019909,0.8042742192402549,0.25818463652057366,0.43673238410308585,389224
track_04833,Jazz,133.27936682502113,0.6196453156844673,0.523838397133676,-18.696031344013157,0.07704740232718896,0.6676083674363469,0.9007004997538715,0.370464232792436,0.3444758026846817,323662
track_04834,Pop,113.68063669226828,0.810575916881692,0.736224207983247,-5.927873488417332,0.10167350749434048,0.4739005587085813,0.021145462121288434,0.2169265523431515,0.5828137616871377,242316
track_04835,Rock,130.98536513998138,0.7413682271705144,0.9358466855530001,-4.919255204352438,0.04428609179255024,0.39626337624764185,0.28278318103201017,0.21102744464062512,0.6309263537750182,186328
track_04836,Reggae,92.55147911502168,0.7162508197048962,0.6731635785084144,-10.682377135584504,0.0995159017961867,0.5656237172350298,0.13282907069615157,0.15937392792028093,0.6951146748768747,291455
track_04837,EDM,125.7517913679752,0.8964931379683826,0.8775712694379221,-1.6796565127470102,0.05269712557623091,0.060004933391300086,0.1358634835368731,0.26607235185560796,0.8651011232643739,195814
track_04838,EDM,135.13380636819076,0.7139585574273295,0.8509596026443028,-4.546240959725704,0.0359415751625972,0.04067479747346417,0.1592075426058695,0.13117171624889531,0.7418728682613102,226747
track_04839,Hip-Hop,90.07806029630373,0.8896172236747155,0.6223345564845407,-6.552154640222148,0.5307866069260074,0.11118479187311585,0.0910818956822075,0.20353408179354757,0.50041085342784,204981
track_04840,Hip-Hop,91.75617215270944,0.8283659928157555,0.6951283067546199,-7.87735580958074,0.3596238697275895,0.04847817549822063,0.05828541444201629,0.25391080410154787,0.5938425667255024,279972
track_04841,Rock,142.65241054109708,0.6624274271182291,0.7260100115930248,-5.4013868903773306,0.048706686227370316,0.25652240747736454,0.17779062394670822,0.3525628379473371,0.7225788254439188,229913
track_04842,Hip-Hop,90.60867403022071,0.8028211152482623,0.8391394279958782,-7.081592530155527,0.5439067015045131,0.10977913972951085,0.01540100090222426,0.13242812480769023,0.8934389981184327,192959
track_04843,Hip-Hop,82.25760348845115,0.7930199422729027,0.6167698410758629,-7.349505701519787,0.5285262883196218,0.23606219088624142,0.09882346113645743,0.11351927706943069,0.8556737646484475,220145
track_04844,Pop,107.2804576878847,0.8794480167206762,0.78558105477557,-4.689406186852597,0.11128646141789292,0.32813435752639053,0.009596789289556474,0.29543336010225063,0.7138976026612938,248146
track_04845,Pop,111.17560642790265,0.8067672394494602,0.8008601935951902,-3.7595647701176294,0.08806811687412433,0.31384796664638853,0.03421045064306247,0.2555445098466216,0.5682343124941686,180051
track_04846,Hip-Hop,82.02045115532715,0.8884530062632385,0.8053647847110599,-6.79633965740891,0.47453218233977423,0.24590254670400935,0.02406384416903228,0.11735697481180772,0.7647058814474399,167889
track_04847,Blues,93.9697064156243,0.7928859976650315,0.5895734792935035,-11.325741460569345,0.07803859460329589,0.44643966670614343,0.05461152674202592,0.2987175301486822,0.7262328008309964,233918
track_04848,Country,88.75631278910815,0.7065807973034743,0.5167068597486966,-4.689441652650606,0.059088961885152474,0.6854644086150448,0.19664176855196558,0.2635252802720014,0.5768698518189949,275007
track_04849,Country,101.7388048445607,0.6753731202069441,0.6954769492215613,-7.947775485951719,0.040102910408934586,0.42756078179358514,0.014345214034638953,0.2620666403837625,0.7155644209483172,283520
track_04850,Rock,136.6300373654752,0.532913257872729,0.9460704299876894,-5.66673284283952,0.09751613787163485,0.26358268198034984,0.08698764321479978,0.38126287305509043,0.4926937138473779,209565
track_04851,EDM,131.01576263399565,0.8910315098458219,0.8626199890145012,-3.232146725525319,0.037572183795559225,0.16481231857620773,0.032128090298733,0.28064278545375,0.7404536988081606,258530
track_04852,Jazz,124.67391889392252,0.48255747669448285,0.5752588160355387,-14.500316012176954,0.04054884225853463,0.7960815063605241,0.8060879233421308,0.4927920776087525,0.45468672708581837,305674
track_04853,Rock,141.90455806996587,0.7101387760784847,0.9674533763593767,-9.39078308689177,0.12582112014026425,0.3642414175085029,0.013370942672415486,0.399722786560353,0.520257726463293,269236
track_04854,Hip-Hop,84.13449040923834,0.7851367198208443,0.720275495965709,-3.7022913149339116,0.38871569097449826,0.07388032865880019,0.011550388204723228,0.29917590587003795,0.6886664755648557,254961
track_04855,Pop,119.74299345273904,0.6255078805059676,0.6291757002038125,-5.213862500346519,0.053248029564009,0.17495620371557957,0.009509606819232453,0.1962494925462605,0.5993948117241868,190525
track_04856,Metal,162.31027041525434,0.4563527364838267,0.9461288775073908,-1.270039026295784,0.05518736081831441,0.07100106909845075,0.05174068261017868,0.22693144230082576,0.5828751334576308,207790
track_04857,Blues,89.47884688769429,0.716883855630163,0.7195760375768441,-11.457748380007024,0.09361851258586257,0.6407218488575792,0.18677128369895157,0.20285921816331706,0.5972913881361015,298944
track_04858,Classical,70.90823151995572,0.14792762358390574,0.22898731846259202,-13.770613617932383,0.024636084322805275,0.9617422706592627,0.9922722960955573,0.36845125033697224,0.22415659260375792,392415
track_04859,Pop,114.94497615506695,0.8321144315863743,0.8363261656009924,-7.035221029675617,0.0795775130106997,0.43898431323182874,0.0021423135884039712,0.16997906532634371,0.7364323335396321,254204
track_04860,Country,98.2558246364251,0.6690923543449235,0.6585305942724071,-9.841506077769704,0.06708134357224424,0.6241642621091671,0.1769206112398194,0.12653883765755575,0.6024354913160312,195221
track_04861,Pop,118.15906588556648,0.6804030920943289,0.6641920585572632,-7.8720727450326775,0.07793924438733658,0.20179212684219833,0.03092099869208935,0.20957661240983338,0.8828532797633704,252689
track_04862,Blues,92.33680883623077,0.7970424504292976,0.7474918552583911,-9.650430249051707,0.08490946173209896,0.4730091677755648,0.13209113403516648,0.29401077135404163,0.5739354665801563,262799
track_04863,Jazz,125.39196121893276,0.6265062861974979,0.45597090627227754,-5.021905006372794,0.04263892327200879,0.5440764388639479,0.9304426246902378,0.36492434777837146,0.34976977766468287,271703
track_04864,Hip-Hop,85.55182654667352,0.8059991755788933,0.6182099607432341,-2.207482720729587,0.4679555073534666,0.24398607087677146,0.07724984305640135,0.2321650272043016,0.8617637674524088,184397
track_04865,Metal,142.62319153803276,0.48255014005693164,0.8561807199819007,-3.6049606867378516,0.07082189243276282,0.006439595189061076,0.03661779831319036,0.2913165350245722,0.4335295120287762,354170
track_04866,Country,101.7899772903289,0.7352029381753495,0.5024143708747936,-4.911303935457358,0.03509650837908283,0.6435836000282056,0.1803118261393487,0.15699985113473758,0.6641296788769468,296832
track_04867,Country,92.93057284173237,0.6490132950801959,0.40000252966339134,-8.484617466940614,0.04135156480574931,0.4629492135946079,0.1720852584612224,0.28295931709338273,0.7265094719026747,260052
track_04868,Reggae,92.44688098385576,0.7429049301607259,0.5159405319572717,-10.283097318044094,0.05659662192031985,0.5205442287113794,0.04893889423219773,0.12648581534097122,0.5773942291730293,214262
track_04869,EDM,139.60305641221507,0.7701003862727636,0.9207489174070481,-0.1304985732727797,0.031215208606731704,0.057857758481758205,0.08438825093708792,0.29647397300905576,0.5530597549695849,234844
track_04870,Jazz,104.09281129748352,0.6607621482190948,0.4406493943794138,-9.960929026333517,0.08847091983657826,0.7159833040450998,0.9517495248651073,0.4978049124854934,0.5016644856750645,396979
track_04871,Country,98.39248159804802,0.5720899415192273,0.4458259000813456,-7.559918006946026,0.062041521952867225,0.5555767772637259,0.008159909511122198,0.14382121399547584,0.7423289753636062,297114
track_04872,EDM,126.83345351788304,0.7106453063525384,0.8890256888585901,-4.980215348919745,0.03619268173639175,0.0381183996151145,0.16015059491549324,0.2899859395354061,0.5079272966158066,290565
track_04873,Country,114.67622604376334,0.6871910200344367,0.68380937323675,-7.37308594654391,0.06377583324854953,0.520121592213965,0.059387775404543965,0.2275684429819944,0.7484110288887658,198393
track_04874,Hip-Hop,82.45582161554259,0.7478915143419789,0.8498991020406947,-3.5795063623736345,0.3558877408478884,0.03643094190366155,0.031126114779182715,0.1963737022732075,0.518775477620262,183772
track_04875,EDM,125.99628456093609,0.9310702593463664,0.8004934387648369,-0.9810105213656275,0.06419418944845803,0.16221046521059634,0.024664306693109383,0.23583799977115097,0.8815614493996862,186206
track_04876,Blues,85.85473580309439,0.6653681874747303,0.7926415917433628,-10.037404511015804,0.08877231850315725,0.5041274695528489,0.04048290814424391,0.24438727706290017,0.6665418232288386,237649
track_04877,Reggae,87.79302695123923,0.6890807430963315,0.5783256280334739,-5.588890062990427,0.04070816041710672,0.5348088358721471,0.15432162580725056,0.24642179929531555,0.6931198877387091,294477
track_04878,Hip-Hop,80.99820115037383,0.9006560860545881,0.7180312991044215,-7.302101921284163,0.3375283239632494,0.025133154828213797,0.01806683089366633,0.19939650710826023,0.5060295421379556,170301
track_04879,Blues,93.88528449183026,0.6088085872427826,0.6295487166336513,-6.70356271691135,0.08866842654743007,0.3809113989323214,0.00952093040317621,0.26057023105072025,0.6265676803163546,214758
track_04880,Metal,157.56653913471698,0.3256705044324393,0.9281279141026871,-3.085910671988475,0.07269951883507486,0.006313402454496831,0.17368544663350666,0.27744862188113095,0.43388990323875765,207037
track_04881,Jazz,131.9383042149105,0.4723606607109502,0.34613436272700837,-14.94242044146138,0.09111539341625877,0.9237122776699076,0.810791673989557,0.44295269540848603,0.3311153011002246,382781
track_04882,Jazz,118.30106782607442,0.5364171792525159,0.5493285429643207,-7.533598079152529,0.059162902965119925,0.788111827711002,0.7462350944066798,0.3906625968137967,0.63359560541714,304786
track_04883,Classical,80.33431602102884,0.2165064660386444,0.15551832630791518,-25.278838676680568,0.05480321954624365,0.8802810828323733,0.9541289139389153,0.276009801611798,0.38552906110494567,580457
track_04884,Classical,87.14164049954448,0.22261440597640925,0.3662509457537275,-12.636021450450443,0.028942056395565765,0.9172993429171649,0.9439301996669244,0.28565602251955546,0.4524589637671193,382801
track_04885,EDM,127.83312823777126,0.7506425737328077,0.8624787835962435,-4.333354436331379,0.06691256601124382,0.006745007703341722,0.10554321595381488,0.15163093436788355,0.5033210755556061,219353
track_04886,Jazz,102.25932874233612,0.6347161419248747,0.38349604122849196,-9.148294897831251,0.06417552081218947,0.9978230687240538,0.7636615438621402,0.21747067738718018,0.6919621972801954,268213
track_04887,EDM,125.51413150238837,0.8111511264734488,0.9419714727939048,-1.8648239334198138,0.046815463608039426,0.06717736249595017,0.2979445930093509,0.2533593975288463,0.5827102792591607,295501
track_04888,Classical,90.67085369135563,0.29787649645460945,0.34047141222841115,-23.77213249940383,0.06698427648732526,0.8873987054510529,0.9870013342695647,0.20925394857936067,0.34216259946099115,341157
track_04889,Metal,179.28923156553353,0.4786159164151872,0.8117790858803396,-5.059699696419997,0.047517421842040226,0.1778470005890229,0.069738466852201,0.16542339433555014,0.32417599378631623,323373
track_04890,Country,107.92389208648244,0.524765325297694,0.6481677228940886,-9.25576601697331,0.05695549171779947,0.41514980330359996,0.1419350189758832,0.2006989928786425,0.772282320024631,221168
track_04891,Blues,98.99963110920139,0.6907282790036386,0.7796928114672755,-10.322391677402544,0.07434600581539509,0.32764640519859095,0.09608544843761496,0.29454287039190197,0.5264394573827902,219330
track_04892,Pop,117.99974508004243,0.8301974786869577,0.7719547937284146,-7.938001360840566,0.08139719281498972,0.30098443027495103,0.018818819809339568,0.12999462010028148,0.6469801777020433,180341
track_04893,EDM,126.84720251342726,0.7051255914195126,0.819422197908057,-3.563711986459756,0.04334518301117635,0.14150346762851393,0.051480725141155544,0.2591545653032662,0.820320624238227,185547
track_04894,Metal,143.38968477672114,0.32414644917435165,0.819184753995238,-4.556546329686823,0.059556439477419454,0.12912350990689328,0.14252073403790097,0.1561526447769515,0.49506382316953484,241041
track_04895,Blues,94.49836292766317,0.7980557541781846,0.7253978914517374,-6.754607641606855,0.06491647672391018,0.528380095588194,0.0465634219580003,0.24763039795926176,0.5179353959082504,222704
track_04896,Jazz,117.8587272684432,0.5473402854011093,0.5783765315559348,-13.068168010947264,0.06826049366471126,0.5396963006670532,0.7634039198469659,0.24735956780410923,0.5261063481574854,283504
track_04897,Country,110.35685956363666,0.5769504613999499,0.4123290412518124,-5.023117496965911,0.0817194709505652,0.41599097566086485,0.029092431743257152,0.2999065642003261,0.695228387699892,247731
track_04898,Blues,84.4251970612231,0.6802849328348417,0.5924606990476996,-5.279171389794563,0.0966123659041616,0.5575669060316872,0.18074026207963048,0.2502549555534985,0.6037674467380327,260878
track_04899,Reggae,72.88405994815471,0.6209065661501997,0.6493175182447026,-7.086465969066257,0.09523527922858523,0.3500798340790306,0.19377706032648892,0.14681447722437357,0.5527597772500709,247537
track_04900,Classical,69.0247562065452,0.23558508305271927,0.21907273656357495,-27.27321665427089,0.03732651650199332,0.8694154276702869,0.9358076467364792,0.3696468845381966,0.2833531232583089,413018
track_04901,Blues,88.93861094338206,0.629816633223979,0.7879437653956829,-7.3092723397216,0.0659661706926716,0.3449021391467184,0.0770372580309256,0.2301203337355921,0.7906442610074202,182564
track_04902,Pop,103.56133863440758,0.6006534323671734,0.7274748988363128,-4.172245717658349,0.058758569558962005,0.3131148940269174,0.015720449205197603,0.26764804752419036,0.5401016078034864,252551
track_04903,Metal,161.34008571563186,0.3427676984063597,0.845084775422627,-3.9112406573286878,0.06645107079216449,0.10897084727552936,0.08766041979241002,0.1955068722758474,0.522445970515949,197116
track_04904,Country,113.74692924963931,0.6774538337675913,0.5157305991397352,-5.087738098858874,0.06779275263653292,0.52268098046917,0.14385133914731352,0.28547510632105744,0.7436004931332404,183096
track_04905,Hip-Hop,85.2838252334122,0.8727360254793419,0.7740429685512865,-3.9417846944366497,0.334996795445684,0.05077256140340138,0.05827372346487778,0.2601371161387791,0.5103955752732219,244395
track_04906,Blues,87.62051623797909,0.776074103999218,0.7293605963120142,-7.792492545013834,0.08191241581650396,0.4661303590511756,0.07517841928367133,0.13202231514569956,0.7410774462349214,187566
track_04907,Rock,153.70429077560297,0.5943469159161677,0.9783254571917261,-3.0222656378006736,0.0959115480414319,0.25937233358448764,0.19655679445893273,0.26990163934661915,0.46418237967914766,271196
track_04908,Pop,117.54029959641758,0.762534287277882,0.7813978330644321,-4.582100646928358,0.11995690247463364,0.4180017756074079,0.0313823666892586,0.12303186314269193,0.6450648023986456,183378
track_04909,Pop,113.2588691151859,0.7605899000859031,0.841205824922347,-3.8165809917476654,0.10528741821680744,0.1568878617713589,0.0011384211168359692,0.1251096711717526,0.7961133322457435,232515
track_04910,Rock,151.44027583951444,0.6993563677015966,0.9978725136943598,-4.997280453427969,0.1250437694093972,0.31449594365405176,0.1861745363654061,0.26590702606805383,0.7877041710441194,187406
track_04911,Reggae,85.01002681152511,0.7007559262351235,0.7557439820754109,-5.371593670497582,0.09832329237635327,0.5125513353905258,0.12105206910923774,0.21630795293643384,0.6397917186055893,257859
track_04912,Hip-Hop,81.8571715757787,0.9471836080131282,0.6646619650050355,-6.084584108613386,0.32614949469264987,0.22562864667557167,0.001763448579912408,0.257568180631715,0.7308533120818299,159785
track_04913,Classical,66.06892123269455,0.11466328838808014,0.23702187123411292,-24.298212536279735,0.04183009854852552,0.9880734831497664,0.9724270722143078,0.3974479962227292,0.4614260809752682,476024
track_04914,Metal,148.7684163536822,0.46838652688745974,0.880772145204249,-4.393661816100776,0.04525501202945677,0.1674855008886052,0.1650101795999215,0.26467532966138385,0.3848187037149165,302894
track_04915,Country,98.22466938197554,0.6047460167007577,0.4807750763149846,-5.099814186458815,0.07364178607553565,0.49999258133285746,0.06355658965331505,0.23673874440187473,0.5512009905969232,199001
track_04916,Metal,157.68176827121871,0.40603012645976394,0.8909291385558455,-5.047340888236972,0.03786164998901505,0.19799201650328166,0.18263960493844475,0.20472364531898488,0.5296650940521772,264329
track_04917,Hip-Hop,85.16933995337351,0.7459798536379615,0.7752174943459821,-7.629251138815847,0.3488726259919585,0.2345153551300911,0.0843247397235556,0.281492121507812,0.8586906189037318,166235
track_04918,Metal,151.95973074555363,0.4793959819549033,0.9760718900981471,-4.472599685455458,0.03153262774863412,0.06543644156290278,0.19204601179414305,0.2588135142463238,0.3561419642116993,343566
track_04919,Rock,148.21688594129668,0.621789473480691,0.9834264650180855,-5.7138302823561995,0.05692322968082514,0.34183877375781047,0.19676351026534275,0.13285456052032035,0.5112568455224882,293414
track_04920,Pop,129.26743370077486,0.890206667198255,0.6328716248836364,-4.205434639821265,0.09026058459771247,0.4381516127862424,0.041597586476530425,0.10240606032860754,0.6025818695023997,182947
track_04921,Metal,166.0968598466637,0.544180250655398,0.9247573270294256,-1.955654060196184,0.03765375265097331,0.03854696947942404,0.14811304552251023,0.16966311044859833,0.43082831763446916,345603
track_04922,EDM,118.30090639875307,0.8139580031298775,0.8743830981373482,-4.433329504139319,0.03923052635296985,0.04073512316477428,0.2831905206712533,0.2932920674658229,0.5013686419436041,247315
track_04923,Blues,93.64177621853047,0.611016656374114,0.6494086542279973,-9.170947091498968,0.04948835272959752,0.3616179056283983,0.03203964248400033,0.21993247689299017,0.5513319953932458,290053
track_04924,Hip-Hop,90.06272953765178,0.8646945047333408,0.8475672931354606,-2.3521256448076944,0.36857393444187847,0.1051217862321481,0.0219026073558121,0.112356754395871,0.7929103189262308,269050
track_04925,Reggae,97.06599917036885,0.757751704842681,0.5196320068379304,-9.253270845937816,0.09817408571121594,0.3218349122397136,0.05255916097687901,0.23442138860871056,0.5301306864869052,274329
track_04926,EDM,135.56640340154405,0.7466636413957373,0.9800018128118223,-2.3748054891381565,0.03664924100060174,0.1311546753553878,0.09810015666125628,0.10929389548378872,0.5314591941811004,222640
track_04927,Rock,137.224991792469,0.6517958546417785,0.9178825863951682,-9.697290489404445,0.12146379243800662,0.1844808418979086,0.17663195722089306,0.3899030618197077,0.7979717939760168,215579
track_04928,Jazz,121.67743771075106,0.6256922680694246,0.30037016982814435,-12.720923363231078,0.09004603822344542,0.7669376906092701,0.864988232633404,0.3343098868919351,0.4580155477983259,364357
track_04929,Rock,140.7057716459959,0.5195249461142935,0.8003420447463829,-5.6479566320529315,0.10651286387548635,0.35472189604019244,0.11381818981905811,0.380986640796403,0.4652941071950352,180475
track_04930,Reggae,96.72213214798317,0.7292921426544952,0.6863477776847552,-5.564215766188806,0.049522734353171144,0.3681077407246424,0.03789382990686805,0.1846738860530579,0.7622665205035807,198894
track_04931,Reggae,83.26388119434071,0.6901137991216217,0.5131806469504958,-5.161905448074656,0.07925133125703665,0.5746783994731032,0.10194573944113346,0.26498203616376137,0.7500223354993414,190895
track_04932,EDM,127.800289477201,0.8176481019116851,0.829059683630876,-2.7388837277000744,0.036447896933168036,0.09989034881457115,0.015243227565835848,0.28970629839224055,0.5985379457079428,196378
track_04933,Blues,97.45814026556417,0.7692690114576295,0.7253843943293407,-5.403675866149038,0.053782558293075364,0.6631183101684133,0.04142114925584739,0.21302559364779716,0.656868943928561,190133
track_04934,Hip-Hop,88.79522308325777,0.9101331174346566,0.840777406416497,-6.225375337594941,0.5624200871735037,0.19208489394277686,0.010418464808635975,0.2878225593191761,0.570670696613543,253209
track_04935,Classical,66.42561261802297,0.10407286534451957,0.19227808467948695,-15.449553228550778,0.023570181643034607,0.9513189317673679,0.9516383549757803,0.46033574510526953,0.46392642391527733,568871
track_04936,Pop,134.3909106611934,0.6883367081234405,0.7944798051068778,-7.516803327782914,0.081595798762154,0.3365548174519628,0.049286262660652766,0.11792162623841454,0.5455841888667864,231758
track_04937,EDM,137.73003260340315,0.8483072653105024,0.9563731838979712,-3.872102342013262,0.06542311080577708,0.11837399417816613,0.2420275677155244,0.16946055397317547,0.656765697721325,187615
track_04938,Reggae,85.93031798723891,0.6525126913517044,0.6275747127482382,-5.59831366259528,0.09179173250541962,0.4293504829677427,0.06558816321407526,0.25599480995578616,0.6279722157753563,262248
track_04939,Jazz,97.39329980736761,0.4566561306567183,0.34186251583011895,-19.82865829333383,0.056836987402230185,0.5857042951554838,0.7773851280086521,0.22274120284995103,0.4366237451972268,240393
track_04940,Country,95.45620453244909,0.6411610039781246,0.47414268630833617,-7.546130879326628,0.08461517188970377,0.4718225028005785,0.025771439582328883,0.16147072805722157,0.738341524270911,259824
track_04941,Reggae,96.97105809400051,0.6664448062840848,0.6526371738277218,-11.858708735008062,0.0827197525190108,0.5874843756769244,0.020040745266738758,0.17176102862368342,0.6450640029374229,204457
track_04942,Blues,87.87746901553034,0.7647213063657899,0.7157476134825792,-10.489071337107497,0.061380443607982754,0.3989211483577655,0.12743706182562778,0.22946991577915263,0.5048507478273245,273727
track_04943,Blues,93.27481958186428,0.6706894886982658,0.5757664944163919,-7.148370922678775,0.05054498419834774,0.6599871409986051,0.0773148365724633,0.23962973095464693,0.6710550567469815,216644
track_04944,Reggae,90.19629364652941,0.7008129920200686,0.5219591016844021,-5.01958536448101,0.06904624242311462,0.6787955477921115,0.07805674355457326,0.14495216052114562,0.7210640330369978,206705
track_04945,Blues,89.52170568224442,0.6676681321224488,0.7900033878900121,-6.187377693623098,0.05233595844209215,0.4955420895332321,0.022663318464093488,0.1215489077903233,0.7560200206730194,188899
track_04946,EDM,133.1381331663838,0.8869218884759259,0.8686089545327972,-2.4702072499216037,0.034574219087216085,0.1700132923306887,0.22127448942218383,0.25214897079827336,0.5712740792248205,216279
track_04947,Reggae,91.51255912261804,0.6279380922735028,0.6130956893720259,-10.683802381534282,0.08020305765468444,0.4549324378870986,0.13355496293319602,0.27517525556429656,0.6238257031145317,231015
track_04948,Reggae,91.43242460550796,0.681722814812192,0.5641203965448813,-8.29509017991737,0.06394231202730388,0.3500006032776919,0.004638388715891506,0.24880083451334362,0.7798578460172216,241476
track_04949,Hip-Hop,81.5011843316586,0.7979013067988157,0.6950799338303202,-2.694517915456805,0.45345305875775943,0.2860941318608416,0.032132244421512725,0.10744892605268647,0.5552245678733441,276363
track_04950,Pop,104.34888202228395,0.6844616725444116,0.6570064693337081,-7.686878793630804,0.058442868781664055,0.2666417364023894,0.027900242462933114,0.16238376876707408,0.6678006699623734,186926
track_04951,Jazz,123.8726186649901,0.6838536633334804,0.3733578128846019,-14.87268097497241,0.0903585807065396,0.9055269102196417,0.8994671077510572,0.3518072917634574,0.3070845571468596,292864
track_04952,Blues,93.27509090930684,0.6501411826181036,0.6904519828619355,-7.353087634450311,0.045430748324429795,0.4708536981864478,0.06224998743705961,0.1314227866254842,0.5176014952877813,204227
track_04953,Hip-Hop,81.96839032655403,0.9023377520834546,0.6814563236198551,-3.841328971124179,0.3374410858630396,0.12834688463058938,0.05204939451655562,0.2450567154698278,0.7600124759510208,194152
track_04954,Classical,78.5091713461372,0.26458486495061373,0.22773607297520312,-21.06436399701981,0.04910694039378162,0.964047264344331,0.9936324708366866,0.4233329334937558,0.5553773219563716,409417
track_04955,Classical,60.61744013701012,0.22808124538169175,0.1662143879501183,-26.1427483336237,0.0452924617682591,0.8117993386890755,0.9916970250405591,0.4820326674347086,0.3792800657888057,346780
track_04956,Metal,146.99767351887098,0.34395129934826774,0.989538523703714,-2.479814410291712,0.03114945250513611,0.11530677036369696,0.06252399575071566,0.15493521916964573,0.5706494026188687,227722
track_04957,EDM,127.27090285474569,0.9312980438015085,0.9002315787199,-4.499667520910361,0.043642191447408225,0.009213426686193293,0.15926862984287654,0.12446864317048834,0.6892430084451332,295666
track_04958,EDM,128.036161093217,0.7112047526269841,0.9929470680389632,-3.1863062512805578,0.056460761112376565,0.13339004512060412,0.017082609817824532,0.15317057485516172,0.7624768210593189,255701
track_04959,Rock,150.49066021011248,0.5437006709705694,0.8433430923868176,-5.849817322003256,0.0379348112492904,0.3593542762584363,0.09430173251811627,0.2970458942158119,0.7712320006381999,278137
track_04960,Jazz,116.84507728886996,0.6658031604278338,0.3208634046631861,-12.608979888788951,0.07388992754110107,0.8445194403170809,0.7350574761877207,0.39703678401628173,0.35839742034777294,325415
track_04961,Reggae,92.55982223210205,0.6303558702746412,0.6759783288644048,-9.432717796400532,0.07041178441884116,0.4876251894452369,0.10076480541072641,0.20438960746914908,0.5207769254918629,270217
track_04962,Blues,92.21472911225513,0.6679271646830404,0.7319260290325468,-6.182740440773884,0.06071444641291045,0.38268797207390687,0.19163997223284857,0.25221519882904986,0.7421177863453259,196518
track_04963,Jazz,113.17338398851756,0.5936971800522995,0.36981260932507165,-19.825740467259976,0.049423986187304626,0.9614035231795989,0.7645959308220256,0.3755426448935755,0.6872052897980392,251729
track_04964,Metal,165.2234057524602,0.43540053697214376,0.9640565493666484,-4.816367785505958,0.04195876872698014,0.11344401840445809,0.15801255145048387,0.1519117033830293,0.36301030155326475,337680
track_04965,Rock,145.769419662338,0.7195063454896158,0.9095592659247097,-5.8679594017129855,0.09962296283176107,0.31636327165947065,0.1006535286167975,0.23506447074101244,0.7864667439522428,277713
track_04966,Hip-Hop,76.9101217818376,0.8797591960428137,0.7416030263415994,-3.05812094638815,0.423020141404842,0.24106560908965532,0.0032074894932029308,0.12692379530802034,0.802389763141304,190223
track_04967,Jazz,107.13932982790358,0.46750269978239095,0.4001733917405429,-7.674525211198212,0.08546236987279524,0.7452695577200361,0.9347505506304047,0.4926695551933064,0.4624578026297158,268867
track_04968,Hip-Hop,78.21550428246714,0.7609240089466909,0.8085106327113609,-6.544305271010081,0.3276524935643322,0.286123163289972,0.012972537955582942,0.23723865030947489,0.6698234903535442,168039
track_04969,Classical,51.67842666165056,0.16010668794485441,0.2548924811799801,-24.003011967312766,0.030815281733966984,0.954671739387745,0.9581761597171675,0.33129081216416845,0.272499033911724,322041
track_04970,Blues,91.53205658570585,0.605490509612272,0.584008061468055,-8.73025933944303,0.0464468207361907,0.6986974379563623,0.19991221630002773,0.2039604732291258,0.6704028604188512,266128
track_04971,Metal,164.8221187102676,0.5433940897067959,0.9561645217724267,-1.698718848936286,0.07459320126106973,0.16376064878131427,0.17034974227268,0.20033915911136935,0.512402230925706,224187
track_04972,Reggae,95.5153712126628,0.7722263749231418,0.757577190868254,-11.537002646918495,0.06082119084062833,0.3685779212439,0.02715998714839296,0.1829785547637157,0.6876984191512593,207094
track_04973,Blues,91.45819354024883,0.6809479912860986,0.5334972623086968,-6.737654538520113,0.05901834235195115,0.5425223657135907,0.11392344641095793,0.2399246154468794,0.6612863322896666,222704
track_04974,Pop,123.21945543912399,0.7166032971774244,0.6449232210689758,-3.3378813641447245,0.1026298930305142,0.1985764459149078,0.007531739282189748,0.10986204257969162,0.5762211910036882,241765
track_04975,EDM,126.87968802649654,0.7701662680543417,0.8796843048730496,-1.7656340777703021,0.03771682905035695,0.10041987369476374,0.265461471315174,0.2462253715121794,0.7901460444757801,276744
track_04976,Metal,151.97835313852357,0.5951653392596058,0.9646286692611618,-4.226848056215629,0.07130151273922136,0.19138212849467792,0.17805638789660777,0.21124199855109838,0.4731443483752067,314830
track_04977,Jazz,117.90567529121253,0.5493715233613095,0.3719381523652459,-10.462909044308498,0.0872938181094324,0.749371085084289,0.7889118515845921,0.35230165817477777,0.3251580879425588,284582
track_04978,Blues,92.38768670998273,0.6903213942904044,0.7694702655650885,-5.537247835137031,0.04753028862187813,0.6984443949272466,0.19396450290496808,0.22542628265099005,0.7476343017519252,198740
track_04979,Country,72.85407892313476,0.617029862310179,0.4041492642129768,-9.214639106921414,0.0834219912384168,0.5257311948300301,0.14858140192445488,0.13422225221859146,0.7094630915822411,260026
track_04980,EDM,128.75852442194628,0.8358395343741805,0.9836697490316387,-1.3001977155491162,0.032886706030177,0.15337415282375247,0.005613140149261197,0.26581378441196224,0.6327464208792626,257942
track_04981,EDM,126.64916353940487,0.7577922075056216,0.9618846217298292,-2.543076637228899,0.06769250209898188,0.17945174328025823,0.2679534747157258,0.16522394640933097,0.5531608914593718,293415
track_04982,Country,104.19144135494248,0.5509515319775358,0.6349438226236607,-7.016647583818649,0.044443936087325456,0.4094568421718469,0.09329549152587019,0.24852602608067326,0.6053570192572997,218416
track_04983,Rock,150.410313791597,0.5629851868061182,0.8196900899948412,-9.929701796499446,0.06620617350170166,0.19559139423738214,0.21976374063407722,0.30319976044077346,0.5779829727938641,257524
track_04984,Rock,135.60962361497664,0.6550179312266446,0.9890984552382174,-9.092437993594404,0.11881693994064607,0.34557138721698,0.14656695518956153,0.10194270313601599,0.6097346024557277,216564
track_04985,Country,89.08923799371149,0.7108127503303279,0.6152032754513665,-6.007528747441819,0.04811861818129719,0.69093927856745,0.01626260436971463,0.26765063000366085,0.5632340630986465,268171
track_04986,Pop,106.23675349309892,0.7376601340499805,0.7686346450125822,-6.891548158725263,0.06893590161968677,0.30360021898155354,0.031905002414142104,0.2920922242178365,0.7297679882102783,207818
track_04987,Classical,74.91907251033271,0.2652100645085982,0.16573148440569585,-12.960801677508819,0.07913239924670112,0.9198305377125123,0.9047171043319843,0.41067961069018266,0.41524275186964305,347999
track_04988,Country,105.37702298890032,0.7216189563055251,0.6037093615661535,-7.411319052911058,0.08352018074821199,0.6812145674103814,0.03324011347326155,0.27234112966330415,0.7546467855028893,250296
track_04989,Classical,80.56396486660846,0.1844005409960356,0.2060617085070401,-17.59744331939833,0.03872964270026942,0.9926529161218645,0.9596475527630025,0.37758278810416057,0.2545333467210323,423669
track_04990,Blues,96.2878037119418,0.6496092607005315,0.6106665971543552,-10.747592979912492,0.06130454278496725,0.644512620000223,0.04741201415578027,0.10590831960339675,0.6608669567636922,285151
track_04991,Pop,113.64178509872578,0.8914327294481591,0.842291322612341,-3.040917204895174,0.11857824121480007,0.15960789138833992,0.03287086765967703,0.17993806912481705,0.7927293095031953,195612
track_04992,Metal,161.12717437911496,0.5022134573383003,0.8808264805435406,-5.117390234226484,0.041745853997676885,0.14401124961661868,0.010351770606202583,0.20174862347411754,0.40809637215535716,209740
track_04993,Classical,62.532934150514514,0.21196493029777302,0.38836878277564413,-20.699150046161954,0.0373267704486383,0.9634000633538147,0.9385782122012286,0.24252405406716845,0.5178316844722716,457706
track_04994,EDM,123.3815701466983,0.8796499223171419,0.8534675003624892,-4.119338495440101,0.06345196765461694,0.16228124260368743,0.2990588016200132,0.10387265931896224,0.7161522747189445,206843
track_04995,Blues,98.29462908771181,0.6274522429415528,0.5004548084510231,-11.348775620728762,0.06280358878406687,0.43157331515070685,0.17480062507212976,0.11670525488561956,0.632811844085384,260832
track_04996,EDM,131.2533387515686,0.8257259369779986,0.8264800175152225,-3.543664138325828,0.05507165936931088,0.0023978957125463164,0.2904300979257813,0.21339536587796132,0.7816556723428514,184177
track_04997,Pop,116.0067022126773,0.79859510772116,0.8152093908596214,-3.692216714705433,0.05197199441752464,0.21332035093738863,0.012315906620658096,0.10132897930428181,0.8507130202769191,186007
track_04998,Classical,75.16686698548567,0.223051670710672,0.3898866171381379,-20.178934337240264,0.0669713305650284,0.8194538750825261,0.9395617490797716,0.35452757725964434,0.5112598319552282,337551
track_04999,Hip-Hop,87.74111618742661,0.8424043542388229,0.817221572244387,-4.739280716685267,0.5869011186206259,0.18810762914832385,0.057368044246881626,0.26855764299703266,0.6516946220894311,296612
track_05000,Pop,106.88821650397459,0.750950650033474,0.746116877853259,-6.897589374600436,0.0977597059409234,0.4209498788585392,0.028865991515411568,0.20459271241281052,0.6178568916177525,208357
track_05001,Pop,114.13905044839638,0.6669289560462923,0.8242044176979504,-7.983853285033698,0.06528799828568323,0.26361359245200044,0.011056829385625678,0.29471626509749027,0.5976106378002014,224022
track_05002,Hip-Hop,77.97465092929866,0.8924896057212197,0.6098346142321887,-4.193446498605169,0.43000396250601414,0.055141123934355905,0.052305587072384356,0.25618964579350556,0.6654089658682707,292777
track_05003,Blues,89.76667053026205,0.7828838360727037,0.6333171596259062,-8.426030925246977,0.07119399949665121,0.3254367680255823,0.03541356599040917,0.27721877235396974,0.7689069403641742,201906
track_05004,Classical,71.98294740964396,0.160527527458229,0.34894269681351897,-25.916638029029873,0.07284947742812337,0.9646382100645301,0.9807550224276986,0.46752375772163945,0.5547682875712007,367027
track_05005,Classical,72.64269422176693,0.13154503275306573,0.28274217286417225,-11.155766771167958,0.0780605002162113,0.945692712840988,0.969383549487308,0.481530511883636,0.3165109012081089,455743
track_05006,EDM,132.69038678202122,0.7725001866377045,0.9897897057925182,-3.9384621344548707,0.03898951641201132,0.038589819604298796,0.14543990213080038,0.25927768850015664,0.6527408522400158,280165
track_05007,Pop,108.85228885855234,0.7144250783603265,0.6033732502983858,-5.223396134733245,0.10960246601162132,0.1111565147593625,0.03068948515375547,0.26908970655838715,0.6975727538709022,192207
track_05008,Pop,123.1156132469017,0.7439150601549085,0.6436241832838043,-3.984773404507955,0.07632077352678122,0.4586349108734932,0.03373283215606461,0.13532118548929883,0.7567885482668308,196455
track_05009,Reggae,99.41059448361823,0.6355319096542804,0.534765184584556,-6.981400467715253,0.09091439087298396,0.5887883219481392,0.18257294117874368,0.27801568283895617,0.7334561835760501,287855
track_05010,Metal,134.18013860249647,0.5005406301481059,0.8341974537541883,-1.9492194744319988,0.04829358456804476,0.015928187831615315,0.038065044594981126,0.15057049160391836,0.35338362385663175,345006
track_05011,Pop,89.76267021045237,0.7869185811346615,0.7916110295169553,-4.157123854606574,0.10055551202390003,0.14075097671096054,0.020871926307224415,0.26319009961304546,0.7617200725935975,232647
track_05012,Jazz,130.06598099531027,0.4975179582822478,0.5867433632642782,-7.296121141125294,0.04989530420267941,0.772346535492841,0.8471521801984276,0.333097957763005,0.4882454285495943,262370
track_05013,Metal,156.17016882307766,0.3889241871426844,0.9208978156795751,-5.796336367071135,0.045512930765919585,0.000941320525297873,0.0012620595730711505,0.2640599234742553,0.5249447676201445,180805
track_05014,Jazz,104.66815989409378,0.49013789002664726,0.40120641074905583,-11.320066162585979,0.056498317409784185,0.9553693628403708,0.8255955942711709,0.4970192505398248,0.3438060989358555,295922
track_05015,Classical,69.92561810564186,0.18142144583754705,0.1697497967723039,-22.87702598788551,0.05172923036798478,0.9888214964828363,0.9260752681433349,0.2694389811427846,0.5842343634820686,338435
track_05016,Metal,165.58117455321482,0.426343716089286,0.8669413504446979,-2.0642652183104193,0.06738192784965534,0.07171068063393558,0.19845479223774942,0.29476756297608026,0.575350043303341,270960
track_05017,Pop,116.01785608003239,0.8252788035034125,0.7943962036403193,-4.1257185155384475,0.10846541959964115,0.4091516748556341,0.02417732192786551,0.24909687939584235,0.7390465971128757,207773
track_05018,Hip-Hop,84.1920223493037,0.7371833608235691,0.7746519188315563,-2.7012139183212174,0.36639877488708894,0.12360441978866196,0.03777319819015823,0.11784409608596198,0.6694069083187767,198344
track_05019,EDM,127.94163224666993,0.7234575318854995,0.9784925318712729,-1.7492112599256564,0.03225707730343193,0.1654086036145022,0.10847983481961454,0.14512342784171867,0.6015684864495263,185593
track_05020,Jazz,113.00837936357523,0.6338502617513081,0.48020313991325747,-9.206357453668895,0.0641028979339791,0.542491028023617,0.8249756144284084,0.25202012050270517,0.5517517097025828,246346
track_05021,Metal,142.02355813234558,0.5656165086840679,0.9306909489597032,-3.339141904065525,0.04635644050843822,0.058498829705321526,0.11590224903479912,0.20027892538674857,0.38280083172425877,296521
track_05022,Pop,104.33122592277512,0.7666110228404616,0.7534846083964163,-5.849221714090816,0.11309220229168242,0.23134772775884846,0.0033589186000922812,0.23437059899413104,0.7420881009373278,241518
track_05023,Metal,160.35966783834564,0.3816761845675885,0.9902805637898271,-2.0162604169196365,0.038990418318578746,0.05966813438382364,0.000841309055207451,0.2164004924561937,0.4579188676604764,221051
track_05024,Pop,118.63916944624822,0.6246782168879954,0.8303458804995204,-4.880906162820995,0.11737193838067331,0.11690865408871046,0.008748925447709655,0.17600976532927257,0.7485439606382575,245206
track_05025,Pop,106.85026747759017,0.7801909675734628,0.6994915444269849,-5.458795106507399,0.0898743142749619,0.12395835210416269,0.04620121306384325,0.2572183670302521,0.6769823154958897,243001
track_05026,Pop,120.15637190028323,0.668468380792146,0.779358034390858,-4.164466760072264,0.05337168377797282,0.37813933138654277,0.0448398493908064,0.14326048072622752,0.546227066283458,223128
track_05027,Reggae,95.07755660280253,0.6902171795050787,0.6240648554791842,-7.002209571882313,0.04464567892286565,0.3228173357158183,0.10098355982763998,0.11780631499962074,0.7817394290005953,203222
track_05028,EDM,128.2298010658691,0.9031051158041665,0.8972728836966646,-3.1595429594059916,0.060605793635203305,0.07230481535658786,0.02681897111581749,0.271768929481376,0.6588792947445159,201786
track_05029,Hip-Hop,82.72584801991434,0.843655736163391,0.6685450643970141,-2.210756423674731,0.5627420966554023,0.1786193756026184,0.017601659958562055,0.2565362548426363,0.7081192079023512,229814
track_05030,Hip-Hop,86.53180392991378,0.8794858053985687,0.7248996006528245,-7.953566095451474,0.4092514922873281,0.1240878517292714,0.03669254342243398,0.2662109813167678,0.6329408867018874,220956
track_05031,Metal,150.48694318344698,0.5105519038783433,0.999795195810514,-1.6787456353435601,0.06177871703488881,0.18798250021062,0.19822183449142805,0.21405477827222086,0.38208903771796937,202491
track_05032,Metal,167.91608242114268,0.3783862393592181,0.953767995662408,-4.588672729716648,0.031494448023371334,0.099642321947345,0.18121160766969524,0.1421182056069647,0.3461760398358669,314109
track_05033,Pop,98.17160395352467,0.723773687160151,0.7843284486563831,-7.984862308610384,0.11628205230880077,0.3857734624544785,0.03536262642917089,0.18439267324171704,0.8863147286553129,257564
track_05034,Reggae,99.02623331313649,0.6843632937617323,0.5300028453858143,-5.464737734415337,0.09625000816793242,0.37019772706854304,0.16328489561684856,0.27238816697465584,0.6066789305110901,247203
track_05035,Pop,115.36113423416276,0.6954281678707005,0.7400275096089532,-4.886557533266462,0.07180066481152707,0.35311036598749557,0.03109971367696824,0.28069428246632566,0.595041455138162,216533
track_05036,Reggae,91.78652486324627,0.7696941248338839,0.6100565078778171,-7.182110330363521,0.04270526530918942,0.47202319001952653,0.033405225081762135,0.2876885904750899,0.7374306442627593,213632
track_05037,Pop,108.33902086033527,0.7787357050277307,0.6586920959391122,-7.116707981640196,0.08967347228954795,0.24255295793513876,0.0365189288423241,0.2182502110657531,0.831736509488558,204613
track_05038,Jazz,119.27586282857803,0.6907322933560289,0.4340825503326722,-17.15927244569046,0.041553173726841065,0.5041147160512631,0.825021395625335,0.28889279134152657,0.3460327721047632,409126
track_05039,Jazz,140.05674088715887,0.5828763854974445,0.32398659921306905,-17.854601695008316,0.09450417920309132,0.5355406263097532,0.7596618351683155,0.2953826537962621,0.39204762710572005,264987
track_05040,Classical,59.24647969791305,0.2610729407187409,0.1864606837071772,-12.536577678884061,0.06993828592228708,0.9038957343233242,0.9705055959852745,0.48920844830252413,0.3808181759709851,575952
track_05041,Pop,93.72153789667486,0.6030473380414315,0.7831778456278811,-7.179574273400832,0.09889455549396257,0.23940250405484625,0.0022494261187496036,0.16558014216043673,0.7638241347119712,223734
track_05042,EDM,121.705542368295,0.8588860253526087,0.9422121564619585,-3.8204293842671424,0.06860992716564143,0.04538209943645786,0.05102972404405541,0.1499623486708574,0.8888220710152053,232474
track_05043,Classical,55.076135431830764,0.1498840000827483,0.3362383915715458,-20.41270409127725,0.02655787455245879,0.8091701929786733,0.9224715467278842,0.34623253573628154,0.44690003747000795,308646
track_05044,Metal,156.0021177914916,0.35063943885384286,0.8962803424485806,-5.334134942377885,0.07885849910354165,0.17738596150030825,0.044867255957564384,0.14684200015943857,0.5842282473791189,200116
track_05045,Blues,98.57162431122632,0.6688073226086159,0.7707370351782654,-7.8767463913298466,0.07403415046206041,0.5217181757374431,0.02240944385490089,0.2580883732637721,0.6716340916338757,273905
track_05046,Pop,108.4728935664061,0.6404977258675406,0.7451158462640981,-3.173426408734576,0.07662113368528149,0.1174564972660423,0.03165520020098679,0.10942070306781033,0.5766422657431527,214747
track_05047,Jazz,123.94084314032881,0.6204553953057504,0.4025557916426594,-6.542932676785361,0.07991093294407774,0.7238732978435418,0.7204998643701649,0.41921641055290293,0.45021045021569567,384259
track_05048,Blues,88.78106841283093,0.7844413225178019,0.7700517572634873,-6.463702155660716,0.08980897597013876,0.41574936068250185,0.07345734241020888,0.14801227990967525,0.606351416638849,246607
track_05049,Reggae,86.31254999192919,0.6532667691956254,0.5330920378918736,-7.477504554562449,0.046513209752668636,0.5468408846134234,0.02693809419656681,0.28867092111665843,0.6249142032214301,193578
track_05050,Blues,91.1756126560354,0.7736081377294816,0.6976776629598943,-6.889873033466153,0.0782376880096563,0.4150535100425245,0.06689544978346203,0.21166778922517276,0.7622228381208137,243651
track_05051,EDM,117.13315230297779,0.7045338665501938,0.9287078877013814,-2.1703215447726754,0.0691302548191811,0.10159335667678247,0.16048433251572872,0.15645239326157684,0.539839635383098,277473
track_05052,Pop,121.73535267146184,0.7799833904394857,0.6121207570092725,-5.735508814294944,0.09258775747753342,0.3858868517359856,0.04507586443900733,0.15661164670545644,0.860868173388956,257784
track_05053,Hip-Hop,84.01653314768018,0.8191487796846251,0.7057461797280764,-7.304361979271257,0.4654753688363123,0.03952602887734073,0.09150272064226055,0.2730506121615921,0.6900862634768783,237418
track_05054,Blues,86.52894257237077,0.6952904009703349,0.7348819819579038,-7.418276723678242,0.08416054622476016,0.35786472428680915,0.16895309116657753,0.2644451709415517,0.7306737431003545,256398
track_05055,Hip-Hop,85.77957652660491,0.860432896435757,0.6476659687913949,-2.635971796170902,0.4376801323033848,0.15640619988789137,0.08731290861226326,0.10125006589688544,0.6977386402717193,163127
track_05056,Reggae,94.67388046307573,0.6318620009099707,0.520490121058081,-8.25546104308828,0.07285174345176071,0.4321002023906035,0.17644625540655645,0.16021691729628107,0.6549438423967293,216510
track_05057,Classical,78.73587815968708,0.21758358706079178,0.22988528258654445,-10.733641468171477,0.049473452990680414,0.9774588728014181,0.9264310124376232,0.33253257252296375,0.23355528089507815,421144
track_05058,Hip-Hop,82.67454381381704,0.8341726982863485,0.6601431813004512,-3.974531994355944,0.5409232841798675,0.22756012664322908,0.059953741104030116,0.20392432686614467,0.8109294732254227,171261
track_05059,Classical,80.64284769949971,0.2453330248891317,0.16278214215741182,-26.577974269496696,0.06931596075950747,0.9907217374031309,0.9185142436256637,0.4855284236907932,0.3718948952145381,383424
track_05060,Jazz,116.19402711119417,0.5005599895511355,0.5387738829220325,-9.904800432345182,0.07779877669677576,0.9651184233291675,0.9680248870561547,0.41349964005877615,0.3796990133404331,327692
track_05061,Pop,111.58746146731833,0.7792140971722779,0.8277911234808286,-3.3190399840994464,0.11876616285777498,0.405529372763733,0.04606485104488237,0.2581251320367519,0.8642404714102228,194242
track_05062,Blues,83.12379046326592,0.6469126188534087,0.6705409895772602,-8.382207509951588,0.07386772574881455,0.580811819993025,0.10791951065157415,0.23774959504973486,0.6603165589088762,262553
track_05063,Jazz,133.18862613085878,0.6035773297827933,0.43903213218203285,-10.117042533820854,0.08173913294448429,0.8875253101160951,0.7921145151068614,0.2343301097805296,0.5727520240850278,353575
track_05064,Jazz,125.59700087212174,0.5386043866344703,0.369210489918531,-15.018934352187495,0.06823747645753764,0.9480883163572638,0.9041271095414507,0.25149100838082156,0.6517789727718037,395669
track_05065,Country,101.33336708929995,0.5477314182394463,0.5101975306542275,-5.1668568796901075,0.07610308801045815,0.5433825839120161,0.04528786826183298,0.15643388231903427,0.7934709228349386,226142
track_05066,Rock,125.62812308801445,0.5535282074275484,0.7020850989961955,-7.8107976379861785,0.047798892210133184,0.32144188453539296,0.22699132932433724,0.34837974491199314,0.40217666551093667,233732
track_05067,EDM,131.03359256208572,0.8113930417392546,0.9792549184082303,-0.4377945559597247,0.04747819511520231,0.09695526992956767,0.1456939190853127,0.1557805638604897,0.5459746497243949,251428
track_05068,Classical,77.82695964404473,0.16942978925124377,0.21028113933590703,-28.380454950005095,0.07226404148869005,0.8484129121133902,0.9097104453931097,0.4338602339488711,0.39402981083350386,556551
track_05069,Country,97.63043564358992,0.5136178033943349,0.4759718339954161,-9.693580093135928,0.040440833497438565,0.6546841151632816,0.18828404215211683,0.2353826126057159,0.7195466558200787,222252
track_05070,Rock,148.07876465886872,0.7347633059099817,0.9094390549818706,-8.227902025812899,0.14773382756479086,0.2209568570816997,0.20413820205138153,0.3731345320794963,0.46239863532570896,283026
track_05071,EDM,119.97303119875849,0.9044300281713011,0.8609216643491024,-3.1104514822730644,0.057864919829549485,0.15040624165734073,0.08206833196570897,0.10335723988371559,0.5705215054158748,235694
track_05072,Classical,83.79772209774363,0.288724812723707,0.24060440039696668,-23.94994785477256,0.03144637467383729,0.8108341911751821,0.9068653574430832,0.3722500779134041,0.27050478323312416,534489
track_05073,Pop,111.2576160212163,0.8318006659167897,0.8331468846570271,-4.6809981493119786,0.05522695279916653,0.3440946006680128,0.034815771727040444,0.1566502758958727,0.628707120563989,250817
track_05074,EDM,138.1148502876157,0.8836882358549413,0.9965665725937933,-4.3528434722676135,0.05549044791876398,0.10357626430405889,0.25512335780732087,0.10000937395832131,0.5546339549614451,285022
track_05075,Blues,88.43786919854719,0.7564709795537677,0.5713183508097162,-10.03044792124998,0.09284162312292231,0.47692600987337397,0.10176557025416973,0.10054446206493972,0.5246322743259485,293280
track_05076,Jazz,112.85584466006827,0.4681649722161809,0.5258479695384315,-16.382268842815662,0.06390805782903627,0.9403521258733283,0.7085316823725231,0.2921705478166222,0.4948770833602576,267730
track_05077,Rock,154.55618674131978,0.5212883517390948,0.8004459247593579,-8.120039094332055,0.11925100737663055,0.21082779528490106,0.18835615795610386,0.2468134894179457,0.6278633567889516,295548
track_05078,Rock,144.80288916935825,0.5869170440120837,0.8412277416730077,-7.926541215074922,0.10490031853848736,0.38472661659458574,0.0207814692051278,0.3151013082022994,0.4005025628377253,241938
track_05079,Rock,148.91095177330837,0.7612298400282951,0.8503305101144725,-6.219166687093892,0.08504443242737511,0.15484166743479363,0.014932130808123799,0.2864190844728756,0.7194919564181013,260209
track_05080,Classical,63.438637910666074,0.14281945213719524,0.3455168243057608,-23.3417331743872,0.06883877401805535,0.8433818823557107,0.9355865570517689,0.2307976440979154,0.3986001553177043,310714
track_05081,Blues,89.32480225090558,0.7798291690553624,0.5561843924747051,-7.154502706617476,0.08267284932040181,0.3934388379371099,0.0012332678215471128,0.2328937859082618,0.6851769634436796,267389
track_05082,EDM,123.79097401889857,0.8194766353004491,0.8901356095131252,-4.693797769335114,0.04049473865406371,0.04889823910135441,0.08898454022772187,0.22815247975776667,0.7788269088894295,270754
track_05083,Jazz,117.5609541553848,0.533599006062156,0.3798968735610312,-9.805813219447199,0.06184511127809669,0.8463483749964916,0.7437130615964238,0.27912930560305355,0.3825227235045771,406655
track_05084,Blues,92.3187942372699,0.6179135527202082,0.5755837898685019,-8.448268031658621,0.0452694993715744,0.3044220917658304,0.13822848432904125,0.22271581977981803,0.5025244688587198,234337
track_05085,Country,107.57545488832129,0.7178227019547055,0.40883591578528344,-6.252413194202864,0.0992676833928507,0.5760746969658668,0.03425380150572395,0.2755216181616311,0.5792919244551703,180156
track_05086,Pop,119.8487434622055,0.6815176168766274,0.7261416191240264,-7.5466335074885835,0.11362037742458463,0.40963992063010757,0.027605825999897738,0.19301419661231775,0.6873976315337513,235016
track_05087,Hip-Hop,76.43187255560736,0.8482100667045578,0.8086498702279797,-4.590497330891174,0.37935638217193035,0.11091716680152111,0.04483047060559077,0.10283038081906051,0.8519355141693123,163882
track_05088,Blues,85.83347422040376,0.7502059894435397,0.5515733894168211,-8.103494160058855,0.09556787029111338,0.3857107142256469,0.0691712401640403,0.1776646342301016,0.6149910834641235,206352
track_05089,Country,98.03364381882099,0.6872224024470304,0.5253859696675457,-7.381774608978484,0.08560195583290295,0.6500256625979133,0.15828166444301023,0.17092492038688648,0.5684040817342255,216736
track_05090,Jazz,111.85586523355938,0.630995234924667,0.37867580286722163,-9.490765438744912,0.09490889182720644,0.7951191442587495,0.958371253302992,0.2673945356791477,0.6641723005662481,330260
track_05091,Hip-Hop,89.20748546775606,0.72271984853314,0.6915737174010902,-5.197407982241792,0.43497433593592205,0.28317040368236895,0.03951185882141295,0.14779224789576503,0.6779738095635468,258782
track_05092,Hip-Hop,84.16203161221955,0.8558256788783851,0.8982441518240462,-4.69149652272773,0.4386680364577852,0.1781556334797116,0.09797991230898682,0.22495998203802647,0.5491738410363298,275682
track_05093,Blues,98.73543609292305,0.7060919079638897,0.7910150739264534,-8.768094422479557,0.040795530708514105,0.4880497418773996,0.18597643127688543,0.11917227071689462,0.5668902369600101,238493
track_05094,Rock,139.07924573887502,0.5000809296088681,0.9451817939398607,-6.206597015743929,0.08420958619958202,0.3487682511319211,0.15579608846262535,0.2785894745278424,0.7259269754089366,266502
track_05095,Metal,164.7407960094862,0.5332202425516464,0.874429951782894,-2.5412837034960396,0.0332617193549933,0.00734469152632391,0.05749357529628583,0.25473983544151424,0.46022624308263116,215680
track_05096,Jazz,137.6575707314554,0.6709778924956201,0.502568260201875,-13.404098717862091,0.055629961484296,0.8792001661747395,0.8235912757743208,0.44464657622685777,0.6406501145253789,261815
track_05097,Rock,141.57638553425497,0.6272413701813304,0.9990717449738408,-3.676472625023142,0.0349321736418177,0.3337056010585119,0.18025102339485113,0.1075425111333831,0.577884911165249,278186
track_05098,Jazz,77.33020319351319,0.6008800742172772,0.3578617349550845,-15.756467520471015,0.08810624656416735,0.9726425710059123,0.7816849627789203,0.24427495497962576,0.6926487206050059,335754
track_05099,Metal,166.36847648786048,0.5776529161983983,0.832069946228767,-4.120200059744933,0.07214709296015392,0.020317091428609203,0.18708946981574504,0.24903109231136197,0.43179988002071434,340130
track_05100,Pop,124.76657440162458,0.6577887255272412,0.6176699237780152,-4.57180050672611,0.11868903137011001,0.15567990997985165,0.039946630392651554,0.13530107933140173,0.889512235393971,186879
track_05101,Metal,170.62254121768558,0.45616744687309607,0.8627709801628597,-1.0363034715309327,0.060958482200578576,0.05903115663122265,0.16959062864032634,0.1300328303534907,0.4390722224457443,224567
track_05102,Reggae,86.28963275183868,0.7967316104725415,0.6149172777461379,-11.03323238837897,0.07401577120365571,0.6775972152579703,0.13312234724370228,0.22043190786662298,0.5927875930526032,251224
track_05103,Blues,89.94234307729808,0.715293893778604,0.5166625763548747,-10.770324716939722,0.08745003849396557,0.4010134751395815,0.14494443297434018,0.24983744765504462,0.6221955121506262,217625
track_05104,Blues,87.95189811185807,0.6021613288695569,0.6477540895760834,-11.499819769582707,0.0835883497865019,0.4523295763621803,0.13665796969643285,0.18163234028373176,0.6885008050649296,223188
track_05105,Country,96.51656251367481,0.6461807147516044,0.44324592999548007,-6.620928110016665,0.0312727594678599,0.5673421265257066,0.10435516759303227,0.10856958785223202,0.7068250673482064,263500
track_05106,Rock,143.5371884910421,0.7317430323878615,0.735197215221317,-6.814594737783407,0.10139771329611884,0.3578337205699156,0.29652898895034785,0.10516640780868117,0.5905356374733508,184676
track_05107,Country,98.31772004624938,0.748482419517371,0.48023104867137145,-9.888764751335044,0.0973557474362713,0.46711541264206563,0.11682417265249333,0.2941336314949975,0.5148351185958566,286706
track_05108,Reggae,91.49550478851053,0.7085664326084018,0.6064386965987638,-6.241205247852466,0.04959402868919613,0.47382803311477906,0.13070233370369275,0.26429963218309616,0.6948830903663711,224012
track_05109,Metal,144.43318814415866,0.34785908463931264,0.8169945364073163,-2.7910633462654237,0.0676706991279071,0.17155303797746868,0.11908256654191779,0.17084721482665136,0.4411242399913453,189257
track_05110,Blues,91.81600513307818,0.7426005005226071,0.6934523629278788,-5.266670886133117,0.08501253047191731,0.600248433672938,0.1639611091717643,0.19207567824795146,0.5791839594596948,247942
track_05111,Classical,64.19181148679621,0.17280611906884819,0.3447228023321742,-29.22713776361041,0.050867281853561305,0.984080923064089,0.9885003992833085,0.4412911812916197,0.20861953530841656,484146
track_05112,Metal,169.37623905749513,0.3858448900215403,0.935708383171132,-4.562877569722855,0.06333782507576771,0.19682817729268773,0.01319136819741722,0.23075119752595888,0.38477479607503384,212684
track_05113,Metal,161.40177792825332,0.42607813896375424,0.9314319486130684,-5.837833398300125,0.03378447879029634,0.11461735092630101,0.042055748148272266,0.2549567990425635,0.531709192381569,184907
track_05114,Reggae,99.89715202315988,0.6853326676839631,0.6445400598812885,-9.04377849538116,0.045787952804103166,0.3580023520660063,0.10350592959127523,0.20664179362755386,0.6403394500980388,298737
track_05115,Pop,118.2107214220452,0.7585574974858167,0.8413677168791619,-3.7520452517457956,0.06246849630137828,0.30325223750116503,0.02430393257945575,0.2688572841726018,0.5596352285775181,197217
track_05116,Jazz,129.85170633844308,0.4999351105910701,0.5546600817410379,-8.54059738301505,0.06612567180418127,0.5940446056675941,0.714612113354507,0.38556252139297487,0.5827008929232824,384057
track_05117,Reggae,85.79257503823199,0.7355830600606572,0.5920582944583906,-9.735093082563548,0.06401218237423134,0.6821334401743141,0.08743156930887426,0.1281344446118285,0.5019067420030772,222421
track_05118,Jazz,95.26564971508691,0.6373220144334678,0.3510709001608026,-14.185549147911217,0.04625778167532235,0.7998602829721495,0.9881583446023336,0.22376927221039078,0.4032453854150989,251243
track_05119,Blues,85.69616741502605,0.781996463677244,0.6993858344752878,-6.1883529972822915,0.06313045250993246,0.30086353629993595,0.03323371879870107,0.28543548345390124,0.5099372101245537,181894
track_05120,Reggae,96.51091103243822,0.6534594303505532,0.6264804410105467,-6.68123364593291,0.04969028297100625,0.5003004822800472,0.052356378827898724,0.18204765178845503,0.6126162784224986,205463
track_05121,Jazz,109.86230091857395,0.478447919711289,0.4970847551568405,-18.316015058807803,0.09461537491311905,0.7387420890007246,0.988917247101651,0.2577532215854825,0.3122497548957602,284730
track_05122,Country,103.44439742873281,0.617495272920911,0.5330459123232749,-9.44527056185975,0.08464766183496217,0.42509306188936,0.04014415620540679,0.13289898410385087,0.5204467462360954,289071
track_05123,Reggae,88.22711098962318,0.705884088393681,0.6435621969589513,-5.18493572030187,0.08534930894798246,0.3619914474842805,0.10184288778116046,0.25674738444923095,0.6573708096546789,228606
track_05124,Blues,90.68481055269672,0.7892788013468018,0.7609797336913733,-6.526255465003242,0.06423491302010245,0.6296729851093403,0.04369802664023268,0.217070361420547,0.7237768485592218,194297
track_05125,Reggae,94.05459843243254,0.7618219219644052,0.6877125875556656,-6.510973611014848,0.061942006847523434,0.3287215165396845,0.12097712164576409,0.15119524981790705,0.7332438039340532,241397
track_05126,Blues,85.68536962804427,0.685963066921641,0.6552716237743187,-11.134318115395356,0.0961270997668678,0.5818808438429168,0.016969857059591486,0.11589192281794419,0.5631985606342322,209743
track_05127,Reggae,83.25694766908919,0.7105372535374876,0.579384479612556,-6.195364953775834,0.05201468287415254,0.44394208275647606,0.01901479648104303,0.21759641664511536,0.7825916193110583,269133
track_05128,Jazz,120.94990804004844,0.40592115085110464,0.42673894031760246,-8.773772588841254,0.09850603858310882,0.5256395337819113,0.9357885661178489,0.31060222179685937,0.3614925989821301,267158
track_05129,Pop,118.83101506339497,0.6315759917689715,0.6806341108082454,-4.7353941546680565,0.11995933535172214,0.2862566868361508,0.040535744421011544,0.28317317849323137,0.5038513695325023,181311
track_05130,EDM,127.18073069918378,0.7272228905937815,0.8068240907431546,-2.9115915087219175,0.06836487385498284,0.10760233315933401,0.22264706458293504,0.17954445883296644,0.6537621431931383,263080
track_05131,Jazz,119.60527163504302,0.4483370307613943,0.5259766665198118,-10.134967491356239,0.08338005724792835,0.537497128648065,0.8530973838854451,0.45217419606851234,0.585336559418476,340079
track_05132,Rock,131.22156339928662,0.56183136045116,0.7860702002220772,-6.911046365201706,0.092790856917436,0.17564885946718606,0.11437120640370892,0.30611281124549944,0.6581525353810147,204146
track_05133,Hip-Hop,85.18449276920036,0.8208905965314927,0.8901741547697031,-7.15802334806628,0.4631020058605577,0.24152327458049364,0.03989036888272721,0.24726093840787247,0.8596651769659144,171329
track_05134,Pop,117.85626931497443,0.7762679443374698,0.6210020587191758,-3.3447972941754625,0.06362492446743123,0.18539951405891186,0.03520154750592674,0.2166128535089199,0.8611965744006478,216055
track_05135,Country,93.73563747314745,0.6913607163592127,0.5788156870646628,-5.897089780075202,0.05250145196469544,0.4628486323703634,0.05071613019082173,0.11674689195367541,0.6413112853794098,239290
track_05136,Metal,172.49101224557228,0.3595858007726215,0.810537592852662,-4.1435015916128,0.04774225102616145,0.08118381942364755,0.15979613056859615,0.10192931010588545,0.5024440384249521,205252
track_05137,Jazz,114.4551851781795,0.5883925369227926,0.38567518132851525,-9.2222439164313,0.052179818502281906,0.5323960038264762,0.9403986508842141,0.2529555771566321,0.5925974230684099,372431
track_05138,Reggae,77.52608358202113,0.6637039215054731,0.5817144715190585,-9.838693771335118,0.08525209171647405,0.40662155835437247,0.16014481938724162,0.11820339724195911,0.6785509733995377,286513
track_05139,Jazz,131.49975686695572,0.6052226368597524,0.3078354753522749,-6.204288143589215,0.08322099924526452,0.746286732365854,0.8389045983677783,0.47995494839011,0.5200032649795816,367804
track_05140,Classical,68.27980778906273,0.16672748889718128,0.3240199221516752,-10.867819450965406,0.025869617014622273,0.9058403898489171,0.9011164335035731,0.44755340924054965,0.3147562805468854,316387
track_05141,Pop,113.92720612382651,0.7971050986647388,0.7844267671285571,-6.026420848207384,0.06825163336160153,0.12356118172792821,0.04757822153831418,0.21641622763266866,0.7865646473437817,225313
track_05142,EDM,129.4987208713621,0.9293119397632928,0.963478092842419,-2.488729507945628,0.05009127612709817,0.0017581580819623578,0.00907492021107843,0.24924551899401579,0.7219075600598825,189894
track_05143,Country,120.73159363391594,0.7013174204150845,0.6107524200259961,-4.781928903114549,0.07260426893722413,0.5747444764173617,0.07515619567612082,0.11465561127097978,0.5166626416526012,255246
track_05144,Classical,58.478471864563225,0.19563311645056766,0.26224524423884765,-23.54003155178173,0.07020213009101546,0.9998910159198842,0.9312206108294544,0.4155954835171548,0.26844009768153937,301264
track_05145,Blues,85.96765369410498,0.6989034641348729,0.5476439085267262,-11.72656874944756,0.05274191212442761,0.48565830904617413,0.14878185583350292,0.15311156595192177,0.7055193637128218,277579
track_05146,Classical,73.66421232124924,0.215404971345928,0.16483410713574148,-12.819332270408403,0.055769726646304016,0.8464693939564725,0.9561843561956289,0.4025897785020547,0.47221098204383655,323984
track_05147,Jazz,102.72176402615253,0.5346611610227011,0.5661476501051308,-10.414967304149007,0.0633904768414614,0.8000822600184627,0.8932997039114653,0.3446826162233947,0.646152322408822,410128
track_05148,Country,113.6894573503223,0.730637223505249,0.5420019879006307,-6.808919342463516,0.0326770373256834,0.6700663936596514,0.052456562375089846,0.29568421485885354,0.5606319086124786,210880
track_05149,Jazz,125.55285762610254,0.5943586284831119,0.4390091084356975,-11.879879585643824,0.04451165704055055,0.9970503820551633,0.8136027485014009,0.2615697495940893,0.4920061103162535,323177
track_05150,Blues,80.51875041550112,0.7306834256522713,0.5339030762676912,-8.223670438311713,0.08579509645692139,0.38032382259289466,0.06964176607749699,0.14076008779841628,0.7660785663367506,227709
track_05151,Metal,158.04836256718255,0.4627936147838296,0.9747123609277174,-3.688921857872302,0.06165642711221387,0.049411703469283585,0.047624840791470203,0.20852970814074268,0.4839563841613209,242891
track_05152,Country,106.91542612197368,0.7333517107528431,0.4460157854614687,-5.59554116844488,0.06470946619929725,0.4420196148227019,0.1553311215180577,0.2808969072305535,0.5364519822389444,228071
track_05153,Metal,161.84024011752635,0.4230214268145008,0.9308131522558336,-1.8931514839668484,0.05708228614168582,0.060790860001635784,0.018030134081554273,0.15774016636197383,0.40939573321364015,346071
track_05154,Pop,107.70823435085434,0.8542562538125036,0.8302535276910326,-3.4970661815072797,0.09208616402299558,0.22749372203954354,0.017858482053178897,0.23050721285188427,0.784786840482492,180601
track_05155,Pop,116.9985963225853,0.8108682154277539,0.7945611546393925,-4.186568454243684,0.08558718463304296,0.2049690456924144,0.006029565258296361,0.10167451945137536,0.5006069288383482,203158
track_05156,Metal,153.57883495325973,0.4823862079894738,0.9148392290727028,-4.116712584649811,0.06992632235520949,0.04403595092343058,0.14761615622820456,0.17255938332207937,0.5123273672254055,332649
track_05157,Pop,133.40632142286702,0.8912066448651148,0.7849230383666892,-5.259427283935501,0.1036738105309048,0.4988232909163365,0.04443671780574092,0.11781925639501592,0.7299311801504347,204273
track_05158,Country,104.03707971552927,0.57756175971008,0.6303438888869461,-8.834399298320218,0.05294301699020225,0.6298455970265762,0.09545398412942518,0.1272190464090434,0.7682791508339094,194393
track_05159,Reggae,94.38975733689301,0.7243543827920949,0.6478362116946895,-11.752881070873237,0.08089435326248023,0.6990104109131994,0.16168611066125455,0.22689323727087835,0.6407433506151405,265915
track_05160,Rock,143.40719845181297,0.5216844544383344,0.758137888857652,-6.230416534771479,0.11036361547171047,0.37557514622762,0.22178854022035363,0.10944925132765401,0.587483807445927,213786
track_05161,Pop,125.81887636326562,0.7861746642056149,0.6930970684569979,-6.435978943867003,0.11029305470224099,0.10477400361720855,0.03579528559765815,0.18345077312717578,0.7870767089047299,204453
track_05162,Pop,104.42859095234702,0.8772194447007641,0.654074766080924,-7.423813444150778,0.05517682240225702,0.2373629761348226,0.017428673038118847,0.2052299280361417,0.7931786703129475,250763
track_05163,Jazz,89.18643766637601,0.6088997301695278,0.4504386992117814,-11.32570058321462,0.05260932527703157,0.9632745302932174,0.7331713152517845,0.40708076897766454,0.6543584442338071,395790
track_05164,Metal,162.59257710655677,0.5818247527526736,0.8590202455716636,-2.2513775829245177,0.07207196895680074,0.024527512225742766,0.013606352206317385,0.219670155635117,0.4860283576684581,236898
track_05165,Hip-Hop,82.27271643332521,0.754610942848216,0.7010007219185308,-6.843933413102876,0.3387331819731566,0.10918917221508904,0.014679418548352774,0.2004657563070834,0.5141648904763649,232563
track_05166,EDM,133.58245601472933,0.9002785338789994,0.9894053314703655,-1.287568964389045,0.05976668188382957,0.04333949295207251,0.10634033111211623,0.12500841805422377,0.7129716678806861,286135
track_05167,Classical,68.18059389232084,0.26419607598333816,0.20635304826733875,-22.390244842259065,0.0380603159122009,0.864098210946379,0.9403504400376,0.4698209851489693,0.20975045225340216,355410
track_05168,Pop,100.48444500718871,0.866304871506985,0.7042400224036159,-4.745431954149037,0.09100002057938117,0.2354525982027249,0.006870892342219765,0.143923444292886,0.5229780536397416,257237
track_05169,Classical,81.7082127856986,0.15819169028132657,0.26130321727247274,-23.267684830843752,0.07360855391085175,0.8310236685481828,0.9175492696056482,0.23336742985485653,0.503119461284246,402352
track_05170,Country,93.73121081328487,0.614358700377458,0.4643065894742079,-7.465105775126552,0.06478306792588731,0.6234575415975725,0.027966366400659394,0.21432278357199416,0.6986579370884161,225826
track_05171,Hip-Hop,79.14294594118256,0.7894705401083476,0.8556395024061596,-6.788420714823758,0.5384803265083213,0.061117615289916556,0.07001187569602933,0.1575264476916624,0.8709511293408968,291543
track_05172,EDM,137.07456428134907,0.9232907852782257,0.9820677731859611,-3.636716212754524,0.04433489086206753,0.17038484833143203,0.1472473590710041,0.15760573886224544,0.8848703696366415,298488
track_05173,Metal,173.85691752685617,0.5081069792463665,0.9327906639963213,-2.971522373812709,0.036498273524268376,0.07811523340586553,0.18023519172928393,0.29193398176745167,0.4298037499917958,255145
track_05174,Rock,134.93732239327142,0.5386131223276059,0.9935775940727667,-8.680382368590784,0.07205396021943598,0.3120631786941619,0.04213467846631308,0.15115186149932608,0.7506300576405261,241086
track_05175,EDM,123.87342683307044,0.8241603120662285,0.946645261660644,-1.7154661520224774,0.0690374418320468,0.18280044524103675,0.12520169819933966,0.2625960045049267,0.5737884955403902,233957
track_05176,EDM,124.38677356674827,0.8752308585697637,0.8433417190191419,-2.7440436722620083,0.04288182566663176,0.04652764248659318,0.046334809855564395,0.22236982673317557,0.5224755792990492,210586
track_05177,Rock,132.1841717912421,0.7148374462423139,0.7891916385082512,-4.724454539539867,0.13259188372922875,0.2002988361351551,0.0006560388398745509,0.19150524137179153,0.4823425513289546,279950
track_05178,Reggae,93.96944792334564,0.7169362221510305,0.6128559649796329,-10.334498631065026,0.09985472792745487,0.30555328861277997,0.012939838135685711,0.21660878684895676,0.7129537442044518,247982
track_05179,Metal,173.42712643385246,0.5076462283796552,0.9856063162003573,-5.881178791271962,0.0403672416977995,0.14040655848364028,0.11704475720574317,0.23893204998426834,0.472643917364738,298385
track_05180,Jazz,114.37861726591191,0.4580666644854263,0.32837558743646494,-15.975814867243542,0.0582835962237426,0.6670817267543473,0.9508522019339453,0.4296436258768106,0.4984442158707926,292799
track_05181,Classical,65.01067537217693,0.21535898870512404,0.21610921116359738,-23.01983488881431,0.07222481622393338,0.9946949504087177,0.9386667119429709,0.3921330118226479,0.42256549978980384,374307
track_05182,Pop,120.19147300723799,0.7907157407130917,0.6901652141910137,-6.268516347015863,0.06901003764219724,0.4206102847623311,0.03229672502176091,0.2441929627493956,0.6575464095377972,259814
track_05183,EDM,128.21723518475673,0.8112273524271673,0.8183479401668401,-1.6866336704493983,0.06247983053252117,0.07123167636521736,0.22776400134024652,0.2171704979871518,0.6091994327602435,236707
track_05184,Country,86.81841657123545,0.7454137707988273,0.40331742364717216,-6.976012282732776,0.0768557688243463,0.6420162265202084,0.14923816572445733,0.11488552855948378,0.6385611335165579,241111
track_05185,Rock,169.460808266109,0.5747802621249076,0.7572771445885222,-4.865267835347489,0.07471937950080156,0.3173130818102462,0.2323324224970734,0.3709871948186134,0.5709753088944515,248887
track_05186,Classical,90.48506010317425,0.26082156154769937,0.37299702903303744,-22.68413529806182,0.07175586301735026,0.9455337458240225,0.9537755848762512,0.48638922805972545,0.5790963731433376,391390
track_05187,Hip-Hop,88.7873068923049,0.7300583111140931,0.6305046008480634,-7.668602937574196,0.54305956964256,0.08118340319921848,0.060417609681393085,0.12889659766846465,0.6769702668699429,267672
track_05188,Rock,130.18971739859398,0.7070401755118708,0.9267855708834014,-9.154691336494057,0.04868946818977066,0.31736608535230715,0.016371165015957898,0.20256859560063978,0.7672334381807343,244540
track_05189,Hip-Hop,89.50692642476724,0.7306822390046462,0.665753874078563,-5.420589814582983,0.3547828249425336,0.07719747165493401,0.06999279200172615,0.15596821731614824,0.7548784458703905,246150
track_05190,Metal,145.7694046477804,0.5933489593139838,0.8143488030891457,-5.529372036548429,0.05243569975467028,0.11834948629469728,0.007605836589061599,0.1316779592033595,0.5110006388176306,273237
track_05191,EDM,114.22031790010371,0.8575461574918847,0.8176616085875491,-2.0892993016917942,0.03895632013382605,0.02334085913295523,0.24462429123700494,0.17636335761454996,0.7011257326501268,281956
track_05192,Country,79.69821784847122,0.5077265064551197,0.5327175466319061,-5.498434887094177,0.08308316580386976,0.6766137324732432,0.16808069858290617,0.29646667146529543,0.6714885552588312,190655
track_05193,Pop,108.67380751447422,0.7998244867279167,0.6402642183257456,-3.5559889723500735,0.05769504115831158,0.49332696780342145,0.043732156433998415,0.26793130131404674,0.6628869341735559,181281
track_05194,Hip-Hop,81.2958999679916,0.7792338986999502,0.8701745085137194,-7.977141185038122,0.5241580330916694,0.10824928649154675,0.019022380090795613,0.1872212386107196,0.5792139668205403,204940
track_05195,Classical,72.23218732068436,0.156512337662002,0.3446183396460645,-24.483237281148668,0.024379019167639154,0.9624605093685906,0.945007638791624,0.31722468239310475,0.37195318939194294,317259
track_05196,Reggae,89.48764579527422,0.6805288914780221,0.7172002775310156,-7.485796813785475,0.07906278194589914,0.6552484650696795,0.19147058996981992,0.2361182879320037,0.5254771935998703,207819
track_05197,Metal,155.8277119108689,0.5737061312581224,0.9116125110353531,-4.417954453348892,0.04467911651179454,0.1319316171119577,0.11686578212041476,0.137568515444568,0.4229757350792305,325620
track_05198,Reggae,90.2879022455329,0.7110593725705963,0.5287598755417986,-8.539774449287691,0.0811880021117694,0.37562077161146923,0.022252317863817896,0.27266725035585526,0.5344629677113222,269510
track_05199,Metal,160.90332261171162,0.5914367024427196,0.9766829091133232,-3.1841189008745014,0.05788899374153178,0.05555426023321286,0.1840396835077064,0.27918570901410755,0.5226170767504262,237626
track_05200,Jazz,151.15981781047586,0.46413752891938226,0.38054211270760135,-7.487834670900206,0.07887673262918518,0.5877901090671604,0.8374774078478792,0.4924700919478596,0.5929003126002386,328499
track_05201,Classical,70.57229048422512,0.2075191565861802,0.1870519758817989,-26.90903928436866,0.06681652582750429,0.8941385521760439,0.9256008690659795,0.38983432410575525,0.2837836920244945,329179
track_05202,Reggae,100.14885214563444,0.7174330937716664,0.5588527435653017,-6.812648853319784,0.04043988068775786,0.3356565974798239,0.0572228843861764,0.10303747415498377,0.7050059625603885,289722
track_05203,Country,95.20693071463705,0.5623862551304049,0.4940254861265836,-7.292078306260733,0.06676673641085556,0.6175990748154812,0.18018303890590992,0.19295871641850376,0.7238985306478216,187153
track_05204,EDM,126.90870056795082,0.8054970702692552,0.9786065282196987,-3.4001489470995523,0.04809214797843855,0.13505413515725453,0.2656516589070447,0.2548234138402632,0.5621843614400932,190749
track_05205,Rock,135.47354521235258,0.5400032418377672,0.7643450942840493,-9.942816980735506,0.03566759962906606,0.30956508304168995,0.18579712572177964,0.38362667434585607,0.560702849767223,292781
track_05206,Pop,112.69572604795798,0.6891990335309546,0.6391112457071443,-7.143812854155623,0.0742083771262525,0.11015763215207267,0.003232821712523726,0.2428559791255927,0.7504930695610721,188190
track_05207,EDM,137.6632373613332,0.8315448358133375,0.8412177143223629,-3.9119621654135504,0.04621210769381027,0.0027834840233389893,0.26678905412750875,0.15365324133580313,0.5206152250119626,255777
track_05208,EDM,130.53726647968153,0.9160543330304285,0.8010200610717427,-1.9799861959113536,0.06971029357460212,0.15784089948889685,0.10329477658686716,0.13122012585364812,0.6713118216580383,240414
track_05209,Metal,169.80732111991787,0.4744757122775536,0.8927128870483938,-5.4178015087388935,0.03407438331420683,0.1407246369812284,0.02492089690673587,0.1871620510006063,0.520837821955471,265884
track_05210,Country,90.80886408797483,0.5012208826066885,0.5504676787417474,-4.63273566885312,0.07508938202302261,0.4054462993642492,0.07575329846077883,0.1494082144344544,0.7011327560872177,182700
track_05211,Metal,169.4279049104785,0.3704320213155319,0.8078688270014501,-2.1935685623313796,0.06130841943451765,0.08801811152346345,0.1690515380886932,0.26483514124266083,0.3973602659370714,275493
track_05212,Blues,88.87904442389025,0.7904976566808797,0.7785733557237002,-9.88051389643935,0.08167967077979096,0.5659160299535932,0.040052210263305965,0.15301361848286157,0.5932261991850798,235282
track_05213,Hip-Hop,78.82838396852927,0.7435783263439953,0.608804122909214,-7.817896268620697,0.4075893621938646,0.04399570158572217,0.09190916453659043,0.1398828345445603,0.5263846350618346,244900
track_05214,Pop,115.41075180895417,0.6861498156080454,0.6708786319060762,-4.19483338456234,0.08554522487514284,0.41725711961990275,0.04387036526159678,0.22233394139157858,0.6628819953301153,246453
track_05215,Hip-Hop,90.55356945547383,0.7663555620992882,0.7697276239106752,-6.72951045542104,0.5095071535382911,0.17606730170528653,0.055599975637574975,0.2278215964505929,0.6501611658540738,239924
track_05216,Rock,142.10155746804023,0.7298003602171228,0.7379834265657583,-6.109572746436649,0.12527030242771103,0.3218614298627096,0.28077153565992063,0.10018892511741184,0.5415206139699184,247338
track_05217,Blues,85.48226550998706,0.6106810237301746,0.5067233380557948,-7.485059620178249,0.0699154871234666,0.6578382499947106,0.060154241821976734,0.2575027077684275,0.5309462101711891,201000
track_05218,Classical,62.33739696026397,0.2561224593537528,0.3154179214552133,-11.962231436973795,0.025433799618986893,0.994088793364446,0.9028837934355148,0.30131103250966157,0.23393060568967391,423423
track_05219,Rock,159.6216777849341,0.6753502134360891,0.7497756707106286,-9.463267425580593,0.13892924247984784,0.26248040185478466,0.09692522500031486,0.33152358783243274,0.7686617119409407,227090
track_05220,Rock,153.75061630500448,0.6479895660988358,0.8954286315127089,-9.127533701414665,0.12943280426896248,0.3510815966431988,0.1623139841889218,0.1562680252452647,0.6003054295085064,234833
track_05221,Jazz,107.63581116785497,0.5295898273090154,0.4595266787969667,-14.262009215892261,0.0489817621363291,0.6449102224303882,0.8898295104120129,0.4180470976020189,0.5458544456891485,393503
track_05222,Pop,120.30201355917836,0.6676018601263669,0.722763229098613,-3.818853118135374,0.07280611372779973,0.3948123058204399,0.03925959651001764,0.2867930446345145,0.6604701549102432,243155
track_05223,Metal,162.24330264880132,0.5706389912598346,0.856791012737093,-5.016421322561433,0.05384789764472522,0.033154902417384925,0.15160626010886594,0.10732252009876442,0.3674177230909388,318859
track_05224,Country,100.03611697075284,0.5998414423814755,0.48046792459259685,-6.895305171301112,0.06398406885504102,0.5046432693613631,0.12977130741637524,0.23226324959277136,0.5231414551993003,253565
track_05225,Hip-Hop,90.6075942362519,0.7560277511029392,0.6318768874741659,-5.049868627008015,0.5196464645795,0.18549670144205418,0.0418165665439075,0.10807961116003331,0.6202373156256712,154000
track_05226,Rock,140.24739276608085,0.6504858647797908,0.7453414975418626,-7.406382304786897,0.06617227657566321,0.17147488097759828,0.14516661273180828,0.3516031659706197,0.496904838611691,184864
track_05227,Hip-Hop,78.54525606117676,0.7870958714621549,0.8652026443926298,-4.140075693819096,0.3029532744720071,0.2900287408598073,0.07839074946030712,0.2995071966163379,0.8051466816866335,244984
track_05228,Hip-Hop,84.6358498900776,0.7497988084319583,0.7674870984775858,-2.5260279335851115,0.38880078686443065,0.024419200073713565,0.05525919699850018,0.13446611463624109,0.7913378793029024,153597
track_05229,Classical,67.57305959702485,0.2650140899993896,0.37223002147012185,-13.22264874772906,0.05763557214869623,0.9852760110177388,0.9961467003187726,0.4446090937365504,0.41884585409020736,508950
track_05230,Pop,117.64014990831319,0.7039774271140427,0.6869768603872659,-7.003908821151861,0.09360614044283583,0.3645912611217831,0.04298198090771107,0.23890214910329946,0.8119748568638168,229662
track_05231,Pop,104.63055517158814,0.8897654324065107,0.7596977156160987,-5.06431738552934,0.1093051698959339,0.26838241954777176,0.004812624790134584,0.14802051480184017,0.82323667639256,192263
track_05232,Reggae,96.4071261253855,0.7932281466084552,0.6119719871945368,-9.867275973011974,0.06444175166129243,0.5091333573309202,0.14831104062351905,0.27622037501926333,0.6389539626137003,285986
track_05233,EDM,133.8102543047534,0.892806487097513,0.9660970784522506,-0.2744905947605494,0.0360252445565032,0.06815616306814616,0.2957961942418782,0.218907251011414,0.7680519746009471,184366
track_05234,Pop,109.04629392553095,0.7363015868314596,0.6994489596844345,-4.405840512197353,0.05381524529664863,0.28856413565037675,0.01310908451948007,0.1169236770469518,0.6859548632011863,233658
track_05235,Hip-Hop,79.93013350619297,0.887752239357138,0.6059342705106474,-5.685213061588028,0.43436508487702763,0.16503467874109704,0.0969999493313116,0.24812041246988503,0.5889717046868643,206725
track_05236,Metal,140.63759854350394,0.47721620538324794,0.9955534370906697,-5.370627138711741,0.07932372031513776,0.0933347867775784,0.043726557555427537,0.28865616520115145,0.4405839930433778,209723
track_05237,Hip-Hop,81.52001752551011,0.9448048775568048,0.6911920319714323,-2.133164457442369,0.39906449598362614,0.06942553967656857,0.01833641829018473,0.18237090105479942,0.5947225794140109,260129
track_05238,Metal,151.41895307603642,0.46775113381906636,0.9027964336186816,-4.796487551721693,0.04044048061726247,0.054153166499057215,0.02594640193899398,0.20628448034276425,0.5636807920954388,316940
track_05239,Reggae,86.54653715391305,0.6668924668752388,0.5482353008773552,-9.206633178908982,0.04519090793496916,0.4284137763956446,0.07469587618957141,0.15109582648482642,0.5304074357404964,192022
track_05240,Metal,169.5652082656855,0.5595243509266412,0.8671289491600941,-4.815992142899306,0.04425191088452517,0.17237743626084737,0.10556151792155953,0.12615807025415496,0.5127664947166387,227347
track_05241,Pop,125.08527395998824,0.662253316122495,0.8484631158504587,-5.718469109961152,0.06808120683345585,0.456997568939838,0.0038252008777133863,0.2284638442489783,0.5246756834819499,214512
track_05242,Classical,69.80167043815773,0.22794388336047397,0.21939118272542282,-21.51193910508848,0.02990819428431972,0.8720016226854457,0.990379897423371,0.4416124871279032,0.46459285263162586,337542
track_05243,Metal,159.52392888843983,0.4501870962304183,0.9668004202052678,-2.245703932730145,0.0698548448249943,0.17358018991147495,0.09521418409854515,0.2560504707034343,0.3204099283216317,297592
track_05244,Hip-Hop,82.95554182003315,0.9130262069965389,0.6478697797253319,-5.17260019667087,0.3892825329689809,0.2886996713264882,0.008467353377595244,0.1490697955228899,0.6798226965984704,256062
track_05245,Country,98.39811860886287,0.6443421650319862,0.4056267728312465,-6.401193867914795,0.052324203145066854,0.6496619244412004,0.12000130154573677,0.24161824014243438,0.5343275543713836,281975
track_05246,Pop,113.11859716456688,0.7644851088449425,0.7207187947512645,-6.388744802815273,0.08618082479514089,0.4530216575654584,0.04280493167593083,0.21981820942499816,0.7119828175549292,235305
track_05247,Country,113.6882272886264,0.7379886081567227,0.5871558923830037,-7.6669774458836715,0.08388986914831116,0.5515671950287663,0.07352405597813232,0.13581793851059493,0.7388389953011172,288312
track_05248,Blues,88.02422381108204,0.7927607482622127,0.7405728801046161,-9.05988716600406,0.08445100245204744,0.48135659714082835,0.01597314568285293,0.20333621031164373,0.7597185858602449,193248
track_05249,Blues,92.75960638305784,0.7288252860458204,0.7680588967608134,-11.956294425363392,0.06406938719443575,0.6603832266258852,0.13507658654612806,0.193773230344226,0.6243646455985129,261083
track_05250,Hip-Hop,82.51818526442129,0.8134048138406036,0.7331801981009061,-2.774909267376808,0.41803687850903415,0.25208753522031646,0.08377344256249371,0.25417963986830217,0.5150569599453785,248907
track_05251,Blues,83.61393364019494,0.720462806333988,0.5360930451189517,-7.5884502584258335,0.08480415039526709,0.6494435645630754,0.11648957725763814,0.16639089061216078,0.7555030217855707,204158
track_05252,EDM,127.03789393535953,0.8072065985913157,0.864759785417526,-3.187949123955736,0.06537202330122693,0.06613787725766654,0.2008038664379131,0.1939685364249169,0.876668475490739,182935
track_05253,Reggae,91.32616905867225,0.6131232776912142,0.7835934983258677,-11.478961755137439,0.09367997207485354,0.4042832892403447,0.1973493523800831,0.2042655652873417,0.5054923046126649,245384
track_05254,Pop,112.14976867798349,0.6048975593004302,0.8038648823269937,-6.338459940269281,0.10071232350983005,0.1259547181524527,0.026191262624904565,0.28175839441414746,0.659299214201475,206333
track_05255,Country,95.94665313384756,0.7437677778746627,0.4743468349983723,-7.114054025543201,0.06205958922594169,0.41860288580995225,0.10636788396348958,0.23452819593770738,0.7226406989873656,217597
track_05256,Hip-Hop,87.78626105202267,0.7508956440027527,0.8007278384687695,-2.4082015815090703,0.4376129226422347,0.09161889808457013,0.012326720456349582,0.23411834495086573,0.7336711064888809,214547
track_05257,EDM,135.56516018885395,0.7693087330404367,0.8802723917305312,-1.9659845550818962,0.033865159256734445,0.1666108162390514,0.10303488725666281,0.23175059680696788,0.8982259607427263,268673
track_05258,Hip-Hop,88.289203995235,0.7987668488454975,0.6820518207917363,-7.713094470186105,0.4685157375792018,0.1886271051170632,0.07911472258919906,0.18293210225358014,0.5565321931515236,171816
track_05259,EDM,125.28874424454968,0.8625741158995124,0.9047624723211531,-1.4381574455591433,0.03125350606632025,0.16209155495888536,0.2962447592848385,0.10933289729570435,0.6981661893768242,246733
track_05260,Blues,84.96195990791622,0.6718762926405659,0.5658451793930078,-9.902432647001083,0.07407911712222259,0.6456130183833684,0.07417387178335613,0.16413435544882607,0.734536963593472,293758
track_05261,Blues,88.78868753826725,0.7865814679870928,0.6690072666616623,-5.314295701459194,0.09170732925815903,0.31209139081910386,0.04945705022595984,0.1630722473001454,0.6469465428129717,193353
track_05262,Metal,158.5509592723758,0.3190907225327978,0.8111112564612507,-1.7064267649008862,0.06387096084142727,0.15283693650345076,0.18576092398604044,0.2501088806611276,0.5076903805243688,302241
track_05263,Jazz,110.50433663615745,0.5511839521424633,0.4751462643068124,-15.124398825846697,0.06139474805453804,0.5067596846872061,0.7006358543673431,0.4721547361106063,0.30560549025070555,413372
track_05264,Hip-Hop,79.38789806652272,0.9008868944004835,0.8481632927285101,-2.8537570232635554,0.4766699522298062,0.20984123105172772,0.026185906083657586,0.11993958860327861,0.7131122096720338,247962
track_05265,Metal,146.78011555769766,0.5187100994030095,0.8617829216581336,-2.698879650215872,0.05569915825323547,0.11844289214086037,0.08262968124934185,0.18901381090746472,0.5604562985174921,299780
track_05266,Pop,118.61402628969016,0.8381666470764333,0.6987561461733345,-4.497339289830851,0.06630266388456986,0.4668076003178552,0.0483638166717019,0.280264874303329,0.6385669453465798,183458
track_05267,Metal,152.97126221335532,0.32504410147249096,0.935564628523466,-4.41552349982838,0.05682975935599584,0.15362845638367614,0.1672070134759378,0.1650728688147171,0.3711740811223241,290106
track_05268,Rock,130.90622435252394,0.5171976030944381,0.7254160556688862,-4.246555089590386,0.12806635193101412,0.1607469077776201,0.011465502910614123,0.1188946594336662,0.5813556965291977,273173
track_05269,Blues,84.13682660533624,0.7153112330323594,0.7503401334747797,-11.150523567750438,0.042484498459156694,0.32251739743273744,0.04609774394009119,0.10146040025470487,0.6286018308203863,291953
track_05270,Rock,135.96875598074868,0.6255518497015347,0.7008956357167173,-9.71411643867641,0.041836322607938375,0.3429149379800728,0.1640597414847743,0.15729422750623268,0.505786508858643,299690
track_05271,Hip-Hop,79.97877226521702,0.9407862111520547,0.8109855569302091,-3.4620686754653143,0.5037805327402224,0.029267870977070187,0.0465299819455075,0.23028304858247708,0.5917423492339837,275204
track_05272,Country,103.8722337112535,0.7049713688096696,0.48247899382548853,-8.802380198405453,0.09182119845544223,0.40155834782937017,0.05114940968198574,0.18134607962918323,0.7016779156360694,281777
track_05273,Country,99.15817398129263,0.6288996792710838,0.6520324037124126,-6.462051324604436,0.05459980288318209,0.6197773319585774,0.027665430784217085,0.23325502888143448,0.7323871333659738,276114
track_05274,Pop,124.42584153509148,0.7318604058852032,0.6573849075298791,-3.4719238692641747,0.09211807167261771,0.2388694487333091,0.04980656195269703,0.1275132406551387,0.8391806050334778,195449
track_05275,Metal,157.04172774590018,0.4269995517923131,0.8513503964103208,-4.9204916722279926,0.03218575272219552,0.1473799506732882,0.018151840403280838,0.20626484553499652,0.3149386441690057,271417
track_05276,Country,106.18423163322434,0.6773614429823615,0.5891153897389904,-8.881639471132745,0.06696378434461828,0.5510674238279045,0.0717297369592453,0.13122238909634393,0.6101392804938627,196025
track_05277,EDM,133.4447598293089,0.7393756452426647,0.9096724677751583,-4.819570254125625,0.03599510297827464,0.034249360699016095,0.1897917352513208,0.21345892814680867,0.8192147827777767,237758
track_05278,EDM,115.51530239774888,0.8575808403545175,0.8477732824706377,-2.117738472569681,0.04922752171863703,0.07631113890542218,0.19249177915228546,0.2715423923298864,0.6349906017583351,256774
track_05279,Pop,107.21474538804847,0.8006442220980933,0.7727234274550984,-7.98681457648307,0.07223206013780453,0.13491527249697272,0.03406971162057451,0.142421733961487,0.6058637260917287,245239
track_05280,Reggae,92.2903326033661,0.6967613330543997,0.5099098428477146,-6.080854509874926,0.0415819624009768,0.32465587767271364,0.12808132664349745,0.2833867046050874,0.7676363403932591,233034
track_05281,Blues,92.25529116166342,0.6264632493654246,0.7156116258993208,-6.519736445439164,0.09943239432055251,0.681686797500595,0.14276140224131836,0.15550600087508043,0.5131154375445075,200181
track_05282,Metal,148.66571255730568,0.4305386172964731,0.9294542804518696,-1.2433180240988255,0.0731515752832919,0.12790448909583366,0.0923076177891806,0.18479842018236542,0.536139873288162,265912
track_05283,Hip-Hop,77.87067210779321,0.8294344321812569,0.7757796567397289,-4.775449319373494,0.5455894692845638,0.25035389627548926,0.01316653076531118,0.21923276883157988,0.8935596850562223,275918
track_05284,Classical,55.21657210858314,0.23763282002320799,0.3584108944948483,-12.667962314296702,0.021031445608304555,0.8478864932274357,0.9862878211833634,0.4001302013159823,0.4526823154545988,343526
track_05285,Classical,76.10967435958851,0.10947056433519185,0.33449646022976026,-25.987813938349866,0.02156052558865351,0.898377974049627,0.9942360124795132,0.4659359533503273,0.5928228921733711,313427
track_05286,Classical,77.45142932108162,0.1111692559311527,0.3410358403139869,-19.52471735907922,0.07977716471345013,0.8479988913976894,0.9784648237702661,0.2512867076408625,0.3148728295315564,432414
track_05287,Country,100.62499865682487,0.7100891255563405,0.5516227085630729,-6.670852852334675,0.07640223165285112,0.6185657105951016,0.0896711483073262,0.17126298566667314,0.5718259767390045,181734
track_05288,Reggae,91.01771585964559,0.6266453746128647,0.626739455200944,-10.502465731482086,0.052979077090503354,0.6477592008623538,0.06476620457471219,0.1833594537191921,0.7052452503191154,208944
track_05289,Reggae,83.92257783902663,0.6453648541294317,0.6421786667043586,-10.484999128887093,0.05497136151051024,0.6492336732008746,0.1558120637133099,0.11106259658778384,0.596053019017359,230531
track_05290,Metal,154.67260610274832,0.3371823975308432,0.9787615726637412,-2.2757167076898686,0.04554952651157173,0.0609753523250332,0.06443363775898366,0.27226679155482336,0.37206938219503227,286080
track_05291,Metal,161.71844570984277,0.4733615288022709,0.8518512573225111,-2.665723397587633,0.0753079044188851,0.01383311951288675,0.08861404627758405,0.12987214259112054,0.5431849443000918,281086
track_05292,Reggae,91.88155829199725,0.7798656998271485,0.7301133477608117,-11.435047936885695,0.09583548563742486,0.4868030646073991,0.02979266368771454,0.25424232504574307,0.6552839432023538,198525
track_05293,Pop,129.95645205078404,0.8694831825141589,0.7417193396120203,-7.211242213629391,0.05554334707739296,0.2976518478313064,0.038269011740850734,0.22403221047079125,0.7331126334872006,200449
track_05294,Metal,158.95952992002927,0.4234636165292463,0.9100767738274785,-3.008542206589419,0.030240403109353043,0.039910995294132424,0.18995720218775217,0.20172876765576137,0.5110926605853414,266872
track_05295,Pop,117.70996081757919,0.6144878586932784,0.6912022453245155,-4.738989040973318,0.11880908760523663,0.21030880736818225,0.03820919048925548,0.23207380903782818,0.7453873084635109,242928
track_05296,Rock,138.43843674750246,0.5838311022235281,0.9591123037159841,-8.037892155921107,0.1086720723858307,0.15711791080681736,0.18875241458556372,0.3522571568072066,0.615977640133966,185483
track_05297,EDM,129.00135107636382,0.8683106968770391,0.8114598660448169,-2.3607792465894417,0.03486008064213314,0.13210132962121324,0.08988807124333338,0.24770089845533388,0.8112608411167497,287099
track_05298,Blues,91.65060673939593,0.6672992199305694,0.6439595390484365,-9.242724399826736,0.07126013343417503,0.378432553293536,0.03680969240351628,0.17034249552877584,0.6421145424732416,279961
track_05299,Metal,166.55456069191203,0.36963362658881166,0.9811172304493607,-3.1006181761398137,0.07514556525895051,0.0261742278745831,0.09278575732827753,0.15929181799590736,0.5660765531556728,207408
track_05300,Reggae,88.20643196522181,0.7746405431456311,0.7128775391600483,-11.285686711943438,0.04017927216548053,0.37676052896422063,0.03770637912104316,0.13650349932799058,0.6529316956189191,196748
track_05301,EDM,127.14604349649738,0.7304976647583021,0.8144438828022649,-3.482823838144652,0.06108879705259819,0.1536689078520838,0.1824110643955965,0.26524793011337633,0.700329332501715,204789
track_05302,EDM,124.28463934200086,0.706892320830321,0.9716248317409245,-3.1169648827564247,0.03542462169076756,0.15111770442771488,0.14594247643554603,0.10640107633744762,0.8127485878996161,220305
track_05303,Jazz,125.93298241305392,0.6365010844660111,0.4056859186027576,-5.645473847813157,0.05875649675137422,0.8689892900000495,0.8511430795977817,0.3850656077993688,0.34626694029361743,329678
track_05304,Reggae,98.2558964334838,0.7127070008435689,0.7156779584162334,-9.986074124693591,0.08993705298272538,0.6781101947424027,0.1764039878995799,0.1782704650034868,0.7286616138273375,216180
track_05305,Blues,85.268533332585,0.7339733558685209,0.583743322988738,-10.381160527872947,0.047449910903091835,0.3187297540204686,0.19357194228591257,0.18278094322045163,0.7332846506878331,243743
track_05306,Reggae,91.76413440901416,0.6766554582178897,0.6268323969912125,-10.081804305641564,0.051067283709933034,0.41567487957798777,0.042527616188920404,0.18649382332503844,0.5699940617331509,242428
track_05307,Metal,172.48347265348946,0.579373853291312,0.8646265019399069,-4.339940450285386,0.07231466531658802,0.19571511054755933,0.006027755746190678,0.22706338415279417,0.37309189511585367,239835
track_05308,Hip-Hop,91.29329109211584,0.899475341965492,0.83835934423397,-4.372578107216893,0.46769326459936345,0.054302852129276234,0.047318307989981025,0.15487156577802347,0.7919005133082729,193514
track_05309,Rock,142.24811530102562,0.6605892101401283,0.9022552277440645,-8.885317195464701,0.030789458064661226,0.3902744820647235,0.2432664575931256,0.22000792284675247,0.5828591139785196,260439
track_05310,Pop,112.12053816934282,0.8345673260263733,0.6758533734880922,-7.3108948686000135,0.08653278389051478,0.3281548875250936,0.02424049097209348,0.23055685565837872,0.7856876524318788,256603
track_05311,Hip-Hop,82.2301752074503,0.8121911856244286,0.6300148741442538,-5.302306357284211,0.35263295988493265,0.22032908257680783,0.08995806885211105,0.13390800385067037,0.7946625071779743,194087
track_05312,Rock,141.45375611143362,0.6301156417685105,0.8876603967425644,-6.235916615920236,0.036858219254161245,0.20879376444503103,0.14104838161758274,0.21741937651312446,0.6661994228629811,266141
track_05313,Hip-Hop,79.29137771228,0.89774197069754,0.6843752265323277,-6.974271526264224,0.581988418699904,0.12674528428490894,0.06434999133494333,0.2618426719152323,0.7744569268813732,252305
track_05314,Pop,119.3682698689676,0.7629599430522623,0.6436029171916153,-7.622606443854346,0.11222950281109198,0.3679770997460151,0.01102620086498956,0.24490014065019453,0.7878306124986534,243556
track_05315,Country,95.095039646244,0.6837243565257203,0.5952190364716121,-5.344858959198805,0.09988917091404054,0.6800249293077083,0.059969869209375484,0.17929285846540327,0.7327901407349233,232572
track_05316,Reggae,89.65208964789444,0.739726917244232,0.7755867801999863,-9.158856357129439,0.07363114100366214,0.636584373185608,0.09553398449502748,0.15782631629502727,0.5774507083933572,244077
track_05317,Hip-Hop,89.76243950568558,0.8682039742522715,0.8620773314109993,-4.290472964423822,0.5219196246664479,0.00391872993124297,0.033967312981226204,0.25408414740566065,0.6616031801472084,271520
track_05318,Metal,160.27701687879184,0.5854656707349901,0.9105096983722306,-5.037539574818068,0.05361133444352853,0.10373425541098463,0.19774632681152643,0.24364390779664244,0.45582063917328863,303768
track_05319,Blues,91.18086154698901,0.6712173577083778,0.6393891085436424,-10.053126516472252,0.09762572088776816,0.5807780340074831,0.07845965245198981,0.13664264049315425,0.5531057254694742,266142
track_05320,Classical,76.72383715831363,0.14134700964028693,0.14067078326148233,-12.408407948642072,0.07177300064825257,0.8487285395783531,0.911820486407437,0.48813767530793867,0.3928067578369169,468790
track_05321,Metal,166.94909959059527,0.3243948921590826,0.8866128235182612,-3.862084938949016,0.06428390774236886,0.03988075578951407,0.19675414312383208,0.13105580590917756,0.47950990208323907,344490
track_05322,Pop,105.29070765301884,0.6923553566624523,0.8394041205549305,-4.1984404858382955,0.10780591389230942,0.22945827553400658,0.01904806029438771,0.2076123568698508,0.6806787846982316,197595
track_05323,Blues,94.95677117990633,0.7410700265139153,0.6997686361351577,-11.033663964955496,0.09984570190872046,0.562950233656619,0.17947580818196052,0.20076120210851806,0.5857913296944885,197228
track_05324,Metal,168.17573375628749,0.445319593099861,0.8762577414750448,-5.2550191404321,0.049727771258967865,0.060867898227144446,0.08203118778160717,0.1344621772534196,0.4829133115453157,337181
track_05325,EDM,123.36843116518457,0.9213234331333109,0.9614352547945948,-4.205526333555164,0.035659118577922415,0.09482624004423122,0.05200183491802879,0.1951800962317396,0.837877846878263,204957
track_05326,Reggae,85.7610655118828,0.6690755065149742,0.7079670948909338,-9.581354894783248,0.0594312379928454,0.42883540943989096,0.15556970317827185,0.16167630433780145,0.5041994278531485,292124
track_05327,Blues,85.82004223869517,0.6130954213111194,0.5308378493068561,-9.253588520950949,0.06126221340004097,0.300858636984301,0.03233441211216244,0.16950241992209567,0.6289881834518204,242399
track_05328,EDM,129.23325476027418,0.9180956198267973,0.8950164777218124,-3.1232143038503715,0.04417000819577964,0.05517360096051343,0.12268978548136118,0.12398359754236983,0.5260492130954482,285919
track_05329,Metal,147.28455394376454,0.5585532414320094,0.842661941264968,-2.0614760847671145,0.05348936663995857,0.05975741623841242,0.07593165301624683,0.2176538991828626,0.5789950358661855,217799
track_05330,Rock,151.0682721076742,0.7983664607692005,0.8343134689682168,-8.809950879877329,0.13734683376283918,0.16932748737734987,0.2776739866077122,0.1356882560938269,0.7367258783753731,188462
track_05331,Jazz,101.29128451797594,0.4130859930587866,0.5278002102184743,-16.1679615761441,0.05683117660856847,0.7248568856844333,0.9249902964702871,0.47729595082338505,0.3865087537134453,250344
track_05332,Rock,149.70423059940407,0.5232681829979549,0.7200202022080298,-4.832392605046265,0.13199693233799975,0.3085838905273519,0.08324919344272722,0.16777118844872563,0.6261746358035845,189267
track_05333,Reggae,83.65673518124414,0.6148897414811222,0.7261758769911308,-6.014498943682621,0.06566779737875574,0.6824325253518893,0.06569602940405582,0.25121222272044375,0.5788947319563973,263496
track_05334,Blues,94.48026735427855,0.7210780694542412,0.5109998564448508,-10.524264459203488,0.050580745651745335,0.431195098937685,0.15549296151642542,0.2815203077373362,0.503801766832219,221252
track_05335,Blues,90.09620694714037,0.7468949663620197,0.7688441457689503,-8.197702890387662,0.05000591698216682,0.6392833660800004,0.11483474124868816,0.25170224989976975,0.6975433783038905,190083
track_05336,Reggae,92.15281363399411,0.680646114303343,0.5567610396882513,-9.09846041356806,0.08446546785795586,0.42923483132791324,0.1714170263459911,0.13322628198146608,0.7539899711824894,238886
track_05337,EDM,124.37860656625897,0.9261912354788334,0.9816732331467144,-2.4979876380534236,0.04885978230061609,0.128100411976182,0.07743721993158842,0.15714283576690086,0.5010231409470621,290979
track_05338,Jazz,86.4828787531089,0.5132751453932456,0.5509201920939373,-12.620198591129045,0.09054178407374577,0.5583762922000315,0.9331086702311412,0.3168815338455285,0.5772217088130058,244268
track_05339,Metal,144.63284803946777,0.5949546875491822,0.8020398705738587,-3.2757413610633845,0.03798517043672778,0.06586655364739812,0.026640456702535655,0.23364290232169285,0.42047147802059215,319215
track_05340,Pop,130.84824257818605,0.6323797538589994,0.7358699871550031,-3.0934462159563907,0.11940898822482589,0.37166361022794914,0.00838258409444802,0.12258492292713488,0.8689781545004868,234635
track_05341,Rock,153.9735412995821,0.7992192327472412,0.9610143940985274,-3.67184886393364,0.10026420076719021,0.3869025347649767,0.20634162979110285,0.345798109721764,0.6883735630526875,180518
track_05342,Rock,113.78487586304598,0.7002333819224782,0.7298114181900217,-9.336951747152437,0.034967454409778755,0.2633855959999797,0.13079072453440901,0.1922067028069923,0.6108445402936269,256098
track_05343,Classical,79.36800590672257,0.16261482074402353,0.3588411754817322,-28.916846196757046,0.07398506190872012,0.930595516807713,0.9189492596510138,0.4708986507186436,0.3305415922119208,556443
track_05344,Jazz,145.19266570372045,0.579460734097241,0.38663124507905317,-14.635051255737414,0.07057830926036528,0.6230114635038079,0.9559941166991873,0.42408651239295725,0.692002443918588,390856
track_05345,Pop,118.3972028820465,0.7189400326429413,0.6011714635196113,-5.661267207971406,0.05844499742295304,0.468800441242195,0.046085316526511884,0.2607298014754865,0.5631466670306977,216058
track_05346,Rock,157.56147712217444,0.6796547455265601,0.92014028369068,-4.013141987236032,0.10781817992988321,0.2887918907895556,0.29627772643150524,0.3587247375178281,0.6933670963052458,190593
track_05347,Pop,132.28473826909448,0.7811915331457548,0.8174205106001555,-4.814511588059704,0.10940646750364896,0.16174719149535038,0.04333533653731325,0.29859066408439205,0.7646027179978723,232527
track_05348,Metal,168.42930562909157,0.33799275581512644,0.9940963578660534,-4.5917465698329,0.03165737141517652,0.09492870370154825,0.17346885004678703,0.16666316340991993,0.42579713237492295,297033
track_05349,Blues,91.33573863126472,0.775442337790295,0.7219552253733126,-6.496472745825069,0.08016086469954797,0.3471809698859902,0.023489157035225607,0.20743737284108865,0.6786352739480719,266921
track_05350,Pop,114.11657083472373,0.8193625318657813,0.7286905872029767,-4.295941174390338,0.08699186272259865,0.13894068121606257,0.042580753472983096,0.27409609041431815,0.606584486957839,188349
track_05351,Rock,129.33418622828168,0.6193996087210496,0.7229655874830251,-4.4947310295472835,0.053548015532810786,0.14931757033350707,0.06256128946415296,0.16783930382194862,0.6695808724146239,268717
track_05352,EDM,128.15845266716488,0.9293270903254609,0.9670898418492364,-3.608633378555734,0.042504775660476904,0.10739721078404779,0.037543802057115834,0.15022383090290745,0.8284371990922976,264088
track_05353,Jazz,111.11471351177285,0.611046869756872,0.4657524480740138,-13.48632617014012,0.05209311944247047,0.8121716074097246,0.7825592339182296,0.32875228958777886,0.32259405883550063,296297
track_05354,Reggae,89.52219165364795,0.684816378489192,0.691373865062385,-10.800823643259537,0.054344425635527036,0.4570815947903431,0.12615518267662473,0.16214527023922837,0.6804508554469987,209934
track_05355,Hip-Hop,81.1105367237069,0.8363245516698341,0.7589270284437557,-2.466929839302243,0.590908423534495,0.07789321404754256,0.058231284976209025,0.19288835793058975,0.7186940698963811,160789
track_05356,Country,98.85625696406306,0.7285311023006584,0.6688377325756909,-9.26357990837661,0.054157712489180304,0.6258325220778367,0.13679742116601262,0.22623851112190485,0.7981431296889492,270169
track_05357,Country,103.3902491415129,0.6170345110735899,0.562167610187859,-8.011425920363639,0.09817409677256632,0.4527867973837402,0.1720793641579853,0.23563014193953608,0.7134684925574151,291375
track_05358,Hip-Hop,89.37400012375032,0.7268029964272364,0.6745057710151988,-7.1381971787093494,0.5205932177259333,0.29117394033273825,0.08939608033877106,0.24466015376110906,0.508609121667389,285831
track_05359,Pop,133.2613702265169,0.6371876980360309,0.6891120584456587,-3.602977368205729,0.11843772234821312,0.1446677924356426,0.02930644065659177,0.24691959952280326,0.7064318567227872,213215
track_05360,Jazz,124.04467886144748,0.4125157072036521,0.585449206657046,-16.44755934747349,0.05794632619109592,0.8213926048176461,0.8285887260407839,0.3270405139016592,0.3330412904961215,268606
track_05361,Pop,109.0600487138456,0.8044711466038126,0.7880515262090589,-7.873224845821254,0.0688473520845008,0.1777463306806844,0.03943773555597575,0.13675069502190124,0.5940924710435993,252442
track_05362,Reggae,88.35808323794653,0.6748316551776394,0.5851081827007076,-5.482135442815621,0.08970220854869822,0.6245087749143461,0.0009420163750239575,0.23718010004166415,0.5690821085386069,185728
track_05363,Jazz,104.36720914584004,0.6528044298808637,0.5456416268722653,-9.89816329444902,0.0952013428040982,0.6999748820113498,0.7395930449794264,0.4926896878698461,0.5052301880704134,350860
track_05364,Hip-Hop,84.8019588656719,0.7159308893741975,0.7711130544966662,-4.13155349890719,0.4419564268327171,0.2731226589797287,0.07423774195658883,0.10772416196395813,0.7170277491449142,239399
track_05365,Pop,111.69379910802965,0.6974940956390675,0.6265588680057173,-3.157395349229679,0.09775313305932411,0.1076935350017032,0.02377524109105679,0.15270512731016575,0.7159835405068291,213412
track_05366,Classical,72.60369230492898,0.2535979748619429,0.33307191205734954,-27.539155141188637,0.020397939555479694,0.8802760831632448,0.9694673905457019,0.45999932863659526,0.2661320509651821,326628
track_05367,Rock,135.4519570826427,0.584636866151516,0.8397555759529922,-3.3278984349903586,0.06895911005225142,0.1843965605412819,0.05064059558898119,0.21759067002585122,0.4728164447490283,235786
track_05368,EDM,124.35919540400471,0.7770879552836689,0.8307416201422196,-3.237615126713175,0.05156991309004155,0.018765367584995942,0.24275320573556036,0.260076306316682,0.8189926664063302,252489
track_05369,Blues,88.90757915994608,0.6362655160603656,0.7797510660114668,-8.292638284216437,0.09783061826361547,0.440525648760171,0.11129256373487971,0.13802468601904389,0.7425287282112587,281587
track_05370,EDM,124.701707713751,0.8365784587256897,0.9256492367262543,-1.2765864812427847,0.031160291013794875,0.09514948980628715,0.08778261066435768,0.26679478366879505,0.5146996123401103,282621
track_05371,Reggae,89.82126654138578,0.790403009050217,0.7846654841537067,-10.048278760267802,0.09305242989412041,0.6507019237548536,0.04991692952025511,0.21979014928461021,0.7609807277835274,225828
track_05372,Pop,96.77438733504036,0.6749343023518535,0.7828060981832172,-3.6862718920251334,0.0685918730595797,0.3354677135725204,0.001736335471970929,0.1154812482053488,0.8857469090536063,240231
track_05373,Metal,175.46764758859814,0.5651573959630078,0.9608448250792931,-3.138281123597712,0.0474006835174683,0.1053115649917308,0.006004336925494381,0.14899602304794712,0.40984660976627374,211753
track_05374,Jazz,123.78034242328653,0.42854408221934703,0.3152262244242134,-13.689278306387706,0.04448798519789339,0.6431040292707669,0.8424476976259878,0.26298838140745434,0.33181397053822953,258727
track_05375,Pop,122.03438103186926,0.7732678751524634,0.8348723721038463,-6.388033981632345,0.056533052315204196,0.49264165876253574,0.022057391862547987,0.18667820597226098,0.5358118974141262,195400
track_05376,Jazz,135.5931962517485,0.6160352777288819,0.3435888964710498,-16.492899571968138,0.04098486795433862,0.9448644400372117,0.7733584277260553,0.4781122695977473,0.5284678481893066,274581
track_05377,Blues,86.65389295841246,0.7327667484808431,0.5891094374142981,-6.971958674803318,0.04812956469054772,0.3836430047826722,0.15748992505368598,0.22681538055278452,0.5289341149975467,203015
track_05378,Classical,65.27658242297971,0.18557367289443988,0.14488490496422068,-27.16738859669704,0.05897836436060422,0.8731794615957168,0.9363724547051063,0.38369718658560126,0.288604750584836,482606
track_05379,EDM,132.65187402369492,0.7394908318433258,0.8635144877180024,-3.6048171129876354,0.06460646069391923,0.10154670807453942,0.042546558011326265,0.17148936627065167,0.8772730121357749,197850
track_05380,Rock,137.97775337659965,0.5753296189831202,0.7638587319653741,-6.118861528860293,0.11769472952603494,0.17605821470602015,0.0996901784467277,0.3161096788110328,0.6949112066648322,254057
track_05381,Blues,81.95069479942573,0.6628367569151405,0.6889658857043728,-10.588280262785103,0.0575266046702685,0.33409457065277576,0.0752073209275993,0.1128768996775672,0.5053716462087109,240696
track_05382,Blues,83.15587267668123,0.7209569844044074,0.5526801296365209,-9.338517602694532,0.04498165571654306,0.6108042112615139,0.1489757999954556,0.19804620404022927,0.6356049185925532,245258
track_05383,EDM,132.46534258433965,0.9073969359109252,0.8837541031610852,-4.966498577515904,0.058423057872589,0.009545228605903634,0.08341617708159789,0.19860690595729855,0.5397364959973637,228717
track_05384,Blues,90.15175198763923,0.633757545532836,0.5855238177515433,-8.457200880808578,0.06189408916156377,0.3153022802608303,0.08016580667608696,0.2630211528003841,0.5348178328959307,283606
track_05385,Metal,153.99350551831984,0.5869824367641909,0.9968458697925904,-3.073460598008674,0.067847277755784,0.14965064602811837,0.07911229469417316,0.10968576874092267,0.5222111641175448,313955
track_05386,Metal,149.90143116393324,0.573463930093866,0.9250929107003563,-3.1054439116607564,0.04052723320785234,0.19065570757033035,0.15107834262180916,0.17645193958707275,0.5447494551140135,272921
track_05387,Country,98.08749539951015,0.7095799307512268,0.5332770538833036,-6.590086330160313,0.03486848338549194,0.4440537102883139,0.1534666472272272,0.1498356897347993,0.5281329561114422,223394
track_05388,Country,114.50780730262642,0.6392588095635026,0.6828441635163292,-8.525345145649856,0.06075501040901285,0.6944533631632483,0.03735797524358893,0.2560038971866299,0.5531464866910872,222744
track_05389,Metal,150.34220170846618,0.518062985323537,0.9439092944382523,-5.21373685094419,0.045871381654916485,0.1882304774239194,0.014228700531364958,0.1457893510729325,0.47364020867113976,230828
track_05390,Hip-Hop,88.03986151423221,0.8687551797500715,0.6164489011841587,-3.6195282920887673,0.4579753123651876,0.05189915075016829,0.022611868990374397,0.11951606310684791,0.6836235409547452,200424
track_05391,Classical,69.64422176993436,0.16690180941815083,0.21424647292959656,-21.37181330873407,0.07946261185168936,0.8005745126754121,0.9426064490760147,0.2194918931938749,0.4692063642074997,359097
track_05392,Jazz,107.16866577409776,0.6458790788803203,0.44850919664156075,-8.011989522263232,0.04216751014629185,0.6251353061902951,0.7273194955565089,0.33625941566954287,0.6416637778283582,345494
track_05393,Classical,55.49017588681076,0.20076116779984515,0.13977772019746082,-16.196282718961527,0.05574215215338714,0.842497565495916,0.9983636114012447,0.20167790496575905,0.3343672279750034,326223
track_05394,Reggae,83.6013652560528,0.6504723065496076,0.6464492646345488,-8.33518988933842,0.0729229971979235,0.38484397191822006,0.18536960969132193,0.24070041941154643,0.5775319548678859,195201
track_05395,Blues,82.53725651264816,0.7245145682271313,0.5799037965012566,-5.230327020637977,0.046829817122319636,0.36319759175408334,0.009133537441815642,0.25899956789449885,0.5281870425446304,232325
track_05396,Rock,151.19713187357323,0.7500202630585462,0.976931713566632,-8.690891069468323,0.08897724504786016,0.14630976217732583,0.21174756923578472,0.3496714243683309,0.5557871753031574,276149
track_05397,Blues,86.38643009028381,0.6524790932594137,0.6496981423100254,-5.255656598734367,0.046474103737141295,0.6953599164646441,0.031785910240467154,0.1971220886478458,0.5911915524906062,244233
track_05398,Classical,77.93367165395658,0.25291582637702453,0.16052149526432657,-14.948968097938316,0.0659740905292751,0.990027414936057,0.9891095108861923,0.22855849493930855,0.3818306165470916,542683
track_05399,Metal,158.6402481495529,0.42397325805835556,0.8911556886056805,-4.154489301375545,0.07853113070633372,0.16064895579225796,0.14733198235267356,0.18214027162129004,0.5644570742550694,251034
track_05400,EDM,116.47953850694125,0.7154296050656932,0.9494775980026392,-2.760274873413582,0.06551798706038528,0.07245184175542847,0.13057709852198496,0.19898419064505854,0.8443640477614338,227723
track_05401,Reggae,86.68499697832316,0.7158643451716019,0.7976544228708538,-5.3070651721705,0.09526834352186443,0.3357105195254183,0.15143326904481913,0.2753691722679382,0.59998385886166,180243
track_05402,Metal,144.21335865617434,0.5994680078665349,0.9700843827289906,-4.60257234644673,0.043122304587095095,0.16073403873672762,0.1984570696693627,0.193120641988844,0.36817967171070787,249239
track_05403,Classical,74.52175754248117,0.22675025108770822,0.15829765141297203,-27.39053031894914,0.020638450461549433,0.9830404518259004,0.9354989750221558,0.42739280952472125,0.5537832143780915,534412
track_05404,EDM,134.4015971180409,0.8441212919061203,0.8659033656696498,-2.43303010846942,0.054518617785461986,0.1691516944264569,0.009563317367584511,0.13279667453631913,0.8685782965121264,249040
track_05405,Rock,141.21332675584597,0.5567021824636981,0.9917615899982631,-7.136218266385934,0.10486264458132247,0.20547473510726058,0.06605289177102865,0.30636270472148325,0.7757036827633791,184892
track_05406,Classical,64.7637549374972,0.2566555542129881,0.35626056792198,-10.91846643076488,0.06485249670443272,0.8109099583066546,0.9020838571546499,0.4219612012113575,0.22242038597088448,414389
track_05407,Jazz,127.18320824162683,0.6484826691070068,0.5056875610094076,-9.187321892052047,0.09088871461543935,0.7142767348740587,0.7503049235791587,0.31318101768015777,0.6917143845630772,251172
track_05408,Pop,108.38588215877503,0.780825523861997,0.6442788036591078,-4.237009736234525,0.08181534829225293,0.3552403759024464,0.04347570826574627,0.15205962308580365,0.6463885362822028,258892
track_05409,EDM,131.37787547740695,0.7098607433688613,0.859960090243857,-1.847531665058742,0.06920178689314269,0.19787468945703732,0.13174451127752693,0.25293526378818065,0.7401990370555452,266458
track_05410,Classical,62.10972457627873,0.2412428047239001,0.15947728651907683,-15.082438764879438,0.04158106248877647,0.998500907571041,0.9979076810100704,0.43957839005556515,0.33708831061180755,371514
track_05411,Metal,160.0079053799804,0.4827941621771614,0.8624786005115272,-5.504350898084747,0.06911360743351865,0.08375200768265174,0.12976967850694243,0.23004023907429527,0.46405160492179565,277801
track_05412,Jazz,110.94560750798355,0.5958099006475837,0.3491944811986774,-5.775495601543202,0.05061012783342459,0.5911718692300783,0.8906642878956481,0.3264391021579798,0.31040466344580225,401837
track_05413,Hip-Hop,85.69684561187933,0.7585586501231492,0.8311095832481498,-6.819740690990733,0.545804074043142,0.28105923022669,0.09916160720194184,0.2713924314707753,0.5886795957761802,191786
track_05414,EDM,117.44299777266947,0.7776548554912895,0.9266959803768268,-1.6750862803423008,0.0525873031142616,0.18710484435139169,0.23808624055313946,0.2631948492869849,0.6703577388593754,182161
track_05415,Jazz,137.5895203023424,0.6779127094948728,0.4295195210343221,-18.759480192855136,0.04981214975110378,0.8602721652289531,0.7975802375765844,0.43561549175843284,0.5999038282052984,354949
track_05416,Metal,156.49756403687903,0.4235028165896614,0.8660179924317537,-5.934639348365818,0.05926053106942296,0.06628443377565921,0.050334792726118696,0.2785193889746754,0.3688861026998208,304813
track_05417,Classical,82.71326718402925,0.12065859874849721,0.22828596321541395,-27.312886150043074,0.02316186503584546,0.8658938384287811,0.9645442168696066,0.46003920051487185,0.524146346897645,352061
track_05418,Blues,101.64637642796515,0.643375223943586,0.6834533052206296,-5.773701822731979,0.05286285804417634,0.43502199220388804,0.11429259334566222,0.2974515935343589,0.6396076930134743,187022
track_05419,Rock,143.87513555334252,0.5659612420659396,0.7983764714923673,-5.0330449513189155,0.11551976165437268,0.19563997630828125,0.25509501412952934,0.3384115764009716,0.6463115998701396,253155
track_05420,Blues,87.26282962548217,0.6007461829556225,0.6671202306317273,-7.15640916947403,0.0634789709421756,0.4187999605287294,0.09812755989610072,0.12024793295767273,0.6931778659971761,269268
track_05421,Pop,119.57945664101996,0.8949609402776748,0.7858060973637714,-4.270047601421393,0.06803182347409682,0.26791279823811576,0.01712648038129581,0.16045154111149523,0.7924405661920308,182585
track_05422,Jazz,96.05656194935392,0.44389450736070174,0.4432101273811514,-19.471896927498886,0.04315935652108689,0.5268422670678921,0.8475364519257317,0.37668936590422275,0.3013949986051028,407846
track_05423,Pop,109.32226302572363,0.8007934011856469,0.6194079562204018,-3.916754357504389,0.09943754550903151,0.20441505505758883,0.019589728174046545,0.22401406602742419,0.878582982453561,259528
track_05424,Rock,128.56402432895987,0.7304022265666121,0.7499442819114701,-6.706019013022607,0.0925825412862963,0.3311065752484997,0.18645568049859781,0.21979074673017834,0.5130058596435523,290976
track_05425,Jazz,94.5703898075423,0.5304404988149181,0.5044172830736705,-8.63215836198708,0.08837333323425581,0.8684122883497365,0.8400266043468165,0.211240516587347,0.5097968270033928,394288
track_05426,Country,102.12340418142375,0.6757963466764425,0.5671547950311522,-6.690551556482703,0.03140155866047954,0.6312718830907111,0.18214815183311972,0.12445279553277784,0.7386891436421469,202532
track_05427,Metal,151.71789969738487,0.3951989986390715,0.8019285191208997,-5.8180148792918835,0.06468065652289037,0.0961080932601121,0.16977808289195298,0.25070569388266445,0.4720321369510332,251963
track_05428,Jazz,149.24003225842398,0.6995886558562776,0.3712358118768684,-11.911962404714808,0.0579224361950097,0.9257098316096821,0.9885267486194653,0.24238772420122864,0.5402293849530568,368056
track_05429,Metal,164.48590790708462,0.4635324807177631,0.8601799901592027,-1.0685969742470274,0.07192702567364619,0.027315147511846428,0.1612457529335242,0.12403772017909563,0.3743243191011992,309846
track_05430,Blues,94.13318095219752,0.7433185337035428,0.6980543105438428,-5.763901010946205,0.055965434352878984,0.4766880373131449,0.18272416639689298,0.21711523835758695,0.5214084909202946,292406
track_05431,Reggae,94.9566367943072,0.6054448116185351,0.500493045605013,-10.809951949516911,0.08217319675462872,0.5416685815812802,0.04018125966032813,0.20467478361159003,0.6857661624920044,225289
track_05432,EDM,120.83293527462149,0.83264183283304,0.8105365904209515,-0.2735791627231974,0.04448306900366731,0.09785759315683036,0.03151450653826445,0.1065089269088102,0.6871267625879577,284369
track_05433,Reggae,79.47096162605287,0.6616229561204117,0.6133612404154867,-11.773115741327908,0.0719206204017378,0.5965638408749832,0.17275849764060236,0.16487103998093477,0.6651212713737258,198385
track_05434,Classical,66.2793193524398,0.17758534967880282,0.35428494691269474,-11.400729840271737,0.07626483375950271,0.9116336077298167,0.9663302226047967,0.30475151802902506,0.4428634917401124,358813
track_05435,EDM,126.03160488552754,0.855678318015868,0.8586104117641978,-4.323520240794217,0.03988391877055231,0.0945856573410834,0.2758984185038905,0.17780078789786177,0.5223478171804569,288440
track_05436,EDM,130.73297170235074,0.7937150497173342,0.8930253238261177,-2.6096403460528936,0.04195279281862169,0.18259056653401373,0.2725471801450131,0.10378568410714586,0.7600005502069702,272711
track_05437,Hip-Hop,94.62975844136879,0.9435972106634284,0.6972456972351542,-7.554736541603697,0.4290943952201275,0.1621900727956951,0.057998641868633696,0.24771252089720266,0.8592340082505769,296556
track_05438,EDM,128.63797201140562,0.9148557946149416,0.8085891979267738,-1.6074307940042338,0.04275623828223339,0.16517834354894187,0.25420381965918815,0.2906678216163457,0.5382198212149931,291513
track_05439,Rock,129.73100297649202,0.7787478456079885,0.8329495119185975,-4.501871163981589,0.10634258813340353,0.2948964385042033,0.13191874124349753,0.21848507060578334,0.46476820987472983,224836
track_05440,Reggae,92.55865566941966,0.6275535209894053,0.7706668435110682,-6.813994307152289,0.07963111715975163,0.3331631989034712,0.1838009215111377,0.1590660701080789,0.7236836618936513,202643
track_05441,Blues,88.15313661948032,0.6989835509835804,0.7228594422169741,-8.501671333599164,0.09071648278537464,0.4931106133480297,0.006382384349751114,0.12828122310939954,0.7154485376063191,259299
track_05442,Metal,138.97162568797646,0.3541476140794548,0.8027132957846028,-5.459185802509577,0.06649248298887922,0.0009422323610698724,0.06088110292155338,0.189864280875721,0.5813436747296374,359010
track_05443,Classical,56.173822105291556,0.15663047944371972,0.3485243657035004,-21.967460427937027,0.07059048957838851,0.9817487309910882,0.9464199171853226,0.48358172832339086,0.3199805562928989,346475
track_05444,EDM,124.28472300901115,0.8805584283681622,0.8614317316499414,-1.9279189865047601,0.06530709040277827,0.09764682523632479,0.05768763297877794,0.2772245801839853,0.6434318200926614,297324
track_05445,Classical,61.892582598015665,0.15537743442701016,0.30812926486203196,-26.388544233497385,0.06819345951942091,0.9314715226075596,0.9536342313773679,0.3932767045334552,0.23988625874483668,507923
track_05446,Blues,92.61582622086526,0.6588218636085089,0.6583562311074844,-6.145372909578169,0.05896226978369517,0.4541747894383959,0.10793882659800887,0.27742763913413226,0.6746446801494396,197498
track_05447,Classical,87.46476779209823,0.18542960576750273,0.34798364525082515,-11.696541642270283,0.0492080440355977,0.8151759574898177,0.9420987331325786,0.2543716817071193,0.3133985603176973,358598
track_05448,Blues,78.1006806306876,0.6124277480472503,0.5888451266927832,-11.228049286459502,0.05561362216408344,0.609009548760242,0.06640983325759464,0.23793676957759036,0.7319907562834745,260805
track_05449,EDM,134.4012750064583,0.9151664947730299,0.9274582596876599,-4.549530986558324,0.035697719783651,0.06566442684937115,0.08821311691957764,0.14432107191232463,0.7469184807219218,276953
track_05450,Blues,94.95668764517987,0.771443512566371,0.7651874267763696,-11.626945511113309,0.08351547087004982,0.39061907856690903,0.197859381122378,0.2556805948251932,0.5011295008409672,255747
track_05451,EDM,124.65097781995047,0.8265564777185871,0.8581726058070508,-1.4961852160347022,0.049482879806599545,0.15717497813213543,0.0689274391811861,0.2312358131474213,0.7751356100455334,216538
track_05452,Hip-Hop,85.96329918916452,0.8674582545800239,0.7583406153618861,-3.3592117983812004,0.3282333950668298,0.11997174730205035,0.02398628682008913,0.207037241251881,0.6872975934714453,255506
track_05453,Hip-Hop,90.68595078264329,0.8203919260654392,0.6606731339439579,-4.7153151626012395,0.47900164681181817,0.0064139031795997226,0.02037786608485135,0.14848078202545648,0.5992300648652525,215732
track_05454,Blues,85.3793042771247,0.612381177055301,0.7636908946843308,-9.25834544607638,0.08447055845840926,0.3691008578233799,0.1722700733932514,0.18583407844241612,0.5626571726847235,182001
track_05455,Hip-Hop,92.31703773486821,0.7834285171973432,0.8906341289294457,-7.086042964553974,0.43734438014830324,0.04363177870573006,0.07903757462603833,0.12146353840438658,0.7215598413654332,188297
track_05456,Metal,166.86975662303718,0.33321976539342524,0.836868362546426,-2.62415691080329,0.058153334577789824,0.19615554012348896,0.0026987965334225096,0.27535865141299676,0.3042807628461632,246902
track_05457,Metal,153.0398590671033,0.4612730941909421,0.8734283837202558,-2.2985179472756565,0.03042725259548266,0.0035308631156372172,0.14321135196618326,0.27662424451014844,0.5329642361196549,292476
track_05458,Hip-Hop,77.37032058592769,0.7805347840021811,0.7901407745225264,-2.7768375690745497,0.5454978619539279,0.26201723266123744,0.07203086490188598,0.13874876644426698,0.6466194166964178,183446
track_05459,Hip-Hop,87.89016347443537,0.7235746871807369,0.7628783266222887,-4.758704795191945,0.5147128047529723,0.09657240498226725,0.08606521142662647,0.2245207001392244,0.5157365256215194,184717
track_05460,Country,114.31067351342702,0.6707867738263664,0.5139991913183868,-6.456107016362881,0.041997878971363034,0.580376642067724,0.1001985489069851,0.10523153769154306,0.5965669658646631,283524
track_05461,Country,106.2547726294957,0.6892196531223408,0.4245828621704891,-7.122414946402027,0.05112758543596237,0.5949846299483587,0.19226810872977496,0.22613735130217397,0.7237098647963701,293335
track_05462,EDM,125.24175483882051,0.7189355817300971,0.9569732940466684,-4.806722160026596,0.03236545875450371,0.05898704712620837,0.1718801032192841,0.29844530331789376,0.5362566301568643,292818
track_05463,Blues,84.92200235800098,0.655609233214876,0.7651783730262702,-7.6136434252762575,0.04515037034480458,0.40585472768166153,0.1987922428561312,0.1540209703905093,0.6741526878005113,282317
track_05464,Pop,118.92463752348054,0.7013928459637543,0.7490303613874647,-4.8611793859177475,0.10273978402267729,0.32887067800519143,0.00987751473325621,0.21638521685115936,0.619148563630541,238873
track_05465,Pop,117.33853572439637,0.8602642550282997,0.8438644319558415,-7.514854658856274,0.058704485784539795,0.48232423889876663,0.04363122101757457,0.1422150460373238,0.8880416214474145,255836
track_05466,Hip-Hop,74.90278700462584,0.9224868351379694,0.6200469456953235,-2.4681209084482783,0.5593653699152135,0.16186893566312902,0.07779486283975831,0.11497536957697062,0.5540591407770689,255871
track_05467,Classical,74.63448712850393,0.17279702952903575,0.30850265025765866,-25.045850622671182,0.031127715354070717,0.8499627527248186,0.9935934826560544,0.4547686778456255,0.5315593576664587,536269
track_05468,Hip-Hop,77.81714026669931,0.9326114338579601,0.8376660662108643,-6.395823523790304,0.5922739965361402,0.2609643081704148,0.006465722642925664,0.26226196899030885,0.8137950453402687,247411
track_05469,Country,99.30755021600713,0.6247741629851401,0.4856351930210706,-4.839204992381341,0.09132970065565493,0.676074926267761,0.094231827664158,0.2548083596707544,0.6772948445765923,285017
track_05470,EDM,127.5636687860407,0.8366862163612592,0.9863193747952894,-1.5216682721696544,0.03470299295981983,0.18690363880174943,0.04586639473643149,0.25165108871947867,0.5594174717212359,242707
track_05471,Hip-Hop,86.75274105862687,0.9139155743025942,0.7598032864225593,-6.032224782078788,0.5691580969456718,0.2632210779234338,0.02676776569956051,0.2488216441989816,0.5365178836317778,246093
track_05472,Reggae,95.43587678474668,0.6071523182020114,0.630125925718592,-6.464766668255639,0.09336842042186774,0.4019125729152951,0.015396053334739835,0.22613087832931994,0.5794498523252509,225872
track_05473,Classical,82.76716828454035,0.22032826673250838,0.21089466399613932,-27.76036093540884,0.04055691289060834,0.8088311179831844,0.9580767225977638,0.2969046428794329,0.3519394034127278,364332
track_05474,Reggae,84.4109043443784,0.6860674956162092,0.6732031075395867,-8.211520616403682,0.05304507128363361,0.3002669656909091,0.1997672102861918,0.1833663546085807,0.5851449414824617,233551
track_05475,EDM,130.8683103103332,0.818296794185603,0.9661083359744687,-2.9798371869234646,0.042119577080816616,0.04155723892909833,0.26167114654087303,0.24366569263314378,0.5307601807130223,264952
track_05476,EDM,123.95952895367525,0.8144527141657018,0.8914509016001618,-0.6589570048154254,0.04184202148422907,0.1393795279271656,0.21645692201232247,0.18847966933991694,0.6335842068647848,234003
track_05477,Metal,169.88358623286854,0.5609805876383441,0.9939449981128832,-5.937185363126131,0.07373721524865098,0.013979063133247528,0.1056231749181978,0.18293270795049227,0.5759644863190788,182017
track_05478,Jazz,112.9107822206892,0.5421537956506968,0.44295034041675624,-13.194951077659084,0.08166957866740135,0.634548971496492,0.7781583404407098,0.20670832785012733,0.4526938738094519,383741
track_05479,Reggae,91.04815044076537,0.6712942136742637,0.6302097652457974,-9.268836033670683,0.08286220780396053,0.4037902204977967,0.013678670406056838,0.17563497868159292,0.718350660556233,268129
track_05480,Metal,158.17060120807864,0.4085676268879061,0.9728147801913263,-1.5134760191224457,0.03180441563228541,0.17519247386202444,0.08664892153671636,0.2622687931459978,0.33334919743791647,209374
track_05481,Country,114.96040304026297,0.5224120762170392,0.44351458940709554,-4.916654730466786,0.0441619160288838,0.6179999193116119,0.04516058056441974,0.1176292634389621,0.7700097089824749,181813
track_05482,Rock,126.89029340878264,0.6070858439921853,0.8892096365884703,-4.013473496814672,0.13992208904754586,0.38482903634870347,0.19797982146120227,0.316060109776958,0.5990082786170425,226788
track_05483,Classical,65.51640402903662,0.1060269459783425,0.29441591457958927,-27.890479642296437,0.05304019466501077,0.9442249910002118,0.9407085426227279,0.21316181366531678,0.5548525601195495,438081
track_05484,Rock,143.92439191495066,0.5761486736791265,0.7823610299511937,-3.4572758961758288,0.10224741779999144,0.15214333885978232,0.013705953717347018,0.26907274324389985,0.5810229108047775,293893
track_05485,Blues,100.36989999370897,0.7791896797537664,0.7514481258690596,-6.519150031711727,0.08054345239664318,0.5473534887948646,0.184493371362216,0.13852883745676942,0.5578175012556599,253631
track_05486,Country,109.99433393105016,0.5057733274123799,0.5891393761710244,-4.058077073815672,0.07595327391835864,0.6769963678194537,0.10528158124323533,0.23605728416929356,0.7776598895765077,209446
track_05487,Country,105.65223671236063,0.6200127825758448,0.5409967344020291,-4.08583844219076,0.06634502176074131,0.44111361356935275,0.05603116407650355,0.16673642301594005,0.7875400813718187,191495
track_05488,Rock,135.45164336854492,0.629120881806116,0.9248906648434273,-8.081325839321266,0.11419704638581323,0.16225527890699248,0.07275524275482921,0.3958995812141426,0.5475777637102912,226482
track_05489,Reggae,82.57764299617659,0.7589630385595105,0.7976384463304769,-7.111424190930952,0.05916191236455079,0.43950296267737765,0.006105091964758925,0.22939064388727884,0.6800063483961436,212898
track_05490,Jazz,128.07477658640573,0.5206403605814791,0.5798772295905327,-8.596282057866711,0.05728018711008307,0.5082164365090436,0.9179983477534317,0.34890432149410455,0.6847423991210069,284766
track_05491,Reggae,91.74402591996338,0.7638222929682921,0.5365545027078528,-6.9449166151835975,0.0904782532456112,0.3742824026994677,0.04275950886480864,0.25719539489009813,0.6031787600011681,232761
track_05492,Rock,142.9612030685093,0.7322243721272631,0.7971375276435148,-5.141376826379001,0.146289450650686,0.1409504836437235,0.21940841474999598,0.22299430677133097,0.48999745969566233,200167
track_05493,Blues,90.632816909091,0.7611606507992537,0.7199377774426543,-7.558355129584821,0.09761735544192168,0.5846919665050054,0.12604901779097116,0.2577650175787139,0.5738798974199938,235696
track_05494,Reggae,90.63484206407942,0.6970744967746167,0.7928808621654025,-5.256902623626147,0.06543991603850091,0.4765496133793595,0.07690697969289231,0.2578344283359717,0.5300543293410271,298177
track_05495,Pop,110.03350549017733,0.6905525893070469,0.7576670093996376,-4.01925981096232,0.06436515831779459,0.13528250510174122,0.011082592143465842,0.15930756448243644,0.6119258639978233,224135
track_05496,Reggae,86.21319658298133,0.7448889322072271,0.7602803510188674,-7.537641832959358,0.07753098213465365,0.5701375886708748,0.08127028146455884,0.14571475359107125,0.6239944084830439,207586
track_05497,EDM,119.64928807228455,0.8019865743502955,0.8897728256529122,-0.42744138440523916,0.047663260945632516,0.1395895739574909,0.28552895175925846,0.19890651625053288,0.6633239715285961,210141
track_05498,Metal,161.8844835462635,0.5647178623698867,0.9764546900090172,-3.103994548424139,0.05184162948143645,0.13037142343761113,0.031930488148066406,0.2765945478276598,0.38136982903152655,235722
track_05499,Classical,72.06445212214109,0.2544552658083786,0.21812167235898414,-22.839924491913813,0.07327233221389447,0.813781798560318,0.9841534282994434,0.478459535572078,0.4252643825800354,505037
track_05500,Reggae,80.55418920046763,0.6987272454223749,0.7323093356986222,-5.328896730009351,0.04459453703713179,0.6189590105607253,0.05341228989243588,0.2645634368526161,0.6026040710200984,278092
track_05501,Jazz,91.4558374738435,0.48464886735734825,0.4112042181681208,-14.029085015821265,0.04429624424777758,0.8876209847953027,0.7504740530099819,0.21230646421862082,0.5361516637180925,302431
track_05502,Jazz,113.7437580377459,0.6692851500815432,0.31947741528105206,-6.727884280861359,0.08040259235306862,0.7771342530609677,0.7185342473306985,0.4065252588087925,0.5391096690735442,375705
track_05503,Reggae,92.13909990391812,0.7376894089649337,0.787208042112667,-5.347447510964222,0.06314036140379219,0.5543339986522594,0.04040405929516336,0.18238245079103782,0.5820238942613005,286759
track_05504,Hip-Hop,89.44919524833628,0.9475493451122312,0.783258574180853,-7.862524531170921,0.5645709992483372,0.2053374590683086,0.06973223448834846,0.15500646227374462,0.6347185426990293,189733
track_05505,Country,110.30644521004966,0.5170570995631502,0.5254371996551898,-9.13731739975701,0.03635200883565053,0.6276919177858078,0.1716141705521903,0.11675916667830744,0.5536405438036629,293681
track_05506,Reggae,92.93661107071748,0.7476037649168865,0.7300270361756585,-6.193951112368513,0.07909980079369698,0.6093154291590724,0.11544528217362571,0.19832741212917754,0.577943762298778,189817
track_05507,Country,91.22519049446842,0.53391882763586,0.45844291207838145,-8.775498285747357,0.07303677725402358,0.6708869024236837,0.17373555004838384,0.1139435054699378,0.7127170321725782,276956
track_05508,Pop,127.5911639628708,0.8680353581391838,0.61013191331887,-5.1518306865946135,0.11500475217828292,0.3608279671485134,0.024220206117161032,0.17719835590461366,0.749678072729423,214151
track_05509,Rock,122.31070199001022,0.6764428784714833,0.902079817556166,-9.542427995429609,0.1073024373729747,0.24943458260294102,0.2516074926941329,0.33797904581706717,0.5651888617731247,216028
track_05510,Pop,112.97250224477278,0.8000841548746265,0.6337886101820416,-5.8477433800971514,0.11569055630660478,0.23051974247031928,0.007711750442314442,0.12922917147882013,0.6574914280480946,255695
track_05511,Reggae,79.61513638079767,0.7734546957733628,0.7412174316722897,-8.135031920828986,0.06490408946729315,0.5736720752103157,0.190616472060305,0.12023232142430205,0.7696482323621535,225187
track_05512,Jazz,111.92581723293516,0.5000946000312645,0.5853362487427932,-19.699424081844278,0.05336269079361504,0.8015811956616015,0.7701260033205563,0.2161422841443954,0.32097788166594643,309901
track_05513,Hip-Hop,87.56071816763732,0.8550788025031631,0.7100770387795232,-4.619111049132832,0.5979437676572259,0.14177464071067272,0.08415506981927033,0.12770684658116196,0.5225923615587434,197718
track_05514,Blues,90.991457084854,0.7722381593849846,0.7501018248435725,-5.418131716489832,0.08338333581931351,0.38524016535644007,0.05961822553203094,0.25693699271891834,0.6562468241468705,295583
track_05515,Country,95.15082354982485,0.508538528080452,0.45157018139119043,-4.135564763180888,0.03599962419933249,0.6216567272474877,0.08031843139145788,0.14732913066973818,0.6725013484900634,281996
track_05516,Metal,161.29657407410176,0.41899643833230943,0.8575240183467006,-1.2891386129775144,0.07414011842370219,0.16396346815220667,0.06683700023851206,0.22774852225613815,0.5251260827266653,234615
track_05517,Country,114.31787524975908,0.6917069953983191,0.47198459961825806,-7.655951684886464,0.08468290951471188,0.47843425234334264,0.18311879319622312,0.2677786549900044,0.768636861781373,249052
track_05518,EDM,130.84486722104893,0.726279252601386,0.8201181260750979,-2.2204623013042077,0.04222361762830835,0.05270433670055297,0.06672161819089376,0.21241952209755338,0.7192380926977766,224803
track_05519,Classical,75.01304071745736,0.2824471250728949,0.3910120654536634,-13.638510063718822,0.06539583532367357,0.8121313526793356,0.9706016013563183,0.3007264162372148,0.5719651577215978,595638
track_05520,Reggae,97.54553487880969,0.6783145150104961,0.575982078177433,-8.562531703086051,0.09380272589243857,0.3043927472557873,0.09732629538842096,0.25151905238102723,0.6803391287477558,287091
track_05521,Pop,118.09793666725405,0.6443934861958948,0.6537542594104451,-5.491483912468327,0.06524322750501457,0.4432257388551749,0.0295004279422843,0.11716530311115719,0.5559543152417423,240690
track_05522,Metal,144.46664998767855,0.43677825770503503,0.9850790815139567,-1.4992640374865491,0.05007962529676421,0.11272819262463847,0.18107479639171528,0.1638797324789432,0.4222611694190823,310765
track_05523,Jazz,107.50091552329967,0.5898585263928708,0.30365382365078936,-7.953421705969141,0.09344183323014651,0.9981001973091781,0.8032321935100426,0.3685778812980363,0.6451845289213565,419682
track_05524,Jazz,120.48548726654776,0.45774137823863037,0.4844920457500781,-13.304408409363766,0.0648302227611354,0.5488514503948243,0.8041382275738537,0.35792916561778054,0.33107709397696455,306093
track_05525,Jazz,162.9658689857977,0.4772924513876814,0.3977299040896922,-8.046943631920431,0.09215416143994792,0.6626143433301608,0.8067143692849186,0.44909796718428646,0.6895338005644437,397022
track_05526,Blues,88.02501578184,0.6570059594343999,0.620719089686183,-5.774814115121243,0.045779622054898085,0.3263332261519145,0.13288365046406156,0.17289883659367208,0.5533161748952145,281321
track_05527,EDM,123.17043813554494,0.8615800200424002,0.9815234387120738,-3.698926548889207,0.04391716931107186,0.15902599183565466,0.22061213782299746,0.18173105689108282,0.8394192317110452,277659
track_05528,Jazz,127.01608121966696,0.4792933503969989,0.5246317663180491,-12.988194729077819,0.06435132178948036,0.5803104237468382,0.8302463064330003,0.4178381538805693,0.480221033130845,315719
track_05529,Jazz,143.4643357480656,0.4827104692126707,0.5825674229294184,-15.040352816952892,0.06467141199563008,0.9881891928885924,0.8437571137053069,0.38386008482561207,0.5160713696610223,303826
track_05530,Reggae,95.21257266979569,0.6605585634581762,0.7143563130328203,-11.304738969471535,0.09360094329774188,0.37989896294357295,0.06038590694506583,0.2916423762672844,0.5465640776845989,245384
track_05531,EDM,126.82749342434016,0.8083028571520363,0.9942383738073559,-2.859986843611406,0.04838325453585847,0.05770614146043201,0.261285338465982,0.17312437673204523,0.754216323963598,234369
track_05532,Hip-Hop,86.77421570791519,0.8603904526973938,0.8195487833037192,-7.530068988643668,0.33920085594287297,0.09014331765613791,0.04779543247720093,0.162213479486964,0.5855352516254858,238902
track_05533,Hip-Hop,86.37977522607022,0.7081336454824213,0.6676066684748619,-2.125396257947016,0.571785109526135,0.28937158829730075,0.09961231598239222,0.11277749325898526,0.7283450145903085,283863
track_05534,EDM,131.0574464373811,0.704332544877583,0.8017619973950963,-4.4426921649374576,0.060733160983941596,0.11342050294982393,0.18252416034365093,0.22068582553750937,0.5147269088578912,213296
track_05535,Classical,79.08509833428457,0.277602670260206,0.14192449157029288,-28.961510745161114,0.039162836781719695,0.9425975064892609,0.9507423891310967,0.34642699920491854,0.26096415937997575,358790
track_05536,Blues,87.32169713338163,0.6546084761006999,0.5277832269830117,-9.397761776000062,0.08068192112073999,0.5664310516829916,0.08255550328530965,0.29319567621367026,0.7820224300898784,222547
track_05537,Metal,165.64631549163713,0.3420131450794633,0.9336033489370897,-1.216327558615781,0.053526842917504903,0.040086735722441126,0.16839635967079725,0.20109523936158574,0.5769666045502266,201565
track_05538,Country,92.31898948401192,0.7162571799580186,0.6860363340766376,-6.961342520864409,0.05181544912685549,0.5219079232078894,0.014769614622059236,0.2131336086797943,0.6136560471583964,262277
track_05539,Reggae,91.9025085421915,0.6129707493572997,0.56757064353211,-10.216567961325094,0.07883509734178376,0.46065181047283743,0.039798644684357745,0.1899076911547108,0.7056354066874442,225597
track_05540,Rock,135.41958537988302,0.5246655921426785,0.9823408716500899,-4.553093060615223,0.13990411495356886,0.11274017690346508,0.0006419117793438622,0.20737850324110677,0.6466722153560788,226366
track_05541,Hip-Hop,88.71725159363167,0.8885985600507988,0.6202719717624657,-2.060305493421163,0.5575798859733353,0.15238002919371693,0.07194003108697801,0.2478514323355425,0.831914113752946,162857
track_05542,EDM,132.2185684051404,0.7668514191583781,0.8816094589228709,-3.161823869906967,0.06801702991801958,0.06286761223704418,0.05793385945657467,0.21312252940985765,0.5499295406460336,295395
track_05543,Metal,143.03874348984465,0.4922990260100164,0.9615231750029563,-1.0931124614971592,0.03744520459099647,0.17522289412712888,0.10482838666666604,0.12154849553715946,0.5383135857495163,186269
track_05544,EDM,124.10416132043271,0.7491969210435632,0.890337483820024,-0.962951603863698,0.04066352227353938,0.12806809880934467,0.16598196264414525,0.28402177912281257,0.7984678458914233,189698
track_05545,Country,113.88458492702132,0.732361970882268,0.5545996518844912,-7.580159572144305,0.09683280983059057,0.6888587183764109,0.038082467865658456,0.20629106097530414,0.7462730242814647,282603
track_05546,Metal,159.42672230212136,0.41797250587860924,0.9242181606165601,-1.8136944322416007,0.05528720677137828,0.04429962072629208,0.1625403038090913,0.15422708923647505,0.5531327757949767,321652
track_05547,Hip-Hop,89.11530488745177,0.769790959275547,0.8510738026305831,-3.286752576350005,0.5460294767380974,0.017242885341373526,0.04868981341297181,0.12716856387303402,0.7695041767116786,164407
track_05548,Jazz,87.99072790794105,0.632372869892432,0.3195500714394483,-12.301091682725549,0.04741990945870142,0.7789495506894397,0.8822054426283574,0.33864305700435704,0.41185864659019,412924
track_05549,EDM,132.24739942918518,0.8666211033866699,0.9712075753405959,-2.246100271884319,0.04631398572014167,0.03969907268582487,0.10319305523644107,0.27398572403124377,0.6349892066805746,227865
track_05550,Rock,151.44798118494722,0.7257350026249622,0.7043554689324671,-5.971155416571878,0.1190389320146034,0.17710185272141588,0.00431219078660735,0.32308982967591104,0.5352343280609765,255728
track_05551,Hip-Hop,85.09415982840343,0.8998610968494722,0.6354665463913787,-6.250986484539295,0.5931477610184148,0.08637139595500024,0.0412215086386154,0.15614022973862549,0.6873870334145716,170729
track_05552,Pop,117.08218329939777,0.752654319613769,0.674609921900223,-3.9243722313149068,0.07728346177456444,0.4170881155656905,0.03208773114017368,0.2830188477552883,0.8242496045316785,218951
track_05553,Rock,148.65893607949465,0.5464218634808984,0.7253318558151866,-6.317847122588002,0.12912577898229843,0.163652587067395,0.29058448444690865,0.15557251413344328,0.6834798656995139,265469
track_05554,Classical,70.53703199766483,0.14602763945662953,0.20086356623786378,-19.588389758138653,0.0314763749051963,0.9665891647634026,0.916796491284489,0.28699191348485764,0.4310402663714889,536596
track_05555,Blues,80.3987664325341,0.6715187515192268,0.6061290245043887,-10.25917439856037,0.098060788079493,0.4060883174198946,0.11140994080970462,0.14772488850136947,0.7285580496616351,241186
track_05556,Hip-Hop,86.9714166089136,0.7251865230773669,0.802011946217626,-3.64770248808121,0.358859487183188,0.22791161185313932,0.08793940403789671,0.13492475360718933,0.6808166724649857,259599
track_05557,Jazz,113.43557190704958,0.4351420705372533,0.30308249309047586,-5.682166994422655,0.05880097179369168,0.8440350225743569,0.8825321887393843,0.4174126170182122,0.653140887737538,285054
track_05558,Hip-Hop,85.07571027866287,0.8064380044219875,0.6985333020391431,-7.50521009018287,0.3095776630190425,0.22943678531605183,0.012922747982374106,0.10307280191884682,0.6753639488879654,156474
track_05559,Country,99.55844347984876,0.5713682657352763,0.6179135142408463,-9.333194457786208,0.0739676080597932,0.6844178046288181,0.09077608522676393,0.19084613137066814,0.6487106932637275,270919
track_05560,Metal,153.22246213598845,0.4342427809052226,0.8926477357797975,-1.0096703863835987,0.035821800909005455,0.05706428253964105,0.04215746618180938,0.20883760008899083,0.30084268061525626,253432
track_05561,EDM,136.99096342633797,0.7994321673083402,0.8697758930175452,-2.447030723382065,0.04978795184812915,0.07128291434089676,0.24115624975071273,0.11012306331192939,0.5468090346513839,266487
track_05562,Metal,142.17918030126117,0.5689019446782608,0.9098954519815989,-3.603402605204132,0.05645878813294605,0.0363907342016222,0.10245825228560923,0.20835140393202323,0.5293769560619924,261863
track_05563,Metal,160.20328772149216,0.5102494680544174,0.8704446077737231,-2.1729930793771093,0.06280416232396743,0.16019213749158395,0.10000479388236427,0.13880354302977466,0.44271699093039274,265749
track_05564,Hip-Hop,86.16181939754364,0.9250652475172783,0.7081087167639651,-5.046962201658889,0.33446860091368213,0.015328607295882845,0.005877746944596096,0.21375392195014237,0.6285612615871398,265140
track_05565,Country,104.03376026222814,0.6488650196833223,0.40177008297722816,-4.569229536421448,0.09884485319421571,0.598355512355719,0.145564987448733,0.12672016867055552,0.7298747892545556,291645
track_05566,EDM,126.23785181824043,0.8118167450460576,0.9880334638130754,-0.9250736929037213,0.03411022516748679,0.08803566610830225,0.2984634675204874,0.18198836887065575,0.6545079176744352,235740
track_05567,EDM,137.16998743913257,0.8687040460248885,0.9129618984993065,-4.107049036116168,0.04887199991377966,0.06451929199045132,0.026813956562216135,0.17750483967379868,0.7435332598419262,181296
track_05568,Metal,146.162755635366,0.5510507877878339,0.9905093522165337,-4.5112439468086425,0.05676973228768806,0.059535097834888556,0.0757745030992407,0.19531152483468212,0.5372407476639798,286655
track_05569,Classical,83.55214201972774,0.2737316713529112,0.24959615463792886,-12.239144565185267,0.032598316269012384,0.9802887196624135,0.9805488366253277,0.4520196301624561,0.2017992787634377,516846
track_05570,Blues,86.21690139266765,0.6546044370541754,0.5391229568523858,-5.73893541406388,0.06381445999583986,0.45300473079467685,0.16200081515078152,0.10187095784085132,0.6353336856096135,290095
track_05571,Country,104.6603888622709,0.5449626342685524,0.4710331667535921,-8.15569050450198,0.04875915781691513,0.43651754262409725,0.06253204221356715,0.20788622010459196,0.7025838941434566,194502
track_05572,Classical,68.24982141410167,0.2046110990087328,0.2241958453085814,-27.542584187042017,0.061138057033048226,0.9386247729695013,0.9726348541502422,0.429592265072811,0.3259967667728038,559752
track_05573,Reggae,91.03991639986828,0.7941550194666798,0.5672931384629569,-10.053125501077917,0.07455864629915165,0.6125030387570971,0.0657893965809263,0.2673550327296891,0.5723131359031013,212421
track_05574,Reggae,86.99318660551072,0.7890940550758736,0.6835817656310689,-6.52931975942449,0.08355910092077826,0.5443928758919107,0.009574317185880844,0.2325382126048931,0.6034738676830789,180266
track_05575,Rock,129.60099099651336,0.5953065924998653,0.7414331764785875,-5.935082137259218,0.14158997326029799,0.3432805277751781,0.16309153758602513,0.3824197668991731,0.7586998552611849,275080
track_05576,Metal,167.5380326940629,0.4459218387673337,0.8547844220637707,-2.5802024301599054,0.04226656677245662,0.11325604133324388,0.14239253049220144,0.2540129839283508,0.3808404870758374,190995
track_05577,EDM,125.84888426362622,0.731335344613435,0.9589470940215319,-0.24652194248606563,0.039050604218939376,0.15310470237810356,0.13110075297431759,0.17104291259036628,0.8947539339223465,282154
track_05578,Hip-Hop,81.69057667689817,0.8325483073685871,0.7578355030256467,-2.1952553045885654,0.3804770995572373,0.17112987615060807,0.03815525964230063,0.18439996199479303,0.5222236250307781,295791
track_05579,EDM,125.38973255511627,0.8721169137733822,0.8064828148119837,-3.31226184061224,0.05648977591059031,0.14134279645416067,0.18903506005329462,0.18830793765909726,0.6018686260069024,250649
track_05580,EDM,129.8900117745641,0.878827334539914,0.9265128062073382,-0.943671203419469,0.03511323698393484,0.10505082760746226,0.03489469494493751,0.2555732150217973,0.7082225541619458,297354
track_05581,Jazz,112.82248768693292,0.6955902840872279,0.5842070572710055,-5.276940704489505,0.06473377570992624,0.5221012951197315,0.9580892972347002,0.33046590978241464,0.5564646222675758,332751
track_05582,EDM,136.7028450497989,0.851826607119295,0.9473805780198465,-3.7562585017078938,0.037802194601941,0.11105385021025699,0.19138374673875452,0.27435632326897236,0.8285594572711079,217721
track_05583,Rock,163.1581701120096,0.7189876306879621,0.9925754169240059,-9.14790266134137,0.06756873370919474,0.3342148939530386,0.12275400672101387,0.30174399143909786,0.4532471897389209,285846
track_05584,Classical,64.58896036131563,0.1463833014280555,0.18198936861564236,-22.336220776254244,0.024243546074679,0.8461766031821111,0.9716142886337444,0.27333537581054873,0.5770167215161455,558912
track_05585,Reggae,93.96986584968168,0.7119226469330504,0.6503704196097995,-6.507804531920669,0.07319851275705291,0.6432030341303021,0.020580190711640925,0.255226612885583,0.5491503769893428,229902
track_05586,EDM,126.26295900112896,0.8127633511637365,0.8826658148145994,-4.123629043555606,0.045601310925284536,0.10240027193692519,0.08570229173490763,0.13537013247503954,0.5792941642237768,212914
track_05587,EDM,122.91253326526024,0.9086562602172177,0.9705190097326454,-4.4547659926345835,0.040654638130286094,0.14721780018501382,0.2609900073819244,0.11433459771392251,0.8609481287617451,275179
track_05588,Jazz,114.76802808920526,0.6610593131939708,0.3214116119341741,-12.363529436856691,0.05202482820467233,0.6869717115491742,0.9097186398162443,0.2296916991202282,0.317508666954334,388016
track_05589,Country,109.3541369834511,0.5163876485958565,0.6899516313584235,-6.275486884699016,0.06508859941296675,0.5237648980006824,0.14980104789310864,0.17126475715412087,0.7330843737328862,243185
track_05590,Hip-Hop,80.15201981631499,0.837837240149614,0.8666017478606453,-5.924085258012031,0.31735504991272995,0.11286034623209298,0.0875334914799087,0.11546312922925506,0.8052611897364894,161224
track_05591,Country,102.65739225968566,0.6125923047876276,0.5590762072767429,-8.342135819840781,0.09739956252219954,0.5833630009873494,0.00013883577111428735,0.15357849296037765,0.7998042774721665,235247
track_05592,Hip-Hop,84.03635072588293,0.7419399320047655,0.6360301306041716,-6.102447454560318,0.4849684835416807,0.1998990049933263,0.03699551036889327,0.1461516201137017,0.8980115370140964,228580
track_05593,Blues,86.6779788187288,0.7223260190182746,0.7303327839495869,-8.924869575627602,0.07014629259567216,0.45733096845495413,0.1938083014545937,0.19532484726412463,0.5378634032608017,190952
track_05594,EDM,129.1526591414774,0.8957510537886417,0.9161375411565197,-2.977714463965204,0.06742459010557014,0.05913217650957297,0.09627423796300945,0.27510689653986575,0.7505369815928411,193827
track_05595,Jazz,121.47309218518586,0.6064702021859446,0.48506440793023464,-8.230146414902812,0.08159706985855136,0.8729634103405921,0.7220969316093891,0.37692958893229905,0.6012829149023515,338811
track_05596,Pop,114.35891771123396,0.6035384620093572,0.6527799723707198,-3.1855000146650463,0.09932862486448008,0.37540196035209183,0.03301262209091544,0.12556160003664518,0.5016331123967774,218661
track_05597,Metal,161.4264299290165,0.37758256512487454,0.9985538876054809,-2.3986481258276946,0.05169882106143826,0.1805483553618984,0.028889386700866382,0.1575809960362211,0.5867799785808254,292257
track_05598,Reggae,82.11862195899916,0.6875420554290161,0.5190340883676874,-9.018980953681599,0.09077669527075513,0.34028164698688573,0.18887231986633105,0.1617180741529975,0.5043606888204508,232689
track_05599,Classical,77.5862374423792,0.279460492331721,0.3411309357030611,-27.176817870050428,0.05121560332571101,0.9438278217177163,0.9101173580731275,0.24410118544813728,0.21602627365248664,489120
track_05600,Reggae,89.55194702714748,0.7754644670376214,0.6522427325102221,-6.027105027107197,0.04501901030913253,0.3224410923985945,0.16078021382711835,0.19955003172229063,0.6412787133226175,189910
track_05601,Classical,62.406319953680935,0.1792839832916813,0.1259720734668241,-25.713817500095676,0.04434151429127351,0.8189659828487158,0.984081367280461,0.4028055493870319,0.3532476995385911,333007
track_05602,Blues,86.55235979160494,0.671948196283262,0.7416346873046971,-10.450860365326802,0.07517188389115667,0.6121802039315243,0.044787576622632844,0.18040281677384484,0.7745347023562306,243614
track_05603,Country,93.93635055217307,0.6662559935395308,0.41739959588083836,-4.238703488146025,0.07691448757148592,0.49505535144189494,0.15460831175678133,0.10315988984079782,0.6128708706171233,299768
track_05604,Rock,147.64544095110102,0.5031941091936817,0.8100859016207925,-6.738456185752707,0.041534440570203356,0.3052292199714565,0.030827072807116784,0.12698853723716405,0.5471732386258009,253665
track_05605,EDM,140.07274301931454,0.8169467781968501,0.9611057389864286,-1.1595255769262565,0.04620971688142378,0.008122374532107669,0.0583489136452138,0.19739052984184907,0.8710055026648267,195353
track_05606,Pop,112.40869006411613,0.60221213295399,0.6714004239513912,-6.239043163050155,0.1149203392139397,0.4979286800187682,0.028971877692212395,0.28019670229545507,0.7472904136184272,227781
track_05607,Classical,75.92197705753621,0.16883655800822622,0.299792521018552,-22.161528792329523,0.033214412654823916,0.9384306187683173,0.9980204047500107,0.44321155083094976,0.36562064072064626,548777
track_05608,Metal,195.54049749748472,0.35475139179523746,0.9277068073407898,-4.17947852527261,0.0766514042330973,0.0920499216916701,0.03274370861023077,0.29150572947897013,0.4546301741077995,198178
track_05609,Classical,61.29238326061589,0.12128576828188242,0.17265098396027767,-13.108442947674106,0.05206530627275417,0.9331125054855148,0.9806074174242507,0.40011285261385116,0.5424218409524362,539965
track_05610,Rock,153.21879723445568,0.6306669613055442,0.9500929813369108,-8.796468411974217,0.07404304480331361,0.22128337459503167,0.09383876796188802,0.1653212647057432,0.535259811576917,206768
track_05611,Reggae,95.19955582023792,0.6900436224420666,0.596874675159705,-8.961345248682857,0.09619124895933522,0.5414259395596936,0.1462714631636158,0.14590334906225938,0.5284273916975685,285363
track_05612,Jazz,137.24289394031058,0.6821458029866639,0.33014468487356524,-5.554113897593277,0.09701588543671807,0.7615588155119213,0.7887296424478347,0.2414276522144813,0.6295414139648574,255511
track_05613,Reggae,92.66177598928262,0.7023519120275142,0.6077123739602605,-10.26429288583895,0.06784926323468396,0.3956530580756838,0.016569416792826686,0.26922401168399746,0.6778510945568579,275348
track_05614,Blues,85.26434206087912,0.6582835755447745,0.5430837084311858,-9.250447733410414,0.0774731047660886,0.5704987846794141,0.04008602380830437,0.149880380420778,0.7790303657226052,263893
track_05615,Jazz,142.36043159847225,0.6979397068944806,0.5494535772058411,-17.59184050456094,0.05347311011442331,0.7049652385695416,0.9157679559703079,0.35281134959606947,0.6607202701021949,370832
track_05616,Reggae,90.00411971702218,0.6769887182988479,0.6637113970948866,-5.342955908110763,0.08909897750531355,0.39480353002254076,0.04269666637992373,0.23253929966956846,0.6785989804427185,218401
track_05617,Metal,155.9868668760839,0.5278111608547409,0.9447176146995535,-5.174130944679703,0.051342994149932514,0.08854270192633829,0.101716365767285,0.19223169342075375,0.4505146956827697,326491
track_05618,Reggae,84.94891927154612,0.7450218802533563,0.5330811892867653,-6.975073700790341,0.04406357971234845,0.5010028948030956,0.10537904818457842,0.25565294114121445,0.5034675948215699,294784
track_05619,Metal,153.92433829591258,0.5572258440246216,0.9505513094298341,-2.620923159783432,0.051086767294606296,0.0062353996259105985,0.16530795889267466,0.27215925227786886,0.4445379216599983,228217
track_05620,Metal,153.96882280816018,0.44329629338073706,0.8592317604220968,-3.2985226507274223,0.0644299419830817,0.03091129892458615,0.10614309881296845,0.2551919431295034,0.4426772361344986,326467
track_05621,Jazz,126.79884827879542,0.4420926517975208,0.3790418624542757,-5.296075614721296,0.09701650358392905,0.6132723365947136,0.8298708010469247,0.2467829322563793,0.4050552687564307,395098
track_05622,Country,104.54517040278296,0.6650753507035543,0.5451161233622108,-5.170868356192752,0.07307567715240144,0.4680356387394065,0.058149581192574365,0.26539348648959715,0.7823694079087962,195568
track_05623,Hip-Hop,92.6711571007523,0.8208766675836072,0.8525083974609771,-3.002032322997243,0.4368460837069436,0.24137466591325712,0.019295633899018862,0.1747828067954203,0.5318407175107177,208416
track_05624,EDM,120.97638289472044,0.9438107830839608,0.9153528639220997,-1.1675185258253062,0.04606376395540128,0.11231059990231361,0.10420671373681953,0.23936947357753718,0.5984979702901413,237936
track_05625,Classical,77.83280894007886,0.2500140455886126,0.1738509993736653,-17.642100642695283,0.0667344387805878,0.9123788538727378,0.9778977348434945,0.4563210194955579,0.2695560238242262,585220
track_05626,Hip-Hop,89.04445414524746,0.849837858232315,0.6708210921801888,-2.8030358132100686,0.4730482224988958,0.18320078855070762,0.060656132544805334,0.27335589556274076,0.5547908677125505,265224
track_05627,Rock,149.7640866650713,0.5912441718639788,0.7484286863625742,-3.4680540874574586,0.06808828514178908,0.32252425916967675,0.0871703175751045,0.15357448944441238,0.7209648730261992,220731
track_05628,Country,94.13088920466777,0.5133909794166178,0.5886935601683296,-9.536343536728433,0.07002865715526169,0.4237490901354333,0.09586968384654818,0.18382132675042806,0.6772802043155671,284542
track_05629,Hip-Hop,93.09633283964126,0.7532081728788107,0.718627651931635,-3.18758400526964,0.5732413482912071,0.06797165858906556,0.07933936599698137,0.12171103567267637,0.6702994646083951,180439
track_05630,Jazz,126.51751059847733,0.6276643953398217,0.32873066781367377,-18.017511798126286,0.04063491172233607,0.9928591105791809,0.8248540588248962,0.47911694202649097,0.4680573083740416,414360
track_05631,Rock,138.7857646220571,0.5221236337198638,0.8940510363582697,-3.310565075161847,0.08560891497668022,0.28728635815231374,0.27582540204826883,0.22572982716878828,0.6658347223111145,225732
track_05632,Pop,124.16664744444125,0.8886392929577085,0.7259503932430379,-3.571735526202847,0.08550389489115029,0.367354433117973,0.019307074359575745,0.28351101334524487,0.7587768587953576,243866
track_05633,Country,111.04208672576645,0.5608713088822902,0.4224147730681995,-7.91781735470816,0.0692369333485095,0.6303814258599272,0.08057956732246548,0.17318908041256328,0.7725010178956634,222297
track_05634,Hip-Hop,88.56777761820561,0.7389329091593959,0.6843849407359938,-6.7582255886545965,0.5588022926341358,0.19440194803874775,0.046849573685806827,0.2893886108432566,0.7943305181572404,163180
track_05635,Rock,129.63644023452906,0.702628131933567,0.7604473481970555,-7.578219858325848,0.09115415205754825,0.14720979461851022,0.006234414854834491,0.1981257819612095,0.7297263076353808,182601
track_05636,Pop,117.7943909071367,0.80909034603652,0.7687207891386254,-6.537337095281328,0.11704133790559526,0.20015516656276536,0.0261843525103596,0.16791113597386254,0.572310101769258,181262
track_05637,Reggae,95.12662416211188,0.7949564140346996,0.7559801052634337,-10.473808555531999,0.044704768303067945,0.5746722497678107,0.0060068990234859905,0.27182455106912384,0.7476643232076019,288974
track_05638,Rock,128.7630571572513,0.6657261103579603,0.9920602102345513,-6.791435180657373,0.14838389577652497,0.3645614500085692,0.03796259216793678,0.36846926336506614,0.5219469169606907,184098
track_05639,Jazz,125.41374695069246,0.5605219509548602,0.4658366414742434,-18.417247617188504,0.05459289652968759,0.8899406472342795,0.8391059374813766,0.3371203451861172,0.5183647183824537,364701
track_05640,Reggae,86.5972703757265,0.7497460928650737,0.5378691831574706,-7.783106437183697,0.08521160698477079,0.6819623724180651,0.15559198949893838,0.20778699795331929,0.5615491005986778,286614
track_05641,Jazz,130.00949809770339,0.5280234823892648,0.5367145099133858,-18.422613231946713,0.07487321303848887,0.5232053786862277,0.7468507383264019,0.3796620912233398,0.42304267863977996,342275
track_05642,Hip-Hop,91.6752296490242,0.8615900191587185,0.775216098202554,-5.800664533760781,0.31232621342148353,0.08031215979610028,0.08477227589061538,0.22965383606091336,0.8257704626960072,203918
track_05643,EDM,131.24928687056814,0.7434278433268673,0.8438667279503242,-3.973529844651143,0.06563219277027335,0.13999909654366535,0.2645529189164406,0.2827492999753666,0.8711870140639559,247060
track_05644,Hip-Hop,83.24898454046063,0.8190559627646407,0.84867685207703,-6.00843995508812,0.3066633388559771,0.09946431510459615,0.07163503304053441,0.12472281032241386,0.8139123431595638,241287
track_05645,Reggae,98.65351816600209,0.7212911372726998,0.6937631246434157,-10.555404838928625,0.08964416348330759,0.68084579152534,0.030873888280351026,0.2776534312201836,0.6193074816543418,236664
track_05646,Metal,159.72425737519106,0.4025839280487311,0.8942759257455756,-5.857035054069662,0.03580529545384898,0.07499912239236635,0.09625094822302425,0.11714937861286262,0.5474964747381916,211961
track_05647,Hip-Hop,82.0909488883298,0.8341355810665082,0.6612052676465296,-7.597825703010633,0.3772165159158692,0.09514695268890258,0.041581388025543786,0.15919003401254112,0.5143243871219466,164929
track_05648,Reggae,100.68798489308095,0.6266138563660061,0.5861005031984001,-11.415239033672995,0.07694841927816848,0.4897085995711191,0.18580098907460774,0.24811060063468315,0.7333662087682883,286929
track_05649,Rock,134.3918151067356,0.6509570250907698,0.7135200345321141,-3.6444401372727953,0.10919796199007759,0.27216889585752635,0.12837115613080088,0.2529150593560039,0.5601178520442539,200016
track_05650,Blues,91.04936641959125,0.635707832367698,0.7314459383407478,-10.705526524875674,0.09943218037225983,0.6413898137200246,0.14743735476461742,0.21833768461830833,0.5727644590814862,201171
track_05651,Hip-Hop,83.06174470068784,0.8199537267433123,0.6203940715717294,-2.114269499683598,0.5068327651024241,0.13547096617288792,0.09922614900768867,0.15443944250321814,0.6348082279045316,179480
track_05652,Rock,124.35941180542092,0.5559534913574868,0.7565440531629166,-5.724141821709001,0.06529612268430694,0.3855183733166898,0.24501779375319327,0.14836173250824805,0.7335922865689486,247019
track_05653,Jazz,128.25655623792494,0.6992287193022624,0.5393015428493523,-14.146650200312678,0.07651249627565357,0.6820933245678141,0.998788385006124,0.2203559713113816,0.6572321300278612,343985
track_05654,Country,97.20448394787343,0.5176114664267708,0.6717965161948044,-7.800693801017913,0.04264811333499343,0.695071604007927,0.16058157661833894,0.29623657748398613,0.5836416943262118,272098
track_05655,EDM,127.40794038808632,0.8330243918332554,0.973532565829735,-2.1013547956664906,0.062043934402026456,0.1946193935246895,0.24136885023404608,0.1630719241223354,0.547479755845683,228225
track_05656,Jazz,123.57654036788004,0.4826701827260653,0.4438966423517712,-15.348700971560323,0.07059128910015641,0.6542465384126639,0.826810483748475,0.4745414980872038,0.666642253255196,376921
track_05657,Jazz,100.8374392272404,0.6667079916185299,0.479052986328783,-8.784198730438945,0.04975565155884849,0.6598490847334098,0.7825654069590472,0.36792686766687605,0.698870105066324,370497
track_05658,Reggae,89.73298967575548,0.714572745289016,0.7277247925654848,-9.698293731678106,0.055191477608418464,0.6352176678604855,0.19211031220933789,0.1842814713312056,0.5123793483186886,276828
track_05659,Metal,159.67418059737167,0.4913892450101812,0.8191280761662796,-2.6750571233506113,0.03886526229105537,0.08157588097204259,0.12511081105434066,0.17301082421071778,0.4142652592362406,250343
track_05660,Classical,63.66682377625249,0.23103886478476424,0.35474579807409434,-26.947016343973488,0.02275567874015056,0.9651068087561305,0.9551130791629183,0.4483103896711741,0.2852142535960382,543933
track_05661,Blues,99.9266708491438,0.6691688393516234,0.5604848463080385,-8.811933354495512,0.07944712688746147,0.6993859439578651,0.163450613180388,0.1868615673320761,0.7229743558585988,245627
track_05662,Metal,172.3391248075396,0.39809135067843504,0.8520692131294676,-1.134358480616517,0.06066710397266409,0.014877990012290466,0.10508092353824966,0.2794279585754639,0.42485454594141187,252846
track_05663,Reggae,86.78023300049006,0.7711001481996693,0.6346463480983656,-11.603179818677281,0.09273420321081219,0.5257412842607838,0.03966435023713391,0.16349000461161045,0.6708118893160111,275242
track_05664,EDM,130.7926905180016,0.7583455115942797,0.895862078563009,-4.074771361490584,0.03981516695369573,0.16534680994957543,0.06856236621834817,0.23907349024014238,0.6001879252827971,293995
track_05665,Blues,88.37029599583397,0.6393542440925235,0.6700239042340499,-7.0537378244311775,0.08433035657851473,0.4480492782160168,0.18439095526342753,0.1657456113294383,0.5333409930195461,187838
track_05666,Blues,88.8595088207197,0.7021353461454468,0.6439438960806494,-8.040790902408467,0.06146966953161058,0.5803108755050204,0.13721423425388207,0.21493093098804325,0.5173078054234662,208353
track_05667,Reggae,90.64319186400436,0.6583747081124778,0.7882862969226714,-6.0312638531155995,0.08819846486963517,0.6238553865046766,0.17813546555690526,0.27304202199127403,0.7784622689317798,221352
track_05668,Pop,105.98146755578306,0.897095537107411,0.7325871929890739,-7.938732585195521,0.053100524236509086,0.28350648644907805,0.022174089317380144,0.1811117450137964,0.8294413675393222,248449
track_05669,Jazz,115.7494500178456,0.5790039806373397,0.4147466637310878,-16.87542003268598,0.07768317745699946,0.8011245849042163,0.992382832248591,0.3683210962896697,0.6497190344984478,405279
track_05670,Country,91.89882698880962,0.7255513415388464,0.4792375126173206,-6.53389335527296,0.032192849705203724,0.6676019636384204,0.0895473892303289,0.13557428598624724,0.5717949853115775,192842
track_05671,Pop,108.84683717454215,0.8352309003439367,0.8228693522680238,-5.227212617244083,0.1093741307487825,0.3627748651737549,0.03283497707782831,0.21594163370922176,0.5200074803346686,204787
track_05672,Reggae,87.71852452077712,0.6711542853677094,0.7407733115494994,-6.33010800668734,0.09794567406799104,0.43067985564103073,0.19947988012335294,0.16011489621837285,0.6354110494713725,232572
track_05673,Pop,115.51759848827504,0.7856437475862657,0.7711331400543155,-5.71989905339484,0.06343017213315452,0.46383622597899066,0.037009537807489154,0.21191793965412953,0.679382555730334,192953
track_05674,Country,113.74491867446513,0.6691155728391152,0.4609120615106152,-4.833153000533507,0.09055317478830097,0.5842021113989794,0.08532364120054628,0.2648546929333154,0.639498704863063,237184
track_05675,Reggae,95.66923699345374,0.698927571994099,0.525303980555371,-11.73835102671447,0.07727208092861233,0.32781223044965646,0.014257774421623282,0.1850879012021457,0.5628524955768595,191907
track_05676,Reggae,90.89742375871894,0.7947862453475241,0.7376142396348754,-5.9830972661460535,0.08077624165166072,0.6473970302667729,0.1185596556666798,0.21346735310962656,0.7621134413457096,270223
track_05677,Blues,91.96719624439598,0.7911179321946942,0.7869435652151913,-8.276403127728312,0.045881782961974656,0.4832742114826326,0.005396676730326422,0.18304025599502982,0.7728256505111787,205558
track_05678,Pop,101.22864741542251,0.6417418030287788,0.7305168627910996,-6.4502647066246475,0.11890214860094248,0.10147719484048268,0.00318371701216324,0.29347757335198166,0.7175166986743168,247995
track_05679,Rock,141.60941197142807,0.5997906876605931,0.844289652304901,-8.87083060358739,0.09121419358531738,0.11420410081996062,0.2519992001322596,0.288297893987359,0.7765961723392012,182004
track_05680,Hip-Hop,76.70764061799306,0.9414889525289947,0.883300335297102,-6.764506280510332,0.3000988156517371,0.1988246453240134,0.047564155729627994,0.1669317048447194,0.8667559024975597,202219
track_05681,Reggae,88.94201735484152,0.6923740132910856,0.6159221372388527,-7.662619498750751,0.07377909975953038,0.33490879401675255,0.02633888117740122,0.11034232547221817,0.7857820148486576,263913
track_05682,Pop,111.59121828559529,0.6817792896678695,0.7663484732457695,-5.260932468107411,0.05673448721961723,0.2769200965921251,0.0033466143191577206,0.27038069571823664,0.5428447116913692,245945
track_05683,Classical,59.50050782339127,0.263244410766892,0.29082737349327453,-19.283830671853124,0.06493505121659385,0.8307332733445636,0.9919716165826783,0.28117616139019674,0.30510294922444714,532145
track_05684,EDM,129.77427777630825,0.7834978012889703,0.9661416442553914,-3.3599506254875684,0.05202751935915616,0.04616898855742196,0.21945611117815214,0.13338822076286,0.8597725944381884,204757
track_05685,Classical,71.4913427414989,0.10260574218003447,0.17596542271936383,-12.300363265423641,0.07575611408960581,0.819441957669049,0.9952628698446245,0.40115781553205276,0.5690230294677923,475625
track_05686,Pop,137.9290433018914,0.6974395821282529,0.7119964072526492,-3.443039846059624,0.0697284210150354,0.43558671787417613,0.04676505270859289,0.26101055750901503,0.7109013374555507,233536
track_05687,Jazz,132.88724436796338,0.4235736438690051,0.3991409954328853,-9.85192350330158,0.05761516486119971,0.9207792701804907,0.9960501094807693,0.28436587979306527,0.44443114581750504,364040
track_05688,Jazz,119.26491971288446,0.4638272975891527,0.48508348785916344,-9.126290294712996,0.04070138307181356,0.6832095738336009,0.9497392291862962,0.38966323803103475,0.5461081753695234,394751
track_05689,Pop,120.95792443446356,0.8698351407090344,0.6464349802249896,-7.827052314681029,0.07668894607870799,0.26406190599160967,0.032293176339059794,0.1171181997976357,0.8285993622799015,232403
track_05690,Blues,85.40693507056807,0.6311716847806735,0.5809669859328039,-7.7411062973970735,0.08350143643711236,0.5543973617367588,0.14272684247007453,0.21630089577500297,0.7507498734151463,243469
track_05691,Blues,92.97664697103565,0.7423361778171811,0.5120931574086368,-7.574342382180902,0.07272346085706828,0.4997253353187219,0.11060879352502945,0.19211316536771345,0.707549669793117,267276
track_05692,Reggae,91.1794884979897,0.7863667043873068,0.5627511434973456,-5.441360576684245,0.0734007111775069,0.3655536288623391,0.14721542139260677,0.15917585306050702,0.5661372749406502,253717
track_05693,Country,96.08114561222006,0.598283243340448,0.44991981456890434,-9.481317753824372,0.04537327974315389,0.5596407196702688,0.026989430222603764,0.29023270920711586,0.5655507371154362,236803
track_05694,Hip-Hop,93.08521178773167,0.9175290469430739,0.851385134029099,-5.799589855488709,0.3599712092223327,0.24069626454477167,0.05969145890621811,0.10632009346798577,0.8216863730881723,222098
track_05695,Reggae,91.64810427805843,0.7978712449320948,0.7746509012004155,-10.752099175719188,0.0804416958783648,0.5613147920301147,0.022171455911037554,0.11790378732900096,0.6708332351122032,261722
track_05696,Classical,82.43977713030941,0.2956633978269188,0.24588056334591313,-18.006440318128014,0.07055596324059157,0.8668074889295363,0.9179876672521879,0.33008809582330556,0.3274770688712369,475392
track_05697,Hip-Hop,76.66588298654027,0.9022722375649227,0.8530939662029322,-3.145697736695446,0.49195094174622256,0.09143522919251246,0.06364882997680371,0.29190233548338207,0.7593541415130507,292353
track_05698,Classical,76.09900417891461,0.20895526156511968,0.2080769431129122,-18.18772290371828,0.05079080409670059,0.8552439312797233,0.9539983454945407,0.3136322334853745,0.5684464303615389,398576
track_05699,Blues,92.86980408811468,0.6098799973185113,0.5042518045813974,-8.54338003091899,0.09091077712946856,0.39913414373214784,0.1386847711695661,0.2093809941746616,0.5872385326945585,295067
track_05700,Pop,113.95232711090851,0.8948400133995925,0.6461993208829574,-3.5062668975390157,0.09670903295471973,0.47874445608387106,0.015905340320793816,0.14851878810666624,0.646209384565664,215816
track_05701,Country,105.420024335638,0.7384088733090834,0.6694868532282312,-9.491373836469396,0.03371680334520664,0.6883735138084475,0.03998116906872143,0.2100828174742546,0.5224129417828799,202874
track_05702,Classical,58.864327161471934,0.13730219918171244,0.3870948701584872,-13.967020950223809,0.07045407585352892,0.8595582582237439,0.985675869916145,0.377235177596538,0.2226925347333321,571426
track_05703,Blues,95.61987897927796,0.6716445518507518,0.5127775908454264,-7.130423602086143,0.04232525147367622,0.5211128887203909,0.02782240344430791,0.23416339465062655,0.76781117075415,241400
track_05704,Country,98.43950123357176,0.625866574286998,0.6311176460967296,-8.825151635485334,0.07864988098957636,0.6215829103206285,0.005349203107109846,0.18625366060985935,0.7936839650514496,207338
track_05705,Reggae,93.42435756951933,0.6430193473347191,0.7254274610489319,-10.98923233200139,0.08275018218547367,0.301415515128654,0.18376500763358264,0.2654777623587184,0.7048890382187074,248185
track_05706,Pop,122.56408100023194,0.8027845319173974,0.6040755809753645,-3.134674694836595,0.11164427376025962,0.42615134445690916,0.04062060814673066,0.26687501747130754,0.6737023924160186,253260
track_05707,EDM,133.5139664470988,0.7411870602852966,0.9586981421088353,-4.535146886651472,0.05365600444162616,0.1596940218875765,0.04378705024289746,0.21430381894290756,0.6699512855730301,206179
track_05708,Jazz,128.74865904526027,0.6212704451923556,0.539196644539189,-5.37561953956512,0.0525374464085848,0.7522193385528562,0.7274373109410276,0.22468223742487836,0.3417330505673729,355334
track_05709,Metal,167.77676086131916,0.43079868540851185,0.9110406475127332,-4.9681649918051125,0.0695540604522365,0.17767082261843448,0.09711936359135385,0.13217485481009836,0.3015304962707246,326902
track_05710,Country,104.22791606565055,0.6584950620264483,0.670560031218399,-6.235489471115874,0.034260275739629614,0.571125666493967,0.10484289161432479,0.19040464950313601,0.6706385930009462,223982
track_05711,EDM,125.09780315030557,0.9438105956040844,0.9722037233870882,-3.640193340634637,0.04344680719824731,0.04917963585455947,0.27851971652770924,0.23063943440104842,0.7084715233290906,283817
track_05712,EDM,128.09107828404365,0.8478280390909325,0.9431597172657348,-1.669656041465795,0.03796285866273076,0.1686076779528442,0.25475471796836374,0.18087031471569265,0.5523658796837171,247524
track_05713,Country,98.29614062466827,0.5668504831711023,0.5904930739458364,-9.170247416824477,0.09980943983983546,0.4376020105616753,0.011690882198815956,0.22248174692341138,0.6390234717120042,207268
track_05714,EDM,136.33430458727736,0.93514346243435,0.8587233846839454,-1.9540200940879675,0.05070279462545851,0.19843170878743166,0.12250668280217833,0.13585813269574137,0.8332835452400651,272130
track_05715,Classical,71.85074297464838,0.209459103006143,0.34362334544975015,-28.700049916457633,0.05887772955510383,0.9623608881141319,0.9094595710897118,0.44347173942334245,0.5148623708248383,572187
track_05716,EDM,132.96069153386858,0.7910107365832817,0.8641121097077993,-0.25026008807098066,0.040911903560968174,0.1753130221393749,0.29246880663077973,0.2645479897653748,0.5078068253049868,189301
track_05717,Blues,99.0440394513036,0.658986222731446,0.5806697638444107,-10.704348701359002,0.054490164061212175,0.437103382853951,0.11334561794642406,0.25613092921418806,0.5868689431603005,269336
track_05718,Hip-Hop,81.48462248478754,0.7618415017607859,0.6078823680941343,-6.78734718012814,0.3787237664608832,0.01886272709350587,0.05636087787025711,0.12535287211501364,0.7044305595967946,220753
track_05719,Classical,77.13424436159373,0.10117764635820459,0.326902506134259,-13.77186948030645,0.0271902499288861,0.9924378936178827,0.9872290741652532,0.2535593899608194,0.2965828047928403,471185
track_05720,EDM,125.81995831254814,0.8365933054998557,0.9845135967125409,-0.10429488812823706,0.04373764565122269,0.01939440476045298,0.21105446610359868,0.2846241406663311,0.5659511715286674,194577
track_05721,Reggae,91.66100708717373,0.730523575090912,0.6573641072338208,-8.082860719556912,0.07844870552353908,0.6994098579797485,0.012411187568424943,0.10423657945076428,0.7892503939564615,241989
track_05722,Jazz,123.08799076224291,0.4397143101968326,0.4349270219060203,-8.062626077745533,0.09822050347053746,0.5886678005452883,0.7283950595022997,0.4962510289169386,0.5216731216037706,338541
track_05723,Pop,111.1430843572836,0.7192784277319993,0.7663745656674794,-6.021642926560175,0.06672195332153474,0.1132571919113091,0.04212539706116877,0.18378675258422433,0.6316915995662571,194895
track_05724,EDM,124.76308814297599,0.7906218981797244,0.8992337292393422,-4.8719462472280215,0.057884222488438324,0.11319353397473152,0.040068124534376914,0.12606558705704468,0.8580728704674259,278308
track_05725,Rock,145.45738480107647,0.7663841880489586,0.785845683488234,-8.615432044481942,0.09150295256444954,0.16491720457461934,0.26123055546087043,0.1733250703022558,0.5255863685855069,275900
track_05726,Jazz,108.1207641623607,0.5149522838122136,0.49798732076164487,-9.162246784962383,0.07227520342698947,0.6282768633873832,0.8653483359058974,0.32655961545673706,0.65613482406504,403158
track_05727,Reggae,87.03227974953771,0.7426458686443711,0.7495701914271818,-6.254667179190791,0.08540903490402951,0.30217406099407657,0.08532078942441496,0.13379443552626508,0.5220427477651188,230202
track_05728,Blues,84.52431617309168,0.7179925572775004,0.6266750741331651,-8.305425187705639,0.05005059194119939,0.5394568264428669,0.19579023343879376,0.25296330583616944,0.5960145423850584,195408
track_05729,EDM,123.06810167753008,0.718825159543149,0.8392129264412566,-1.0623156758142187,0.0670983202138718,0.06669346448810685,0.292426752143768,0.2619100932659767,0.590443086651824,286982
track_05730,Blues,91.18551608620372,0.7021511032906076,0.6419463765221517,-9.508876803938199,0.07241142003520859,0.4567041242696468,0.08651223711545049,0.10039688969171422,0.5198921143885684,208873
track_05731,EDM,123.31488599944149,0.8746790518516876,0.941985752293518,-3.6462682251933054,0.045921222873271376,0.18709013291425328,0.22475273634448906,0.25756213111324444,0.7065060759089464,202184
track_05732,Metal,164.37152466128214,0.379463257472044,0.8515999567093019,-2.9850695876820663,0.0751622542417706,0.0427298597608419,0.12416365956842323,0.22003761974317287,0.49785688540075623,252731
track_05733,Hip-Hop,87.32143091277227,0.7455950155139238,0.6942903617200278,-5.660230798722074,0.5506172596234642,0.016113008986258382,0.07336524582046086,0.28251840671741,0.531696735925544,234052
track_05734,Blues,84.97508598074673,0.6462966503316794,0.5149583711389906,-11.59811007449364,0.05539462120606795,0.3541095422210081,0.07448662209632617,0.1346146168098916,0.603294301305229,224069
track_05735,Hip-Hop,80.80662347323879,0.8187659434800254,0.8446065577533697,-2.081736862715543,0.46719185102896,0.12969611018512406,0.06315331291787107,0.19725913211093665,0.5659026570173709,168699
track_05736,Jazz,131.19284435967057,0.5921285938973859,0.385029677671614,-5.7928099045153765,0.06331489918519831,0.6950606882161814,0.8849798476096203,0.3706921149185949,0.4161746285877008,408810
track_05737,Metal,157.17715059051775,0.3275066014256336,0.9932057102113694,-2.5209071959059024,0.03855819955111003,0.194766438886258,0.14315721657507746,0.1180736654331952,0.3512440390508427,236625
track_05738,Pop,125.79069947147543,0.8861497467865216,0.6912068277548664,-5.933690561780478,0.0776818183271999,0.434142478110516,0.022662806818797645,0.17505144354074764,0.7487474508943077,211345
track_05739,Classical,46.03434709635954,0.1921028384975477,0.1107925997580847,-11.4843535712778,0.021834365517029573,0.9545624801423691,0.929826873226382,0.23367628619799424,0.44387768121101867,482339
track_05740,Hip-Hop,89.30714031683873,0.7071191520061374,0.8524499965669596,-5.912208622566467,0.5379067708724559,0.09151784747560565,0.01879064670961622,0.1778978946169745,0.8189467811961502,265224
track_05741,Metal,170.22770879156235,0.4058087834912006,0.9850820233684074,-4.593331644508284,0.05134481857354889,0.03176829569027184,0.13333690627217618,0.18057622084414207,0.5823612545281862,184005
track_05742,Hip-Hop,81.29096843846871,0.8190291631736818,0.7441742934814757,-6.47935627420061,0.34988867278451896,0.06669865755320278,0.056798847955115965,0.21835862287887858,0.5880751170702474,227875
track_05743,Country,92.06071912888935,0.7090225653418036,0.6742635744089431,-6.097833114113007,0.09550742205586975,0.6850037436618958,0.15193765102702295,0.16974166687196077,0.5448379017490913,192574
track_05744,Reggae,86.33838432820671,0.6261687461877019,0.7144914450909984,-7.941304000035114,0.06918835840214749,0.3510601599871699,0.05565289589932468,0.1590593157239164,0.5701437961729805,253559
track_05745,Pop,117.28751677766078,0.67611935231702,0.6470782556361925,-7.326036144393999,0.08856263505180272,0.4517305942370694,0.04485550524660611,0.2571237168662607,0.7325789034424773,210003
track_05746,Reggae,88.7920613849739,0.6093671118822273,0.549541299143582,-5.630204581796215,0.08597701162076246,0.48017040169491465,0.09584113349473261,0.237204909821187,0.6423159608974438,271474
track_05747,EDM,129.76309411172605,0.7975935151541477,0.9667155114735775,-4.3063216240190085,0.056043367596455784,0.19067677713383424,0.27312549947141024,0.25216994983268737,0.6066331147223402,285767
track_05748,Hip-Hop,87.4833646722694,0.8670559911518099,0.6726849420756551,-2.4418129183423867,0.4880010554487579,0.17278111518235414,0.04291118929969276,0.15691878188170727,0.7120278278587835,278294
track_05749,EDM,129.90639296171472,0.8672012676067768,0.8890696470175723,-0.9170643966077812,0.04968875604719036,0.027108064765834917,0.0841491847330258,0.13648588302179215,0.7278453635031045,222871
track_05750,Rock,146.1149905321005,0.775171929603669,0.7670726218212749,-6.064304183340347,0.095133916194999,0.12463427029328085,0.2796179359121868,0.3100704196785724,0.7552423398719519,282900
track_05751,Hip-Hop,84.94094634308927,0.8466913395509562,0.8300852135132637,-6.213714501889903,0.4627814862013283,0.01876277276192376,0.04708677461550399,0.23425208959012883,0.8958566370495137,218948
track_05752,Metal,151.11321976639928,0.44602583347741154,0.8533554144172604,-3.644963509106923,0.03444440500222383,0.10337413320300742,0.026013840371576127,0.11986929028407195,0.3930058651967255,299547
track_05753,Pop,123.09449904300465,0.8796399860923887,0.762424406747833,-7.559814147312068,0.08496670788085164,0.4436169539964513,0.018109282373604336,0.11305474045145791,0.8118322703569834,245283
track_05754,EDM,125.189073793257,0.820890888323954,0.8135796052959653,-0.5568455215650694,0.05999476245074256,0.06563706240403398,0.17925612431901103,0.24310534705062045,0.8021596754511648,246796
track_05755,Hip-Hop,89.05066869549124,0.8829995684245885,0.7063515854878101,-5.801418317287542,0.5929839958730445,0.035651315207975195,0.08419972632914598,0.2577491838267144,0.5216641150447778,197955
track_05756,Rock,160.6832902324643,0.6745200509441274,0.8442835335668206,-5.151228728089486,0.09628143253518688,0.32960646165192536,0.2575308200445729,0.34018189133647103,0.523002652604369,242188
track_05757,Reggae,79.4502800093303,0.6310540640339515,0.6741113094110942,-11.564655136779944,0.0851643301833602,0.3205352513532794,0.19407420976856493,0.24712494385937997,0.7691638047872478,212985
track_05758,Metal,160.5326195999168,0.4172734693990969,0.8393036696753504,-2.158006490353683,0.07550543189752534,0.009145249765920127,0.17198001218261955,0.18757263916349615,0.38674004336383433,245597
track_05759,Country,93.83667279291737,0.5176710606479831,0.4566370194860997,-5.578957345587232,0.07808025713630626,0.6309516751717761,0.03305155606469619,0.10860603330558849,0.6405769613717283,228512
track_05760,Hip-Hop,79.57022269351384,0.784791002379233,0.6761518043402435,-5.543706211543964,0.4661123224970841,0.22019224620687147,0.047694202814430445,0.2636005939929029,0.8274971651524778,282999
track_05761,Country,99.26811568000133,0.5388463497054647,0.43993667354512833,-5.672705864812191,0.08419757293597566,0.6217597261254847,0.08079837025295661,0.29815720742578206,0.6019906752759517,222025
track_05762,Jazz,109.06028620255975,0.5265263236981006,0.4899130045859742,-13.52303155602858,0.09064045095847809,0.7863008016291962,0.8897854421754601,0.4965863699676913,0.608042919866604,282041
track_05763,Pop,108.47954753266811,0.8532332233229494,0.7330295555615784,-3.0515295476532938,0.10270875625597192,0.298891462952414,0.0070588574720649114,0.20847913054718864,0.5457778944448938,227365
track_05764,Hip-Hop,86.5416091925747,0.8958003830724726,0.7787589643866569,-3.792712406639641,0.5067831364763495,0.16334967681222287,0.03156101756360691,0.18434224505009586,0.6522481891735568,275362
track_05765,Blues,88.35916823986645,0.6677087036627367,0.7555206234218041,-7.994227666571237,0.05120289916529076,0.3113371996603448,0.020472621115938616,0.24008233668199222,0.7541291801083313,206894
track_05766,Rock,130.19472319766055,0.7470685648691852,0.9203824637702724,-8.041879885467871,0.14894574441290664,0.24715628807491513,0.17549824587289378,0.2621305099149003,0.7540728166562737,236838
track_05767,EDM,127.32584908044534,0.7875285955487169,0.929434416352678,-1.4099328489019918,0.03361981201723097,0.007613695766847917,0.23276739670952415,0.20559827741984676,0.7138547014132274,196242
track_05768,Blues,87.15468621066627,0.6842625177468978,0.7528014500354063,-8.622076773908079,0.058861362553690996,0.3729259803961538,0.05652322872253446,0.1925459601192644,0.6643441865012473,208727
track_05769,Jazz,122.65677184459867,0.5055979528945578,0.37709093580294495,-15.034102673629755,0.0870679317638848,0.9016440290478516,0.7311273791151329,0.34840214236335487,0.5117993612057576,248000
track_05770,Pop,108.29187528684041,0.6470764377349538,0.7290881919987388,-4.161649844870056,0.09787134537618596,0.275475121941985,0.005175025667231492,0.27413004278519537,0.7104817367375937,232905
track_05771,Reggae,88.40812614640444,0.7427065496257141,0.7376627991009116,-7.182024625692056,0.06530827005307867,0.6511811889488716,0.06553994296151684,0.23741525292792734,0.7632989181604232,188164
track_05772,Metal,164.15028084722368,0.3491846561118257,0.8691486521079529,-3.5706618985875975,0.05781017428105818,0.17161702868082468,0.02257676868783052,0.12160267863264052,0.3949228949652319,238936
track_05773,Country,86.34643219089324,0.7128637502693789,0.6510004959087901,-5.1669921661437455,0.08286964674495617,0.41211677947068553,0.029877540545182435,0.24643852868779248,0.678453176998693,286962
track_05774,Jazz,96.0854576625535,0.41282447885781093,0.5249879097447501,-9.235364984518707,0.04436887649099563,0.593817882549077,0.8364451917232977,0.39249715591188417,0.6583307393845956,400912
track_05775,EDM,121.01740341016801,0.7411389846975442,0.9725564759799024,-0.9019806086909314,0.05453282356251007,0.10943710221581376,0.2854317014365024,0.14565352467154707,0.6661574383860727,209211
track_05776,Metal,156.00636505919684,0.4516754785595605,0.9026217958095916,-3.972852217052384,0.04711502125793413,0.11873330896316357,0.14967349136858232,0.1558541076589704,0.5839856675924,228410
track_05777,Reggae,96.28733303661419,0.6023410888185199,0.7097632380930582,-11.610597948976633,0.05112284871100932,0.339448393034898,0.07564118460968201,0.2591423004265736,0.712214463807946,204446
track_05778,EDM,136.52843905433372,0.8808517664642281,0.8383244998169648,-4.229536278820381,0.06484025872463778,0.1925628524797939,0.1866956116258347,0.28025092212610114,0.8259559781491729,270552
track_05779,Rock,149.45298541071608,0.7815171446071347,0.8718656904785668,-9.362273015213592,0.09025033862173312,0.39963741165677613,0.2816007037473582,0.39796330117046663,0.6797658842872851,189184
track_05780,Country,93.43582069302855,0.5165610870218456,0.5096544308107654,-4.600918614371204,0.09252424258200087,0.4073769731506173,0.005957947520195939,0.218793135444572,0.5614468929261528,234867
track_05781,Blues,90.44756378882506,0.6642468138833,0.5776815481139603,-8.21539942737073,0.06735729283083847,0.509798107213533,0.05213938170744581,0.2181166242953327,0.6986223259268676,288068
track_05782,Hip-Hop,92.66675942623996,0.7873437814228001,0.7255183870108518,-6.194978691515983,0.4823382968926341,0.25097474048951507,0.0009373611556478646,0.2872014143409578,0.5471813513496971,207690
track_05783,Jazz,122.56438950204519,0.6361993252731073,0.3807507997353993,-19.575855325088185,0.08295059247623504,0.9108813724210327,0.9039292266721544,0.31449989226982583,0.3509568583897515,252117
track_05784,Hip-Hop,84.45386933254181,0.9447439791049509,0.8919784264037528,-3.384528123168904,0.36350765038924493,0.26405904876874947,0.010091988356835148,0.22597896510397214,0.682886056624334,283569
track_05785,Metal,144.29632187726307,0.5966263687030848,0.981909531641702,-4.046010198705573,0.04270107923289125,0.061409075716769596,0.1960335606087815,0.18141291064846884,0.5735790300784229,191532
track_05786,Hip-Hop,86.19857306457205,0.9216443731948665,0.6402463289248778,-4.44375823508263,0.39545426470291223,0.12539434205308392,0.021135961422904994,0.22493381307976257,0.8954709939702636,284104
track_05787,Blues,95.52829349062631,0.7678573356509062,0.6417641285185274,-8.030690559566889,0.09372896531913519,0.5783789336401831,0.02720464107756995,0.2559071521056434,0.5068118950660602,280213
track_05788,Classical,77.90085564618376,0.19166603503867882,0.1062846410961732,-15.60558408147208,0.07555264263113536,0.8224298575731099,0.9454377925396327,0.38695020429765975,0.4528712938420454,356301
track_05789,Metal,155.98598858460483,0.46275448298106425,0.8287178310419318,-3.1624130769525745,0.061245811097462945,0.08841613959377546,0.03126496806285613,0.1865414753398944,0.5636015922740878,351726
track_05790,Country,98.09735552315877,0.5132500479793725,0.4572166248331158,-6.0616101941974945,0.04833761309342947,0.5486874973099467,0.15727149321795209,0.13715836013306837,0.5857653684615125,253422
track_05791,EDM,119.1455612688297,0.7868679260393198,0.9547259586000235,-2.4488450495951564,0.0649142357752932,0.18971205142350978,0.2766231903368831,0.1507422185293334,0.6891543719267397,257341
track_05792,Country,95.41528885619041,0.5880773101974106,0.67569946473618,-9.611582103995287,0.09824706880992455,0.6544028916454714,0.04059797798713649,0.2410843798011532,0.5272839679979917,228938
track_05793,Hip-Hop,72.41593619519172,0.9037571810551563,0.8817764904664904,-2.34310756186224,0.34410087290452657,0.20586842423693033,0.05707869332910951,0.17404606415711463,0.8979314048571407,286678
track_05794,Pop,111.9561755783764,0.7995994032057037,0.7257104261077834,-7.485480314645936,0.05987701657028828,0.40005730431751896,0.040084192969706986,0.17276362283301427,0.5267836604665495,200156
track_05795,Metal,174.71851429845603,0.30228799293158026,0.9689063872457953,-4.643942154850647,0.033594185242913764,0.15162378010375932,0.06591633252893923,0.21350823164063876,0.5532094647905716,239226
track_05796,EDM,119.53763316027339,0.7842091980917074,0.973739317305908,-3.055750427533965,0.05000095287556662,0.1224917340297802,0.02129424628061841,0.2194327672573913,0.7309668963305536,267419
track_05797,Reggae,90.14135460344706,0.6219059876747646,0.5225999370679222,-9.31773684223548,0.094478974553141,0.5031999598380673,0.027827078199067358,0.14932645520467508,0.5148439658052064,277324
track_05798,Rock,152.21061887088658,0.5137019014642811,0.8576282473157655,-6.038139766373732,0.08265934572017392,0.25082012073033944,0.2131070200486607,0.24511769209639808,0.7678608535806248,226239
track_05799,Country,101.77059239424635,0.7490721198670766,0.6481311510155943,-7.0768920245659785,0.037596792145538856,0.6713056084068787,0.10842516282047361,0.16166949179012466,0.6353656298384502,245017
track_05800,Country,83.04677526921743,0.6572205546331694,0.6919133326551372,-6.3620518097586825,0.05005073919771774,0.41302764702454775,0.157683040222773,0.2778580912929046,0.684091412111626,249145
track_05801,Metal,145.7738222376932,0.5517753982515605,0.8689566843325742,-4.441352879651911,0.05315834823570363,0.05559797166073302,0.1661526684957045,0.21298961850180148,0.5263137339916311,269943
track_05802,Pop,108.94578283341434,0.6196452113722428,0.6852154341884066,-6.628191317637862,0.05010635954776879,0.37666137648736686,0.011796746794156316,0.13328767258779164,0.8191861050937927,238978
track_05803,Hip-Hop,82.39778347167666,0.818461979873006,0.7629529357331314,-3.227859320492307,0.4838905772988004,0.24336309718054003,0.021668603757821838,0.14116777101567052,0.5827254389742118,244802
track_05804,Hip-Hop,93.63333766533489,0.7377227779087864,0.8061931933136588,-2.6963520890286112,0.39006326599547425,0.15102107096281275,0.09922378435693913,0.1514322392692671,0.6560855714221214,167099
track_05805,Metal,160.1055294311109,0.3626033659504977,0.82571951941073,-2.447920003089722,0.0682880221904292,0.1777783070020881,0.18682647857274415,0.27381319202655374,0.336748401207633,222861
track_05806,Country,94.81705520203332,0.5306188236777305,0.5060573592833781,-9.255568926289762,0.0757294107630074,0.6150146477112901,0.03191873857959087,0.22431521007619792,0.5068968219818476,238331
track_05807,EDM,130.6372056183887,0.9015638573519599,0.9986512946301184,-3.743954937257961,0.04420384449326689,0.09688491013146656,0.16184329509831463,0.21059412468397104,0.7195890019385719,287665
track_05808,Rock,159.27204064433818,0.5209047758682086,0.825288081938709,-6.188461146281246,0.09658967494569913,0.3377792891624902,0.013267754829527934,0.3964283085967151,0.7962260011567108,256437
track_05809,Metal,156.99180034928932,0.5116998271047901,0.9315978325719009,-2.4301253361281625,0.05650211293702324,0.14593615586164183,0.1024784213749862,0.17552143272147733,0.5575323476699022,265037
track_05810,EDM,130.68696416302353,0.8420092714893094,0.8930010666234801,-1.1225066922711378,0.051590161544136356,0.09415581590961747,0.07734760714867163,0.2823083487741571,0.8452680829296636,204144
track_05811,EDM,131.8597151131622,0.9049280948493319,0.9912132939339118,-3.4520101229392846,0.04716081970853747,0.052536399815218585,0.09813168810752335,0.16596519180166233,0.8479100075343495,186816
track_05812,Reggae,94.17656127220711,0.6588466289679685,0.604785957062002,-9.649380353418266,0.04761810289206075,0.5980042429166307,0.07401720055013057,0.26724543002914425,0.7635557755562862,234449
track_05813,Blues,95.15511569489561,0.6649559737921694,0.7080909308736221,-10.686320256291488,0.047677549196369254,0.6701207267139551,0.12850714489643814,0.2633894480444954,0.6598139520480404,185290
track_05814,Classical,75.52369285173602,0.27261623200275775,0.14981719079984043,-27.99400493270061,0.04321943515860034,0.8131030891139606,0.9726359510891108,0.33425980753880746,0.2792891021019807,523082
track_05815,Rock,143.21892819917687,0.6065185332995915,0.837195427494279,-6.760044122765268,0.11557785866643563,0.31938995022673666,0.192206408411108,0.33213054506535045,0.40332127161256087,262365
track_05816,Jazz,115.01326024327173,0.4438731734246582,0.3266193872079398,-10.036231030929361,0.05261831125638963,0.8907261806432616,0.8303465808595356,0.24635594435467392,0.6896864854289017,287991
track_05817,Pop,111.40719071112947,0.8902561235115347,0.8179460710623334,-3.3564992132414533,0.05543735855064437,0.3474322706515326,0.011170593730030855,0.18084873058983766,0.7719000688890529,213751
track_05818,Classical,44.132158704361544,0.20114646294319366,0.344334530941389,-16.348027412204484,0.06926270638425018,0.9863864493170227,0.9711970801957505,0.3186186243450809,0.2851113397773322,477364
track_05819,Reggae,90.48750178219733,0.6922135875227372,0.7937671672126982,-8.238021073438642,0.042052984907962374,0.5008199971904361,0.0890542747269527,0.15842080010429258,0.595206035173598,217562
track_05820,Rock,151.67911545449837,0.7456653545802763,0.8528013589174386,-8.27249254050152,0.0321707218225159,0.2571762906018226,0.22562612885343922,0.3299481356878906,0.48577048168010795,205153
track_05821,Hip-Hop,80.71464273224937,0.7367221690580392,0.7058198424974907,-6.894873045681901,0.31817017067960374,0.05257795842605104,0.010549078782538069,0.140539658780027,0.8985817250627572,226144
track_05822,Classical,68.53228728931502,0.23171989329905762,0.14958457440216272,-13.014165937884691,0.036014367799531086,0.9964981022316889,0.9836707829425636,0.48526143353426454,0.4673208111785299,346096
track_05823,Hip-Hop,86.55149964800933,0.8023911260494345,0.6058425972958903,-3.554782000807678,0.4256295227882375,0.19764750856076643,0.046833574516707416,0.10529954287862549,0.7543698272261652,150205
track_05824,Pop,107.8475751224617,0.6674049053102212,0.6555893106219958,-5.18559245833897,0.07361059464215162,0.2802334950184435,0.025652127457360088,0.28420463427969395,0.5819602272461545,234504
track_05825,Hip-Hop,87.07589586475062,0.9155227327391163,0.8955316745141846,-4.427721421253697,0.42015439929349097,0.0720294343141983,0.024396937037835943,0.1301847997309126,0.790666789620208,177738
track_05826,Pop,117.10847678858477,0.809724131879868,0.8272519858407554,-7.322426261295142,0.08307605851315954,0.21816715616420185,0.026398512774403,0.12382622690687084,0.6084156301243225,205750
track_05827,Rock,144.3930732979794,0.7833376921045513,0.8958701548088858,-4.773848368100048,0.07289126472964576,0.15096048241193044,0.197363192820471,0.375726059581733,0.7927603998126801,198732
track_05828,Country,111.5314803114102,0.6727335369954013,0.4342037781578639,-6.3027528521784495,0.05128178755615245,0.6104440943327468,0.028374914596421743,0.23311605381041514,0.7125557405793255,219093
track_05829,Pop,113.52131909833895,0.6952863009107288,0.6390195268932106,-7.595397958305116,0.08201135520573244,0.4168988922341894,0.03629610989221824,0.2511867975284221,0.5474600646730449,253697
track_05830,EDM,135.68220784029936,0.8098837159648022,0.9555950941057336,-4.662784734497488,0.05252431701875455,0.008765516780483096,0.2653827507655696,0.2842765292163575,0.6969431374396052,201866
track_05831,Jazz,123.38755980083663,0.5493934435661304,0.5706144573359098,-5.697078358756729,0.09388345476399591,0.5378167926359622,0.7852791463070944,0.27164222425460066,0.3274652705697245,285802
track_05832,Jazz,109.81506705888702,0.6072954879494767,0.48221325194547315,-9.81462692133945,0.06336745117635947,0.9801457470269874,0.7172876918808867,0.20873869573746748,0.4662358945044939,390019
track_05833,Metal,178.6916033986998,0.5464865135990448,0.8946757037862011,-1.852941490621852,0.07773261004859564,0.14429751910947108,0.023942894720129185,0.19225306385746843,0.5570129189615094,196415
track_05834,Jazz,84.12989008244057,0.6795013356448583,0.43176744679189016,-12.941806522029104,0.09648145958609355,0.5679040914919637,0.9205124456268056,0.2897484200212129,0.6463566635172259,416930
track_05835,Metal,152.18501084274476,0.4590795664884142,0.9823809232724545,-4.072211447247499,0.07249828238521419,0.13903553622004147,0.15609073841597798,0.2524412527776648,0.39063540573214206,301563
track_05836,Jazz,105.54800100451186,0.6932749710589643,0.5213482325420647,-14.513325828142097,0.07326293943587397,0.8879359603183352,0.7167304622688057,0.22970975490124856,0.3100317895365392,259090
track_05837,Pop,100.10490093377742,0.7872537291508901,0.7072839573874875,-7.752257039791203,0.06407893412187973,0.10769413521954495,0.012739611141513668,0.24791300652989087,0.5773274377581423,226074
track_05838,EDM,133.86236579110954,0.8090069370374152,0.8186551027725375,-2.7158087486263165,0.05881332974533497,0.16399940914158598,0.13186151759941875,0.29875862828830446,0.83714331243382,276517
track_05839,Country,105.88064600980114,0.5402909285393356,0.537689611071614,-5.462186796878459,0.07880836004992371,0.5296557654137032,0.157784081868771,0.2427515791627043,0.6153607751834749,203930
track_05840,Hip-Hop,81.35280971709804,0.7566210153362891,0.7371356860365319,-2.7199874357368206,0.4951235731087121,0.016501426672741158,0.04071954754087507,0.2446509152827259,0.6289545427883947,183826
track_05841,Reggae,94.65393555373551,0.6147953381139241,0.5186343716331813,-8.901085732640158,0.06444334024609726,0.36462397221733495,0.05266883900182895,0.29483889732509705,0.6539547693071263,280879
track_05842,Jazz,113.10758167835614,0.542879671714634,0.44338662931756195,-11.134414592122395,0.0882516763503629,0.5635930666063599,0.9313650973913514,0.2884277323806813,0.3284132979877247,241217
track_05843,Country,74.79292427288743,0.5451371552537527,0.48363129622755063,-7.967827383257616,0.0868902487814681,0.5658858909769987,0.04018290538221217,0.11916552217266226,0.6489991482741011,293044
track_05844,Country,95.51694753875375,0.5944969110542603,0.40439584731455447,-7.630268343203259,0.034319117675344,0.6397132103122565,0.18577861256094017,0.15916476721781683,0.6952139691949901,265839
track_05845,Pop,104.0915779291356,0.7975857789162679,0.7642291292122376,-6.875492403088466,0.07211513982434414,0.33814195877382025,0.0042064230268254125,0.2377328392433686,0.5715569221120533,193454
track_05846,Rock,123.81540782673733,0.5177367964422427,0.9920805369782579,-4.909988763371537,0.1445209117716826,0.3937776353327982,0.1071008447419726,0.2630147072373832,0.6917861048944141,281912
track_05847,Rock,136.21556740770808,0.7904115505391821,0.8325429424952226,-4.902444131459827,0.08423612756477973,0.1562688004065329,0.22743420948985288,0.18680710638858367,0.6729671331833254,257242
track_05848,Jazz,124.58668608320306,0.5537077253485656,0.3794195192846185,-12.949485613080931,0.057626481479540345,0.5328235740388514,0.8182386772346453,0.26137091945060564,0.5197158712850973,302499
track_05849,Reggae,93.85623292799735,0.6743777397151365,0.5244517013483951,-6.088988036537951,0.08068160336604392,0.5681756048522586,0.03873575292089158,0.23271931304839025,0.5696091871536055,197889
track_05850,Jazz,89.83866887234758,0.5873031668369408,0.559367289746211,-11.2351584166738,0.04065844927936062,0.8931483319468342,0.9892668525169246,0.21424161050778548,0.6236521575164364,244690
track_05851,Jazz,99.41521911473993,0.6599744748148438,0.420445370793555,-19.768604757498032,0.07768967513140304,0.7225695694544857,0.9579217891283971,0.32994325333454533,0.46445619204990113,254895
track_05852,Metal,160.3881352263601,0.5579562054675562,0.917364512305308,-2.6531878988219812,0.06602054430778968,0.18750310448813148,0.16750411852747357,0.28545685232863877,0.4029914820552809,267499
track_05853,EDM,130.79439116733963,0.9263925087645866,0.9492969111546016,-1.1274077624809689,0.03314011148637571,0.147792208565129,0.018759163373840416,0.19684136292746843,0.7767778404434692,199207
track_05854,EDM,122.73664739318822,0.9335845077085647,0.8513478098519605,-0.5260442242784222,0.05163727676633115,0.018365602604322916,0.2500874266014346,0.25828640884357035,0.8323898120380004,291604
track_05855,Reggae,90.68239622490468,0.6523895116563116,0.5059897864230823,-6.34848843607657,0.045568248869510726,0.3313771920291608,0.1554266619325657,0.10632994792120465,0.7528280245782961,181141
track_05856,Metal,167.72256066219316,0.5447202167731792,0.9610353439123199,-1.7437346552799866,0.06844723667055197,0.012323961932935635,0.14403338084689532,0.20379225807901213,0.5179236639738696,308051
track_05857,Country,85.86522856957009,0.5014892734258884,0.5563975539963459,-7.466461746295293,0.09037834384247972,0.6363746275222287,0.11793157936052323,0.1301698077626513,0.7178372023433323,287420
track_05858,Metal,167.11324178125156,0.45620646630796047,0.835064400377582,-2.540154895494859,0.07537700145486523,0.03976577546645781,0.13459076509252274,0.21727691818368675,0.39868168816198657,320714
track_05859,Jazz,140.7586809657802,0.5129950273767849,0.5808837707396328,-14.328302302529625,0.08596589893148074,0.5776371131850102,0.9556952820560609,0.3861331621740186,0.6230402383325098,341429
track_05860,Rock,132.91961874829937,0.6038945089317472,0.8597866129021725,-7.282677820036369,0.0916977175210148,0.22919397304811923,0.05899301999877762,0.39298868528431685,0.4064341360922287,260519
track_05861,Classical,64.64743495654021,0.22423891324117334,0.27455542049859416,-26.656658778628742,0.06643152738403617,0.8623953969857495,0.9620625722978051,0.30855064574191804,0.23375808524196826,362788
track_05862,Reggae,91.48601333983765,0.626502377251749,0.7883228132232569,-9.996810783523602,0.08234143582829345,0.4201986435096919,0.12348523152987112,0.21449773154261942,0.5534947949071006,186759
track_05863,Country,90.40907093622307,0.7348172730605624,0.5443484198510329,-9.33328454731738,0.08381715096979486,0.6342359763120817,0.180239892668345,0.24113107738173467,0.5164148821523175,259804
track_05864,Pop,111.75739861586169,0.7632981472850737,0.6751699130024408,-4.028853334824405,0.1151660341826382,0.19805965775383685,0.03441723564158044,0.2561168215157156,0.5106249570279556,238154
track_05865,Classical,82.13403175893765,0.2356892647514102,0.2883641932373936,-14.508977945514644,0.033942683191984055,0.9267688889694568,0.9638037545770641,0.3963006538385342,0.43778145402214697,567867
track_05866,Classical,59.61526052195671,0.2828597796190877,0.39280138855971314,-16.216265751601213,0.04664478303843324,0.9074381549614354,0.9108371518079407,0.3090187694337832,0.5904537415860049,480920
track_05867,Metal,165.87126805404736,0.5659062541032527,0.9137432755608056,-4.6550457550892315,0.03584657076161259,0.17273028513895083,0.18401830330351665,0.19885698426934112,0.3283645698619136,281176
track_05868,Hip-Hop,85.39204443210723,0.947399552478383,0.6281040008914336,-6.723972011246828,0.43906663709755767,0.22127911383918264,0.0897907953183188,0.2458219063698066,0.80848834723483,264977
track_05869,Classical,91.93217009047378,0.2004684352050555,0.33709864319901445,-26.85851330616174,0.04377126967064455,0.813301889916989,0.967143766368528,0.4271095945162426,0.4669541101324437,540667
track_05870,Jazz,121.70824093266354,0.6796429063776422,0.3811247567708063,-16.352406988161043,0.04151938863754225,0.7512840921050745,0.9583359681346921,0.2472520286204446,0.5373521917370175,364662
track_05871,Blues,87.37685447365476,0.6208479476531098,0.5568114087220498,-6.5519892338916925,0.09682662603251893,0.5694541866923457,0.17720954140813014,0.16359533638820103,0.7537386740919507,224238
track_05872,Rock,131.31093295849354,0.6754645613450558,0.781265373821659,-8.319949083885698,0.08984883590990844,0.3271990054805793,0.19356682399678177,0.39656865866692315,0.44762437215802364,259884
track_05873,Rock,136.78315662870153,0.50868477004059,0.7157249761884213,-5.3065106442062655,0.04373550854054093,0.32363859869742106,0.12583278237170473,0.26893237529035663,0.7204853504477721,264569
track_05874,Blues,95.10354474162047,0.6552086985303499,0.7709011585926056,-8.981070656858428,0.09445170549614718,0.47071715778923906,0.15407209687115841,0.17999952085145143,0.6862711009967084,201492
track_05875,EDM,129.5804653745389,0.7241882094732929,0.84454122811298,-3.7211643674942123,0.0313303829134786,0.02038467558160939,0.0884270094834886,0.11814818845123959,0.5678140030934583,200435
track_05876,Jazz,143.52492188040438,0.48490219134807433,0.5601029652833803,-19.5087108598377,0.06105651508490313,0.7748001990675908,0.7705491138497933,0.2172056951427234,0.3289822928721365,332479
track_05877,Pop,128.69267305475438,0.6213797527729978,0.7486951467263039,-5.60053309965755,0.10636482704993153,0.1511842382543482,0.010631198832074529,0.21173839289107796,0.8788821287816513,218566
track_05878,Classical,71.92259641290403,0.2673309203138605,0.16275971503272474,-25.464106931470504,0.04967149081592237,0.9782939100012971,0.9528187526963785,0.22380739592319396,0.2745756581177328,398072
track_05879,EDM,129.2847720569072,0.8354587378242233,0.8878301622666028,-3.6588849604228004,0.05191176860363544,0.13656413573061554,0.17977629440149534,0.14511140471575912,0.8612418205313617,276570
track_05880,Jazz,124.91496619216491,0.6496802968194166,0.45258138119604086,-19.641650724583727,0.09372719812599753,0.7678426203136861,0.9211202165218296,0.32705144332904323,0.3739533090818484,413438
track_05881,Metal,149.91952093628333,0.4931634363917444,0.818815931011041,-4.014927339317078,0.057332269705958144,0.14197149448531698,0.1265798525291106,0.2772493141421106,0.597715284758817,227124
track_05882,Rock,129.4700561025657,0.7058045764558332,0.7106295052324882,-6.265508311262593,0.10964602813664755,0.22388201438049865,0.11543898384738312,0.2627579449498484,0.7626559673578309,193186
track_05883,EDM,127.06623145710206,0.848235354919,0.9648303387089127,-1.6192771618788244,0.06580530564554396,0.0631481732758388,0.18724508571478693,0.21340775754222405,0.8938379617651941,289062
track_05884,Reggae,95.13423140919366,0.6853503974753483,0.5784916573589135,-6.28309728857264,0.08516482377596911,0.6367445522244756,0.13031260842044215,0.25906448352326084,0.6316364807745507,256715
track_05885,Classical,72.80875238723854,0.29037289721485027,0.2976206158088814,-14.323498044780067,0.06923163456605821,0.8936234567655329,0.9432279883322409,0.4839846108512041,0.22678865823346733,572036
track_05886,Classical,72.86109771434518,0.10300844099891658,0.18952841377559637,-28.014698988616058,0.0681011918058059,0.89690876619635,0.9252515224143301,0.38062608145753796,0.22814096799878725,501987
track_05887,Pop,98.40291518014651,0.7690417445880557,0.6007118969227976,-3.4038046230332863,0.10492472952106154,0.16657579808422668,0.03046834162557078,0.10412022930167371,0.5864167223985115,223354
track_05888,Hip-Hop,89.7879487396447,0.7390374718934769,0.7656304746857707,-2.213440888500319,0.3391011342003812,0.2618447181883636,0.008225730914164597,0.1165683798037886,0.7512309908142392,159706
track_05889,Reggae,90.8936279352069,0.6678099066197647,0.7098693596081807,-8.96976996195306,0.057939918793279636,0.5184031541336733,0.02793738258414398,0.2628863941297027,0.7252128175944823,247764
track_05890,Classical,62.55911411545118,0.2641818975911264,0.11991873886114243,-12.122414613595843,0.07749008414959913,0.9412745919923613,0.9616310772560683,0.3805387090005262,0.5281009260244167,464667
track_05891,Country,109.64850380038675,0.5091084682668526,0.5669505810416342,-8.613228173293933,0.03977383885498696,0.6320509376902783,0.16190853138791234,0.24304244677330886,0.5033560535424562,298639
track_05892,Reggae,83.74143772904355,0.7219807287468929,0.5231327958945562,-8.964398001962858,0.061559375954205506,0.3592814528616915,0.16440360311761482,0.25512122890628125,0.6392223523503173,209349
track_05893,Classical,52.72967112513866,0.22230402191365273,0.21336890580349493,-25.230900258970273,0.03425577735563989,0.8267745789469114,0.9701022650094918,0.3867705143165838,0.4316999679761798,359161
track_05894,Blues,80.66370177085521,0.6326818516366742,0.5158022383646299,-9.798810553147128,0.0758286303758573,0.42751015844669515,0.048175895456563755,0.29897312621877903,0.7996525121288574,274156
track_05895,Reggae,94.18919375373675,0.7473580070777843,0.6847814827815337,-5.642219163005454,0.06671874245788634,0.4021825264190513,0.1934089978019669,0.27204887398604116,0.7736195481073026,282485
track_05896,Jazz,113.86931539723568,0.6430305988697996,0.3528738160300433,-6.37947642550475,0.04349865982573612,0.6874185935603743,0.7042447132859295,0.2552838482320922,0.6848903463349725,257705
track_05897,Reggae,89.71533341174361,0.6091372142883756,0.6366072753227452,-9.866757381846304,0.08643550788687421,0.49164044109799443,0.10241897750350365,0.2807371875058866,0.6446895737318937,284504
track_05898,Pop,109.62200180971105,0.6337732288645925,0.676455531216606,-6.673114971553583,0.1072946695316647,0.4035535209112969,0.0029311897894745754,0.1401998875558726,0.679530193082852,221215
track_05899,Metal,178.9198647230296,0.34980179192393246,0.9553903427670085,-1.319220783913556,0.04481299824073527,0.12220899143569536,0.006524502720208259,0.2531645725345334,0.46790045195581176,219778
track_05900,Metal,161.9591577272041,0.46234023379458344,0.9982258570335132,-1.5289551147842282,0.06554516497432894,0.13563149063757327,0.016852960964726573,0.19703676708077977,0.4488020734679339,277382
track_05901,Metal,168.75326197515437,0.40210763757318607,0.9165293987074774,-4.460226732283584,0.0389490776318197,0.14600377921780658,0.04091404033609752,0.11443886905346444,0.43053902781125775,240993
track_05902,Jazz,117.56479746973928,0.5200543155819333,0.3253463772931802,-18.523212728900372,0.07070794363189885,0.5855909797188532,0.7218792496770873,0.489467901510571,0.6805669591633279,327681
track_05903,EDM,125.36565211199294,0.8363288191421834,0.9065258431787746,-3.523340369395732,0.030203460794932354,0.14884990572472387,0.11900204431507544,0.1600186507307107,0.5776363299450082,190955
track_05904,Metal,165.9030715290228,0.4184005141270366,0.8247631478368521,-4.33275506185531,0.07200869604269036,0.16227958739171036,0.005673718393136795,0.1280553116750256,0.5267703650199749,349804
track_05905,Rock,154.9782898048905,0.5865507177682235,0.872608281792022,-9.534540939943236,0.06161184849229712,0.19760241212256063,0.1083724943387948,0.1483049146685658,0.4333056213633193,186758
track_05906,Jazz,125.45661827967983,0.6623500522032142,0.34772672113299175,-18.363450602147136,0.08673822385714566,0.9233393572768342,0.9376548665377634,0.2723086637563248,0.6519370904270604,376467
track_05907,EDM,125.59280788104815,0.7169338179017557,0.9159686557097233,-2.203084914672049,0.06968730299632736,0.12433280055759102,0.11926370304569883,0.25803696950692556,0.6339868016694389,185257
track_05908,Rock,119.3360727858022,0.5336897501099175,0.8790518402814844,-8.934649372870059,0.13546458783952464,0.31695160738907635,0.03630713849630963,0.273234373852966,0.4108460196287547,249158
track_05909,Rock,133.375977307333,0.6570247615270068,0.9392906095216224,-7.294558200950789,0.03315603024465851,0.2619902125642555,0.25340996187022163,0.13249821319437807,0.4118565608570044,264940
track_05910,Rock,145.49868129488615,0.7436024411033078,0.9352151893772417,-7.232384967737837,0.08167481580074337,0.27133581850203137,0.03682785083106825,0.3608568905869166,0.43739397958736886,180640
track_05911,Country,115.51297786991249,0.7155222562033968,0.629530725833805,-9.973554101990796,0.03696874227848348,0.5288130340160238,0.17035977117622014,0.147394837614809,0.7636856259645526,260090
track_05912,Pop,106.10812778719301,0.6217821371545422,0.8283549242863995,-7.190115370016542,0.0824642907142481,0.2303828176705967,0.007381821733243327,0.2264222029920073,0.8854690856526031,201318
track_05913,Pop,127.83285610220294,0.6221419343491658,0.6087915698410703,-5.720972428739426,0.05835739299511769,0.49170557320627617,0.04060104275663989,0.1908148656199452,0.891806142844519,224703
track_05914,Jazz,115.36019308334336,0.6036925681529149,0.305258832290573,-14.416024354995377,0.04475952610354759,0.6836868753985865,0.8141794996216382,0.3125512294963238,0.4657726659175889,377694
track_05915,Rock,139.45099056309593,0.5865005872669022,0.7303846548488078,-9.936033918459442,0.0354618481879627,0.3847742973213223,0.22494576230347588,0.38192251387394227,0.44591355864806326,240596
track_05916,Blues,88.59034266475012,0.7927504108597168,0.7907446042302394,-5.540137348592521,0.08896067126676897,0.4703113319383929,0.1339285021499689,0.2526841820629939,0.5275705904411606,184595
track_05917,Reggae,79.62297756056077,0.7152498048601414,0.6753770169271055,-9.669452670538726,0.06337590496466575,0.476426247164904,0.07513066131522544,0.2521295321115315,0.5419842512046671,224178
track_05918,EDM,126.19856485967998,0.7567077218205687,0.991120175605954,-4.914951254286774,0.041130308773354496,0.06515443392450371,0.2771734340263973,0.27024170995616975,0.6840354775904507,272166
track_05919,Pop,121.76156179691998,0.8386921572912205,0.7083143771038173,-5.212858500510274,0.05719086455484282,0.37505824703984436,0.024341934027915037,0.201847660403731,0.8387968594766515,234809
track_05920,Metal,169.2970718335958,0.4846360456985068,0.983063696853975,-4.098565174399486,0.06665902255131441,0.0032230230444750376,0.11659475512173173,0.1273957814149782,0.45729023286225656,248725
track_05921,Jazz,138.8401198809491,0.41758144346616605,0.46122043355130093,-17.826896201037805,0.07439446439699973,0.8167965878369372,0.7546257812801997,0.20179001228312513,0.3341813250003055,401842
track_05922,EDM,125.43529751515007,0.8930925070868783,0.9867376839710698,-3.589397121522932,0.04972642376933467,0.1990835109905678,0.1060435695633192,0.22393759117553252,0.7628126223028754,197760
track_05923,Jazz,128.0685839945163,0.5993300292648153,0.5503035947147961,-7.882532878538443,0.043436173643953704,0.9758936596901369,0.9541602328720351,0.4911807367968478,0.3776317540061697,374668
track_05924,Blues,100.82937268222092,0.7689486122725808,0.6235121675810757,-11.4205119472324,0.0874014250503275,0.30785012453331323,0.11986924011223002,0.24053275194596993,0.5573631222587554,194303
track_05925,Country,87.81477321062096,0.6088367547003307,0.4238579011992599,-4.87347780158113,0.08774089392575422,0.667576260397595,0.08918210904499908,0.23024585106536238,0.7429980601009436,210944
track_05926,Country,94.40724979564521,0.7220564664032024,0.4617877858241623,-9.61956931470138,0.038303785399818005,0.5242777935208635,0.05986964944510984,0.11469156318435636,0.636460623175468,181917
track_05927,Rock,135.6347215317594,0.7911390891056649,0.9495628651076509,-8.126698075860958,0.04298627627118468,0.15086670672929456,0.0726606080950209,0.17132418060691512,0.4065117247551705,180449
track_05928,Country,105.19946403550927,0.5368961710055671,0.6959543085540105,-4.196141048538143,0.07606364968628965,0.4644454252858456,0.1533112675058158,0.2167866859199441,0.7248698415696977,193486
track_05929,Jazz,128.74920695414554,0.6695674989192607,0.4641391503457786,-9.731426702175545,0.0646621533295829,0.8275513702127345,0.8646875417260622,0.29684596710682876,0.42913542479118205,363811
track_05930,Metal,157.4406411222168,0.5869884091301965,0.8403096561067056,-4.037316735521967,0.0702854595650418,0.02460229477732481,0.19883335809555044,0.23562771505492525,0.5732401397887885,355454
track_05931,Rock,116.38062424166861,0.6682566823210481,0.722521854643216,-3.1305104933728787,0.0976217326643642,0.13578689569325741,0.1926805265834877,0.10231404692525006,0.40258682888745256,216011
track_05932,Classical,77.71474190322057,0.18366359512646319,0.1703113807659457,-19.646188252691676,0.022522666087684638,0.8514589226575967,0.9175304214461809,0.47919309810580285,0.3508429624090702,301339
track_05933,EDM,130.2158885245282,0.8179432985915169,0.9022395240080052,-1.3586064025218936,0.05029583161872535,0.02878150117818943,0.18321100302642743,0.20175469284355949,0.8805906207242684,250341
track_05934,Blues,90.62015577833188,0.7255102195389097,0.7634484796604462,-11.666870420133623,0.05308238598392936,0.42710816361853693,0.05744811484596577,0.10807703089712106,0.5319735424267028,251829
track_05935,Rock,145.48452954559448,0.6455101574371653,0.7788882483818377,-7.901728729041111,0.06162447173143123,0.2813325376193691,0.15811975446160656,0.3816189882903448,0.5094756053245537,285299
track_05936,Jazz,112.665057706901,0.551315189912492,0.5387929632477582,-5.479146102344988,0.08973512995332289,0.9351976867602787,0.8451708115717422,0.40718278108214256,0.4662257330310906,262195
track_05937,EDM,132.52526539542106,0.7900909337330685,0.8867521259785647,-0.8949185398381694,0.045922011210825106,0.007993523841835048,0.1059895047448359,0.17964606082935622,0.5618544801358166,214677
track_05938,Metal,164.88153792452158,0.5023007734144226,0.9692999792971211,-2.9076875431118925,0.0753392612598425,0.040299038815274774,0.17667152397714683,0.20830696445075386,0.5524877221641724,330857
track_05939,Hip-Hop,78.7817120851495,0.9086728929305234,0.7716529870550377,-3.2948155249174897,0.32819590365600926,0.18460510179465406,0.02918840195210152,0.2721790735140412,0.8798023864509814,158673
track_05940,Blues,93.35127042417164,0.7448565792919845,0.5308933448843141,-5.997448435283114,0.047471459931203615,0.3780027490196922,0.0503240324408099,0.24556653731188302,0.5877603368174988,246669
track_05941,Jazz,88.92878196990928,0.5950740431386744,0.4930874260921593,-9.330521351526576,0.06394901657420843,0.552393808514724,0.8317459594877156,0.36565595480934365,0.3099401004829914,409327
track_05942,Blues,91.67228015030068,0.6798552654545054,0.6435372224465595,-9.87664629547318,0.06952837173948584,0.6527362682548681,0.1575698096926957,0.2232088356806478,0.6879731318074209,199891
track_05943,Pop,115.0428255010202,0.8480415912711498,0.7527297092699675,-4.905851568362911,0.05975508919688152,0.4914269914640136,0.02648503127114765,0.12052036463467464,0.6656789179033006,226083
track_05944,Hip-Hop,84.44168418131235,0.7890801295975973,0.7491503850629071,-4.665856689653121,0.3840524561251005,0.08245071734712844,0.052622248603765624,0.15143262962571186,0.8444809332991967,159104
track_05945,EDM,127.82097661250177,0.9480026877399125,0.9528671133303215,-3.562154070810639,0.05710855817785267,0.06598051152974542,0.057454236754839225,0.2547103456846764,0.5838345356566063,239730
track_05946,Country,93.7104105639496,0.6372453204922557,0.49946647530088595,-8.952603134828962,0.03973511394628483,0.6998970885854924,0.06912659558927188,0.260984946511096,0.6024155308071436,196900
track_05947,Jazz,129.52928544598376,0.493509439096414,0.44113538966601307,-13.88127275573429,0.06640614033838488,0.9233520943198973,0.8253606254552076,0.2907091409404487,0.35215327523484047,388733
track_05948,Blues,92.46761692403489,0.7487781809035002,0.701268758016487,-8.432018132723458,0.06253905506176752,0.4207966214390994,0.10701990568218325,0.21536478368612227,0.6344396196747453,256572
track_05949,EDM,125.42409735623806,0.8139106204214801,0.9740429757607363,-4.872904917342599,0.0620968462127218,0.08951370909394007,0.13919054535046607,0.1651399262099808,0.7428288149636029,240892
track_05950,Country,114.87123271855202,0.6490749514862031,0.5601405193635454,-4.412042045671708,0.0951723923141778,0.41212644698907575,0.10113321010704818,0.2131135352386997,0.7776675399182011,251044
track_05951,Metal,158.169625721673,0.3112046861629915,0.9323993508394143,-2.9807843958358196,0.07549846547941577,0.023495323472719744,0.10452912418100604,0.1301542100061575,0.4367126909145104,296800
track_05952,Metal,164.23437778401853,0.373066209630356,0.8066990562489701,-5.755524671302732,0.05092578208132257,0.018987319709711927,0.022392688520477533,0.1389402660865678,0.4443922350677085,243510
track_05953,Blues,96.87625895969774,0.7523779446851263,0.5351745065944824,-10.446630242324314,0.09469109282861901,0.44300771551878987,0.0005425283856625107,0.13995941368266335,0.7908656292993378,290231
track_05954,Rock,145.70427384420876,0.7455629913815436,0.8176388436406475,-5.416657622709276,0.05982130889078931,0.32680187098029656,0.2641179952874451,0.3284417807969119,0.5964362949831346,243229
track_05955,Pop,108.45523344644425,0.7096460104689086,0.7442234308486522,-6.167447018138066,0.1077508341472951,0.28953423153481694,0.025108938352613255,0.18547783702932863,0.6241865401570053,212818
track_05956,Rock,130.9181930165728,0.5672782180374033,0.8502917409453313,-7.470204817444511,0.13916885742747476,0.10003484193526337,0.003106601915009932,0.37611005327333713,0.4956072967785524,205361
track_05957,Pop,101.4846567482492,0.6159989696281366,0.732617469758286,-7.299110022402734,0.10858149777788331,0.2208649865256337,0.011082865669271176,0.24795137774393516,0.8394593390791054,231763
track_05958,Jazz,115.8445840696896,0.5423650375697734,0.47706624172939416,-18.751038727290492,0.06250068202697016,0.9488009316043975,0.9628244077617665,0.29336742869873833,0.39097202187487645,251891
track_05959,Classical,59.32148628633293,0.11454319829755553,0.3333553587073287,-16.47454735415963,0.05894193260110206,0.9856255449177512,0.938077271627108,0.3199196064523234,0.3654987618292982,503475
track_05960,Blues,90.64234942712629,0.7025685978412067,0.7334052296270505,-10.4760768281892,0.06604506631776837,0.5020509467506301,0.033823534699699856,0.2403885442585757,0.5168812224534084,203702
track_05961,Reggae,88.57475667006119,0.7449617450174266,0.5089199507887826,-11.083819890610068,0.06464404452197804,0.3380084959132539,0.19117811298748671,0.202197760630753,0.6130800571047902,272362
track_05962,Blues,79.47905928986827,0.6487684050889235,0.6079045679773902,-7.9156360202436025,0.047444890105610475,0.512816513664327,0.11615464650202673,0.23217804851532714,0.665027615112233,209509
track_05963,Hip-Hop,82.30135426845267,0.7500738522055076,0.6584347719761212,-5.219417160316501,0.5301391571995333,0.17121464853823817,0.04646469815796296,0.10360327395266496,0.7254245243729475,250445
track_05964,Country,110.1333549085939,0.5965139495172933,0.49736184468010913,-9.685794677218434,0.06770623824259164,0.5838726644021753,0.17557148320107033,0.2005684113712517,0.502316048387907,187110
track_05965,Hip-Hop,90.22287023208793,0.8999118472832951,0.6840329135384939,-2.2684650200255154,0.5259210899474934,0.003613345115546196,0.018374562240452308,0.27116123119471625,0.7583453379408722,198669
track_05966,Metal,161.47480649350126,0.4029409404950339,0.8113559948604583,-4.317995208572393,0.04883649300729112,0.025486562180588136,0.024128160865158677,0.23362166600162632,0.369720727647989,318265
track_05967,Pop,105.22341807919231,0.839333621704213,0.8038848849970326,-6.468644484499039,0.09576361973374242,0.257628902381821,0.002223808557151541,0.185555505962244,0.7303442903114832,234362
track_05968,Country,95.47497437825531,0.7279855935984165,0.6674586900430985,-7.84488315574735,0.08814713168043209,0.5533863694027948,0.09286855460444204,0.17017742738421204,0.7034608382492902,260549
track_05969,Metal,172.23817979069997,0.39271516661199657,0.9119294711714794,-1.4017717245078494,0.06491464298847194,0.1123516293781912,0.17341114678492975,0.16612878711703924,0.3593534241656876,343866
track_05970,Country,93.3042464848383,0.5813967977814262,0.5009492444042468,-6.414116220753946,0.06273826128238999,0.4002216116572074,0.15429439494524766,0.12846358756495208,0.7024430244784934,206417
track_05971,Rock,119.12436485578677,0.710389169391189,0.7279952524334979,-6.173154120064485,0.05639647882677348,0.1471365065885048,0.26324235572006194,0.39918603591668766,0.7884787430132171,286690
track_05972,Metal,144.3188637713724,0.5096428779959022,0.8701718150440045,-2.6699588605626876,0.05142507176313492,0.11318398434934854,0.1094452979603475,0.13362797323233927,0.5539794779001359,243063
track_05973,Rock,137.11075220817128,0.5922440591414476,0.9118415643623218,-3.3996660846776647,0.08396327980650822,0.2008201841904781,0.19596701221658408,0.1633380187227479,0.7063256020871169,186429
track_05974,Rock,139.08066801547324,0.6626770249991225,0.7824195130186947,-8.547572280037542,0.08869505314348464,0.2521612438331925,0.19556050363394312,0.3404912364376992,0.773799947985959,249781
track_05975,Country,111.74182039434794,0.6067314502576079,0.6550035008456487,-9.583425882377288,0.07837526785566684,0.4189027905506435,0.15800249601325944,0.2104436052597986,0.6667617566548172,222395
track_05976,EDM,126.6891729488951,0.7041603816735302,0.8178848184780702,-2.5033062226907488,0.04350668991331156,0.15643024287839744,0.19629066119110092,0.11370207310507363,0.7179532843487614,245314
track_05977,Hip-Hop,90.91749182816253,0.7250443330549889,0.7237459794361322,-2.085705961140633,0.3264611148527317,0.20089045439725375,0.08942993025824732,0.14013154331466632,0.8209678360328961,212041
track_05978,Metal,180.19736610370182,0.33344829089279227,0.8492077641503992,-2.773482944411274,0.07357085496073251,0.0909998656368699,0.03872310601690139,0.2275224091823718,0.3590801913685691,335641
track_05979,Reggae,94.22540334415913,0.7893945974188546,0.5970247414885211,-10.499266853427304,0.07934438941487018,0.6887990031787301,0.11069579053440069,0.1587632955636595,0.7731409241327492,239101
track_05980,EDM,135.66842205250285,0.9125410720943072,0.8312196149671309,-1.5255598249655073,0.057860131531501935,0.07935087921408768,0.04589972757394769,0.1264215444513666,0.795790380593693,281398
track_05981,Hip-Hop,81.13193223693884,0.7721842937042925,0.6219981014146558,-4.521311179749583,0.4425538822589884,0.031938861725778867,0.04638539575853376,0.11579291071231719,0.8726117327145695,286873
track_05982,Metal,148.31795897178705,0.3550794711364417,0.80227970104592,-5.019343520206725,0.0349184184043434,0.14679120448064908,0.0529091310354936,0.22789483789125392,0.5005971120505837,235486
track_05983,Pop,112.13628414642554,0.7578382977481127,0.7616035625891855,-7.011020544775203,0.08522842248188695,0.14963173856549244,0.03058203397438865,0.11952425755995949,0.7013412023019693,210449
track_05984,Hip-Hop,88.79422383505315,0.9296495048548857,0.8914324509486611,-3.0412926519897514,0.45075481741438983,0.06884293435077461,0.05983669561516128,0.1393590093514149,0.5222898928996846,297408
track_05985,Reggae,102.2874755525862,0.6902817114878014,0.633329139470366,-5.5939827770489945,0.08899276773760371,0.38503687938030234,0.058355525844111925,0.23212452802587072,0.6713275757061397,246805
track_05986,Blues,90.92705047105802,0.7498179342264424,0.5783132516783787,-11.753154090333542,0.048597363129207385,0.5787798590744954,0.1481100274217683,0.2532753412954989,0.5731907872354116,269655
track_05987,Jazz,120.00986785083255,0.6931338274757388,0.4375256808027056,-18.994883784157963,0.05758819378436727,0.7151047119925317,0.8775753033971205,0.24563173519101425,0.5060330509074128,297248
track_05988,Rock,155.63910660348077,0.5138808067962435,0.884703265806443,-5.588479666809573,0.033185176302742356,0.3361243113105701,0.04608446546537199,0.3103816092214528,0.4151295765192777,220642
track_05989,Jazz,98.8106663313121,0.4432299525290699,0.39591537733429205,-13.344656510998202,0.06635589598015972,0.8688006212386818,0.9809036082737184,0.3166878207770798,0.3345794075092427,355752
track_05990,EDM,133.47664359890214,0.8879047043695165,0.9751164807946983,-4.980771131976197,0.043524719790036706,0.02899756186933622,0.11725747585895313,0.21512562063179225,0.8635395663810885,241954
track_05991,Blues,91.66824172773573,0.7412841354323829,0.5245292531846689,-9.561229507964615,0.09804056660626598,0.37710202529669534,0.09078521471428419,0.16683538693116412,0.561661485407888,262642
track_05992,Rock,142.92214126432125,0.679174602455315,0.9446671945093275,-9.515287367842324,0.05515293683726563,0.2768744377992651,0.18312984098340354,0.2400296336421922,0.7119753666844842,231029
track_05993,Metal,168.25765856685706,0.5942121974361251,0.8155189957902367,-2.0526570931728356,0.0361492689782565,0.05963706941942575,0.11332473039611833,0.1594449394646261,0.49507835248401877,268412
track_05994,EDM,123.79389808345127,0.8056672804413618,0.8851922728582184,-1.4881959176059913,0.034113479775511726,0.0790451668535007,0.2905143967569626,0.25563188806591847,0.5084132275947697,198974
track_05995,Reggae,85.34377108368561,0.669697344457482,0.6074065753576482,-8.984155328460256,0.04126029105513186,0.6387029426651476,0.1763591885343912,0.10791130698589478,0.7328009580772548,210007
track_05996,Country,85.38729347254335,0.6178312484320506,0.6427793121628188,-8.110706896795955,0.07466101082393364,0.6078875433802144,0.1951320076521558,0.13025294613148536,0.7994872237135647,258437
track_05997,Metal,158.71287017813427,0.46778602442600264,0.9176486062136188,-5.1522750650801505,0.03372648022488696,0.004195724091385911,0.08260272494725354,0.16607743533826705,0.4703423980072108,265155
track_05998,Hip-Hop,83.12064661880541,0.7985170137241875,0.8529961779135872,-4.270903106544055,0.49383021912591873,0.11454791453461033,0.07768443161142474,0.13041751423296552,0.6608002917692382,173919
track_05999,Country,118.06321888062598,0.5781741776623299,0.4079833185171155,-5.756749644931747,0.04452031470175356,0.6168024063438537,0.00147092499229875,0.1624684202356091,0.6863692239247262,293853
track_06000,EDM,125.31950989566667,0.739350693587453,0.836455280258685,-3.631729047055736,0.04491103933380288,0.07836889298766188,0.1498131389291559,0.2856471642491999,0.89733969302457,208613
track_06001,Hip-Hop,93.2712482750756,0.7183237114251175,0.8823565167273819,-2.373732816209528,0.362517867838182,0.23572360498969225,0.058146587090676265,0.10678000438373213,0.618920928341398,189396
track_06002,Reggae,89.79553182716838,0.7945884807105634,0.5948977460656333,-9.785580990901078,0.06676155972841905,0.5779833439584174,0.031920356736963744,0.15099695599915158,0.7884718054367226,227616
track_06003,Jazz,104.1508430817099,0.6865445871731677,0.4112756711618481,-16.160046715389196,0.07718185351599369,0.5794466943855205,0.8875256156590003,0.3375723654126963,0.5925755617775286,342825
track_06004,Hip-Hop,77.37047021547129,0.8888411998312593,0.7149850329847116,-6.618428806270021,0.49770348909026807,0.24230690568374452,0.08607646812891324,0.21285625597391328,0.7067199428047648,266450
track_06005,Jazz,125.21188456679216,0.5077880172201101,0.5028041220695577,-7.565227035195061,0.04863125192427108,0.9923683703846264,0.9657554824194573,0.40727479281478407,0.5172914503216237,363358
track_06006,Rock,143.7491787303024,0.519780052615699,0.8736360808865343,-7.697748756102306,0.11033015657420708,0.3858726447322396,0.08057709469671323,0.386778095514543,0.7482505203669036,181073
track_06007,Pop,111.01791471074989,0.8748767222541615,0.6751724267875918,-6.563840843267587,0.11700518289168416,0.3215071078153827,0.030685435703197886,0.27961547310987245,0.6523278733877051,222849
track_06008,Classical,83.51737869313781,0.21421442893590403,0.22300652323370257,-26.72819462623401,0.027116063252140277,0.945091747681076,0.9034203958527646,0.3582628987907718,0.33185940618951015,429148
track_06009,Metal,154.9037898957893,0.5046817498797898,0.9284050143299816,-4.286779126213962,0.07845741282796234,0.06928045025360051,0.12405680466081036,0.17602528252866273,0.30354990831126005,286205
track_06010,Classical,79.89255532042995,0.2129948321466391,0.17194077032544058,-14.508839928796164,0.020028151387851086,0.9732156946418532,0.9732579165302394,0.36385173170675195,0.4950134407855153,471862
track_06011,Rock,140.2289288684506,0.5875827336938864,0.7638067573739038,-3.930931915628081,0.11702013519158243,0.3970526648075742,0.19846940995266127,0.3686098551867708,0.44733444256204624,244452
track_06012,Hip-Hop,83.84277551646845,0.8140910630789109,0.8377126651135917,-2.9365315947904227,0.4253906414510725,0.10470797788299431,0.08206165297611286,0.17537389767906444,0.6620928770410497,289077
track_06013,Rock,160.50490021815435,0.6964733606366964,0.8093948836212063,-5.071735305808819,0.06193008119860845,0.34230435231029893,3.453277713003633e-05,0.38996953379540267,0.573429282199155,229357
track_06014,Classical,74.83713399619693,0.28821374718022696,0.2452281084934559,-26.952157415066466,0.04560221079142803,0.895706195166459,0.9765978410877934,0.2585564766489911,0.3387607069373356,351892
track_06015,Classical,80.4099406220169,0.19143827376055142,0.26148059759929776,-15.003723235365447,0.036098085828436224,0.9213930571780824,0.9963919347684951,0.3973903455236609,0.23124405468854559,422560
track_06016,Metal,168.61951408043768,0.45573798172899693,0.8145341533369252,-2.617150940593592,0.06271060996364586,0.17526473812539284,0.099998557630842,0.23842770995329693,0.354605462595918,184448
track_06017,Country,113.01104705511918,0.5083001040438526,0.5563781711495742,-4.345961348214477,0.04524482704590284,0.42324050340365493,0.15419300168503247,0.24828835811692845,0.6170463510513982,250825
track_06018,Blues,93.29855630905811,0.7696809344647841,0.6889416794673211,-10.6935262549446,0.05512394447541531,0.521418965530097,0.1121602363052005,0.2610377327880756,0.6075747914520017,254140
track_06019,Rock,143.21989784941107,0.6423354828497153,0.9773555675400485,-6.92010550668695,0.12776695399830731,0.32532958194394834,0.2840685846698907,0.2912354621671608,0.4908340153672772,184246
track_06020,Pop,113.65903197206163,0.7834361563903274,0.6972858468720131,-3.4371130172465767,0.11508900590969438,0.2057250935461049,0.01966980460769919,0.29329173400966946,0.7164194755448878,235417
track_06021,Blues,97.08930171306547,0.7250957498419802,0.6760252528757628,-11.483800660199345,0.07238094419481295,0.646838764008663,0.08737018880694031,0.24083160139740656,0.7711213645009056,265175
track_06022,Rock,134.81191568377918,0.6983543077590862,0.7355077402016128,-5.845081608117153,0.08227441820445935,0.2226004347180966,0.2569685678053846,0.15031584003971055,0.638087263309111,290287
track_06023,Reggae,92.02334306442222,0.7904750928314118,0.7865464707114384,-5.489216459586029,0.05649440124741996,0.32381733198611085,0.020558003734703914,0.1283753308393757,0.7015034482147035,214867
track_06024,EDM,118.59031114496293,0.7349171050830291,0.9606904877579291,-2.1576831583938114,0.03135546610661917,0.018175141498387327,0.259159514900713,0.10660028341115689,0.6194170395577039,254555
track_06025,EDM,116.23955042598706,0.9073752745539583,0.9788980860873976,-0.16666162615332958,0.0627300458315378,0.12162249081487352,0.18408455960139775,0.13729828677857223,0.6052849037196748,205896
track_06026,Classical,75.51233798448773,0.2850330341775691,0.32986763149546133,-18.586855175299934,0.07278933913480867,0.9203424726955542,0.9973504667602107,0.4574871434885307,0.42017809227820235,436269
track_06027,EDM,121.55323625339028,0.7675712169993014,0.9260085362911972,-2.2594504822405987,0.05034666628151878,0.1601174960759832,0.043959065862125536,0.13394506837548534,0.7052244260665951,234994
track_06028,Jazz,104.71079303952901,0.45213667090625137,0.5071897985821947,-12.558874474412274,0.05213429395700747,0.6322026433443937,0.9169157979468416,0.29824196666540614,0.381807396240646,346894
track_06029,Pop,119.5747323828687,0.8519153499244418,0.6135606609763787,-5.759512448574181,0.11369074895005274,0.1059031368500456,0.005365974338407787,0.2290391770091107,0.5419933931609239,249704
track_06030,EDM,126.97806744587542,0.7768898232054389,0.8031043691340894,-0.46658788035099175,0.058279189322063614,0.008959376082361215,0.252177544817616,0.11061223028973731,0.7845904467727498,205406
track_06031,Hip-Hop,77.54554608757384,0.7995288100745142,0.6664311527572001,-5.553185615508437,0.5483949430268069,0.20977483445708583,0.009465375584306712,0.11133596772943158,0.7024771189907433,182408
track_06032,Jazz,137.7290278626826,0.6592344081119759,0.33997938535761807,-10.9137104468333,0.08596087283980017,0.9689203940150615,0.7302649112154083,0.2718925552165359,0.44183657286514466,411680
track_06033,Blues,79.01515075907477,0.6804094894983276,0.501597561843869,-11.816954583691325,0.0876361738656193,0.38539400666342716,0.12145947388127228,0.23066508321689247,0.709394356819429,270828
track_06034,Jazz,111.49993463473243,0.5145810647952263,0.47588414530792394,-14.084653452614845,0.054081616400741876,0.8145719220971128,0.9185090795680203,0.4835964815607818,0.46364744303162475,340585
track_06035,Rock,147.67651569456956,0.7190643382037217,0.8517249214982644,-3.225795293757715,0.08875379772648453,0.17750808457954897,0.0027179677167930793,0.36019023955767904,0.558123821419009,205419
track_06036,Classical,58.91949705180865,0.12506567355074547,0.2061025717338176,-28.10930344140918,0.03978704852870753,0.9939385307449562,0.9019951108784765,0.4491628421655095,0.5974486652057486,316768
track_06037,Metal,163.25065717863396,0.5777671403787223,0.9988402662598361,-3.4489218039550797,0.07091371190935311,0.09100980888316396,0.1882802589860901,0.2971981001184105,0.5633378597155898,216447
track_06038,Metal,159.16671272581766,0.32543298972164225,0.8715211987253171,-2.4753716634557,0.03062264140835829,0.1901291492393922,0.10508985322268667,0.171674488536712,0.4683686787571635,295633
track_06039,Reggae,85.34458759275869,0.6072595338618313,0.643940707275398,-5.792706346083873,0.06449886552413199,0.38011173767424133,0.08167013622733076,0.24452689531104219,0.5124087915700328,241200
track_06040,Pop,114.95368000166769,0.6890660370799495,0.6769802977828201,-4.772994711482631,0.08032032880669451,0.15373974491869782,0.00029615295631263416,0.1059354728131335,0.8470065388396244,190754
track_06041,Rock,143.45160586373808,0.7871661911747154,0.7318899239173886,-6.5357669683287165,0.05975117132800957,0.1844824693956638,0.06733627999949114,0.2637074440162646,0.42268519079778355,200253
track_06042,Metal,151.16725656656823,0.5512142738850339,0.9730088329089149,-5.986471376648163,0.055721604576825845,0.15654571347706434,0.03629142449513991,0.25029045832061114,0.3027480454957139,319203
track_06043,Classical,63.64651547938296,0.22350722214498003,0.17016839503585995,-21.80682276974753,0.04870805569738205,0.9598615757760953,0.9580068423164089,0.30202892443405804,0.46289943928912664,576549
track_06044,Blues,90.02840134746373,0.7645585411232828,0.560429087199858,-8.0902771994495,0.05230768863350457,0.43022521079174036,0.08449769373192127,0.1734839074616354,0.7801599639237846,225185
track_06045,Metal,167.09881499457694,0.5485762662043779,0.9292912699331772,-1.8153956026071878,0.06028287335870988,0.16204164178707656,0.19657736018738925,0.11656494682758825,0.44389488903891294,232819
track_06046,Hip-Hop,79.72750591483523,0.7604311161958213,0.7984722454091611,-3.0185160954927834,0.5061589109285876,0.21835726646642184,0.030760678681111556,0.20584166204153526,0.517082125470067,199452
track_06047,Jazz,87.32482027086917,0.4572086481916905,0.5467018715339077,-9.747601825072708,0.06058989889504669,0.8984837760054827,0.996773771662449,0.27351272713349206,0.4450359623348217,409071
track_06048,Metal,146.5276581826661,0.4601016733152029,0.8902824909645137,-4.884797523878845,0.0722306211547662,0.18185220670445076,0.14950127346819048,0.1096144235416303,0.335374959160856,192009
track_06049,Rock,144.9073221434771,0.5997499810904158,0.79281352675015,-6.7577280945554925,0.03090337642885482,0.16219602642458195,0.06344133306483213,0.11832700993283651,0.5820522758894726,191268
track_06050,EDM,129.2302579523988,0.8535912249312371,0.8700304905003529,-0.9600181550036107,0.05181862864122424,0.021139840658393916,0.22518164772954946,0.16093332203413746,0.6632976022521959,220868
track_06051,EDM,127.09212189321654,0.9076498618388293,0.9084365877398756,-0.9202004574937668,0.05470659987465606,0.07837140169629149,0.18034214085974884,0.2272361481327098,0.8064824590347659,282210
track_06052,Blues,90.71024583055782,0.6643965269076983,0.5486515410013084,-11.017352197692867,0.048660521169348804,0.6544240007385442,0.10661557810936484,0.19388520771612983,0.7113403285437442,199488
track_06053,EDM,121.76250963997092,0.9027233413548011,0.8062288536021927,-2.72427871417223,0.04578964091705006,0.018436198000158367,0.11301568507849691,0.2618060996051293,0.5549898613497214,247712
track_06054,Blues,89.97134880296753,0.617156112281165,0.6185316114629122,-9.398259159741597,0.07220991731771288,0.4180132641802832,0.19695115713277236,0.1632060925893424,0.7089113686521537,208896
track_06055,Rock,124.67014946023936,0.5518373614553621,0.9917175123982123,-6.213425113246021,0.08529738383713975,0.29247199540991475,0.0670357988611855,0.34659183002980337,0.4992943533687184,260337
track_06056,Pop,116.88636566211372,0.6045438411694327,0.8234302658113948,-4.304435339459914,0.05975009917948593,0.23116928132631154,0.023996643353183373,0.19878215644853803,0.7382615762974546,247601
track_06057,EDM,129.88502914779667,0.7204778060281137,0.9881740419219597,-1.432839176818348,0.03949499074261824,0.13429748451620535,0.033437309875918884,0.25587769595545395,0.6923696797521524,204326
track_06058,Reggae,98.77672342562997,0.7302946537869368,0.7088157958965209,-8.883539640881056,0.053414304087294834,0.4752392053954859,0.09475217726128778,0.2908015379841098,0.6705871115108327,282951
track_06059,Classical,48.76449719961656,0.14387185332831237,0.1236514369971603,-20.571087386962432,0.07210385788965248,0.8118692950845899,0.9989094944574421,0.48409753717058546,0.45629526028083256,412636
track_06060,Jazz,151.25120066489316,0.5601138246510802,0.5238241160018386,-10.316103446667217,0.07144595110858497,0.6074039636459976,0.9649505619065927,0.28271461914408585,0.40112797198217337,250538
track_06061,EDM,117.68355105022525,0.8304854952653902,0.890623076227854,-2.4010409709165796,0.04190613407550919,0.16302762260521908,0.16025790027490663,0.14168693379178904,0.8607214801003393,261859
track_06062,Blues,89.91949010576135,0.7903808410963931,0.6990429774190077,-8.825096879079846,0.04311436425216836,0.6625456789622081,0.11794547251000256,0.23646327596456046,0.6515891116686726,212199
track_06063,Rock,140.7929500331001,0.5888968284381458,0.8375131439223229,-5.267711942429573,0.0834226674619269,0.3732245687096112,0.26023822091894694,0.14404305308815707,0.7139763576253577,186796
track_06064,EDM,129.69050863424923,0.7791065661551584,0.9720250684592422,-1.141091100514355,0.05974711034168525,0.045023406983782446,0.056855932007256804,0.1493188103844844,0.654464901288387,297417
track_06065,Metal,160.32975567497667,0.5169562969752732,0.9101590667202343,-5.822748815240604,0.07017348204818336,0.1863188303388584,0.0880753481614842,0.17329291055993212,0.36895620316679956,346122
track_06066,EDM,121.69874435539712,0.8611118768974616,0.9540292255725749,-3.338921318263302,0.04358690493511813,0.09022026394047794,0.05106083295590835,0.2854416376354142,0.7821824273813807,266750
track_06067,Blues,96.561570674516,0.7102138705308949,0.615138455026335,-10.742846621321451,0.07116656256034408,0.3243428904476624,0.01176488621223466,0.22267837866406437,0.6441468325282564,185578
track_06068,Hip-Hop,88.8259230365997,0.7754533322876206,0.822701820263041,-6.897755896992167,0.4781439622926622,0.12710425002979808,0.07630379038607417,0.14032370452378393,0.6080358304947202,175309
track_06069,Hip-Hop,89.94011266560527,0.8206863157750122,0.6607434265093928,-6.325997251546516,0.5402872169080273,0.057648075654972285,0.09423130965121204,0.20017369220669207,0.6133681683594143,267360
track_06070,EDM,132.40634809749068,0.9235577167133102,0.8352599403028711,-4.982148627534649,0.05465010756944474,0.14048887336798996,0.039363645000322835,0.1333670598396374,0.8852306253554802,249221
track_06071,Jazz,122.56140569377175,0.6452736889394678,0.5503028409965187,-12.008547581947674,0.0773260432761845,0.6841257465496022,0.9492006876993756,0.40928167603726484,0.3743484298156877,323679
track_06072,Rock,134.12610596716985,0.6569354395982386,0.8565267723181631,-5.45790034967906,0.06680400534758092,0.292798152179495,0.04231074586332923,0.36808405699363933,0.4576693950244525,282801
track_06073,Reggae,81.86460781342984,0.7977817642614005,0.7952985407180162,-5.4612543412612675,0.04085344802084454,0.36180854958873687,0.1104901148866187,0.13745766562090472,0.7564555225137597,180312
track_06074,Reggae,92.40019738184981,0.6304458218575757,0.5664378542119518,-10.587274883032466,0.053238366563489306,0.4905656580323836,0.17355869489588238,0.10462292101433585,0.5715441219782544,185278
track_06075,EDM,130.49912650607283,0.8610176980169996,0.8408695226511738,-4.653249781813709,0.03665804615579922,0.055105459177217965,0.010883436001706858,0.2845463185274264,0.5922013041391248,298563
track_06076,EDM,122.38819203089635,0.8350402094696787,0.8371394924849032,-3.889189752305196,0.05361015193843717,0.1836796369968549,0.15912943066941113,0.2871457089533559,0.6049000071675742,233913
track_06077,Hip-Hop,80.81971998822905,0.8021085594745003,0.6655271800662075,-7.139156861201199,0.3912084998098565,0.08990646698872995,0.009719734813880165,0.21682349959302427,0.6257374927058503,185797
track_06078,Blues,88.06931168737401,0.6916185704150754,0.6859767220971934,-7.244173503070772,0.06375672374737829,0.4348126848672306,0.07368025688737616,0.11403630601274413,0.5964892258683991,276677
track_06079,Jazz,132.75708775827172,0.6758936527854769,0.5949471199598843,-14.234214319481964,0.062645632215757,0.9523287991842428,0.958213453593914,0.3126322134713493,0.3305185884335885,395616
track_06080,EDM,132.3198804589442,0.7671749867588837,0.9817189749078336,-0.9694137849204063,0.06603894411404572,0.0161828001615282,0.25938384746923354,0.21861717671064368,0.5861705691541563,279277
track_06081,Reggae,81.40355852496393,0.6068022418509834,0.6594509248592914,-7.906280433795415,0.05513384528989585,0.6759519003831649,0.12209084743394066,0.13519273067410864,0.7163770577105131,285482
track_06082,Rock,152.18986701285735,0.7531161184755729,0.8165722634670136,-6.7008826362545895,0.1025475923636437,0.2426799113618502,0.08908111824182069,0.35834502355474307,0.7213796877487022,299620
track_06083,Pop,116.21749553543869,0.8627702774683672,0.6902029297402933,-6.246984271042389,0.07246051710376773,0.3939877707804008,0.04710329783272836,0.2770801542625616,0.5600855602892535,219087
track_06084,Metal,162.6451807939693,0.5018550842910072,0.8921893735160953,-1.4373059930360021,0.06437053408720486,0.12843168809942623,0.1184601773641635,0.2977223040072991,0.505427305354198,210289
track_06085,EDM,119.53190223831037,0.8454226126539124,0.9251100262830293,-3.699052729564254,0.04748258685702311,0.14426948143311094,0.06775441665610821,0.2672250675875244,0.5310106040901494,225096
track_06086,Blues,95.01417921528908,0.7164616217906576,0.6637990244924576,-8.025703076858758,0.06808629328602933,0.3567745408872539,0.004182966619913553,0.10928278544488601,0.7829441437506076,284919
track_06087,EDM,131.55394868483637,0.9386698138940992,0.9692891439447743,-3.845698021484201,0.043941541391594084,0.15309923345932233,0.2838815866447914,0.15784946271819422,0.6545368422913131,243732
track_06088,Blues,86.78330596283878,0.672913455224636,0.6413591342154781,-11.683681997663152,0.050034033400408684,0.34076511366343465,0.16894302954620086,0.29233825164449745,0.520392384293889,190768
track_06089,Jazz,132.08687147963903,0.5308111384151253,0.4685315044301879,-16.737674124849647,0.06413252211321148,0.7895246745565374,0.8846434896196995,0.4160103182558884,0.6829412757493386,396295
track_06090,Pop,119.00872644960097,0.7598308455607009,0.7275068438751846,-4.885103205435965,0.06191007870796651,0.2016162020154545,0.04529032298618585,0.14246554999776737,0.5931883327933383,201116
track_06091,Classical,71.71935635899418,0.2846891275894361,0.2782778197504874,-26.901170929429057,0.040180746543272194,0.84660213873673,0.9470516285613556,0.44017203104505986,0.5287393595546632,307877
track_06092,Rock,140.4707979818515,0.6647263027895595,0.9030197926244549,-7.223578710392738,0.13865239322207162,0.2077057239590933,0.1470404392734134,0.27605074665026774,0.5709410062925332,231855
track_06093,Rock,147.24176034055637,0.5066337751283427,0.7760854778918029,-3.303997120282437,0.06463251361078921,0.3314879453465958,0.12734519112273893,0.3722583147553692,0.6230676218306817,263905
track_06094,Blues,95.97258381737342,0.7705676916832107,0.6661244639549928,-5.562689637423351,0.08893915566845684,0.5523134521299546,0.06267241918369063,0.27054674896601394,0.6977579881379897,181942
track_06095,Hip-Hop,96.17791256396612,0.7185744483317037,0.8216822051625855,-5.665823388713125,0.3386742268137535,0.11611947998715261,0.009830148571663956,0.27759917460749317,0.682703960286257,268414
track_06096,Blues,94.06594413504273,0.7778208915175433,0.5309720569654907,-10.242617655525974,0.0883560416287108,0.5753946931954628,0.07762556808767491,0.2673538302346799,0.6907099832445172,230916
track_06097,Hip-Hop,84.66288438516287,0.8927631736094848,0.756335330266339,-7.875957922256669,0.44517148979824483,0.09349712316868126,0.06828591701719823,0.20470179367858526,0.8861348599737681,234274
track_06098,Country,89.42929874901617,0.6814682700344938,0.482220467597762,-7.384766311451548,0.09298566828774081,0.43759202510024225,0.007607815738541102,0.2121016297293401,0.7099560872487606,191664
track_06099,Reggae,99.11167151506028,0.73372257225163,0.7100949406140646,-9.771855359433584,0.09355458445808637,0.31197344330178983,0.037685987603666704,0.11402816391352211,0.7014610917157112,240629
track_06100,Rock,151.8634286895561,0.5816863138954792,0.7800538215354103,-9.260786359508838,0.13715174193910903,0.15175863330986913,0.291038116049736,0.23465135140765037,0.7927142031158811,219337
track_06101,Jazz,126.13255020871202,0.4211557146527224,0.31487432547681654,-8.00571420732138,0.07269944138055615,0.7856624444272654,0.8008807164618292,0.4791044213375038,0.5853391129001483,403736
track_06102,Blues,97.63181364175624,0.6823808209587146,0.7265464624398859,-11.732529152462702,0.04059705441862046,0.5095683763809948,0.197844605467922,0.189092230773656,0.5035637539850515,241536
track_06103,Jazz,133.9287225491621,0.43638472709208065,0.5773170433802668,-5.897700062882725,0.07845743480338968,0.6125913771244114,0.8610124901917717,0.44499513098705523,0.44321880900311217,404397
track_06104,Pop,114.24188493471613,0.8478113429701087,0.7889187326788609,-6.886619694784361,0.05953748703652022,0.17221923348409446,0.00465094046289849,0.28805816599362694,0.8405977798374945,245309
track_06105,Jazz,112.37464876332699,0.40601144758626023,0.397116009248345,-9.494710560668617,0.05370570754206955,0.7424464876628993,0.9662742739109386,0.20851729496269472,0.6142548582398903,383019
track_06106,EDM,119.20068533953783,0.8352874727590307,0.8461743455322798,-2.1052576966980316,0.05922798598106201,0.04030758593548749,0.10298064532990503,0.21347579954157422,0.6667123987700896,184414
track_06107,Reggae,90.06465574772997,0.7613171688870568,0.7614434257382279,-7.2150737057468675,0.045209258024229995,0.6965375845174531,0.14942079726783983,0.18529143271207738,0.7441026632494001,226771
track_06108,EDM,122.0216042060681,0.9239724762789581,0.9521005183030699,-2.02269085492462,0.03797051199142656,0.05532767947786741,0.1808301266408907,0.1278687528587934,0.5735856693642252,286498
track_06109,Metal,152.88089172429173,0.36062308444637486,0.9595001830727065,-2.211993786478808,0.04966558748815228,0.07809270757257863,0.17676464171340042,0.13637530779910956,0.4071643560303212,186978
track_06110,Blues,89.61549085120814,0.6646396056715614,0.6568834223117468,-6.341779864326559,0.050876137460462316,0.5655674476101684,0.17966736710743825,0.28021034170979675,0.7682362811026542,181295
track_06111,Rock,129.0046941022361,0.6258413842735309,0.9482968808065898,-6.098960409162184,0.13286948857494674,0.22816216540564546,0.18248423141623918,0.10138579535558558,0.630219116506012,254293
track_06112,Blues,83.72603364807576,0.7032803150907364,0.6670807920341306,-11.619704839138253,0.07119078049179406,0.5670446963826572,0.030143043971897845,0.2967107591963424,0.7745343463363897,293610
track_06113,Reggae,76.3338834380155,0.7981371905641699,0.606351306172825,-5.298571004829226,0.09472196168019767,0.4798044297230377,0.1889962223147612,0.24577574531232355,0.7655033354214917,252962
track_06114,Classical,52.11767959852996,0.25478253079274427,0.35497695333545987,-11.009431408408194,0.0320750629769425,0.8883353252716623,0.9923013341765994,0.33839711254927174,0.3950620096063022,568095
track_06115,Classical,58.10018916958786,0.23452433549953428,0.34866453986320534,-29.253254531482085,0.05623698234007039,0.9161253749520677,0.9782083984451024,0.409252884143266,0.38184801200811735,427068
track_06116,Metal,165.04799348275657,0.41920821141969183,0.9330564878907466,-2.1676263657238706,0.048221319091693,0.11810428974107218,0.01655162898619964,0.20951958295177298,0.524324889461004,346467
track_06117,Reggae,86.20103632095976,0.6711722202476205,0.6300004260707198,-8.420172379164796,0.06619400506148854,0.47524354019869997,0.1989670889502684,0.2947981730064032,0.5258593688277603,236864
track_06118,Country,100.34698526392614,0.6001574433252399,0.5709879152156387,-6.287697168668804,0.09725362215824769,0.6305165830348596,0.06993336382004436,0.29554114167105533,0.5905388923501375,228330
track_06119,Country,95.60833110691101,0.5200349026206382,0.520952119335249,-4.7505845483398055,0.06376889508599107,0.484472954350877,0.046353133080810904,0.1710069915857216,0.7981847804548836,207161
track_06120,Country,106.96979081085782,0.5104096579310344,0.4278596039304455,-9.415222273039603,0.07679508993822903,0.48994450615216256,0.11251453067017546,0.11473919421493509,0.7676346680842105,267733
track_06121,Rock,135.44571877157756,0.7697781875459297,0.9328432457321262,-9.744697331639836,0.10328955365952355,0.3237705649015432,0.23853666607944624,0.12656433533131342,0.6559762917457929,200315
track_06122,Rock,141.14484923652893,0.6488991441982337,0.9638993431474003,-4.752342602674588,0.040254931121653195,0.3256440716924723,0.08004424462247545,0.33191686346384275,0.7794060005003137,254984
track_06123,Country,95.48245177385199,0.682743826465647,0.5221963883414008,-4.077376491896549,0.07212469613492276,0.444421972369003,0.03437291626805377,0.10546129916951888,0.7144482783418276,196566
track_06124,Classical,75.00043620966186,0.11307928414787177,0.3972917111994785,-22.878170417335603,0.04282869149332524,0.8169502674616075,0.9167117681661936,0.28135273805462324,0.5196809478119915,431696
track_06125,Reggae,89.88170566957122,0.7180322548520184,0.6722534017068671,-7.482370330746281,0.07533715008691647,0.5777464598816437,0.029455542050938744,0.24212576556147394,0.5451791912002935,287377
track_06126,Jazz,135.64427718451446,0.5760313007936184,0.5053253433282319,-8.16878442088155,0.04575757723404371,0.8673260879544238,0.8640597141726101,0.23002267487922118,0.5679523372256425,270927
track_06127,Reggae,93.63735690934712,0.738901166408346,0.6859418263518411,-9.564803006155234,0.08322698317037297,0.6740393655938182,0.14993419679190137,0.2734593823456334,0.5711472028760747,230141
track_06128,Country,113.02446255905475,0.5596864698598867,0.4816439221907265,-6.109525674611905,0.052599257043292894,0.5065950315938692,0.1561885340320498,0.1533854099370564,0.7115723589587633,220274
track_06129,Reggae,95.53451769731208,0.7586906670672791,0.6149830643911345,-9.826863332492815,0.047829667569029885,0.3952930160829511,0.020155102459123622,0.16077045087057523,0.7028368754334753,254444
track_06130,Pop,106.19128995886263,0.832325594100288,0.749198113994001,-5.733708421621214,0.06004710831321933,0.4703947082068567,0.03748317985795771,0.1557767075942392,0.8789984261762793,224138
track_06131,Rock,150.9195969635805,0.6498139199329501,0.7241255128340207,-7.585251174381131,0.05730267377944994,0.2251802301105525,0.10139461875579704,0.30861477798908943,0.5605778400394968,223333
track_06132,Rock,121.01622579970223,0.6899583711169301,0.7189575688396943,-9.741714866773206,0.10608750991633734,0.271842574049847,0.09877534255628428,0.25387888305332584,0.6737360600412708,237807
track_06133,Classical,67.20363857660143,0.22816023924877207,0.232284679270418,-18.025077455140167,0.053099330772475584,0.8865898220805837,0.927502468958504,0.4792615348514404,0.5663869391640477,437496
track_06134,Jazz,134.67298447859332,0.4670563492629079,0.47221991378061245,-5.293251706715367,0.08364631053166503,0.9091682939226653,0.7942667550444594,0.2656738183565077,0.39038487883606754,263681
track_06135,Country,79.87037942756037,0.6691541328473354,0.619268550296414,-5.7273389175375,0.04367363541709764,0.6091732710894914,0.11628937512703025,0.2700152483846115,0.6874306403014004,205463
track_06136,Blues,92.05667310946464,0.7738718872048449,0.6358250589903094,-11.445305971952287,0.04723223562063938,0.31173001931486516,0.0725326478709573,0.1963102509553798,0.7461827837519475,223024
track_06137,Classical,73.67067285314404,0.293829554095531,0.36757727210441093,-17.930494361603863,0.05017571980233705,0.9767448981469348,0.9298415087106807,0.26705547225206994,0.36400844726370873,442832
track_06138,Classical,78.21307541037457,0.11673606533780814,0.1157982811126191,-18.973203683449032,0.062489912836171974,0.9073349040856271,0.9070577376565742,0.31849080523922685,0.24438057415658765,468498
track_06139,Jazz,151.65216922721683,0.6799302192036496,0.3890000993146418,-15.947213213502579,0.06219268333644711,0.7434043296106015,0.7227113775542192,0.40399616203913336,0.508357792668554,243877
track_06140,EDM,126.78524430985172,0.8503392723382381,0.960094912112653,-4.926322311235257,0.034458212748844266,0.05849230921277551,0.1931696999437192,0.2766827975209298,0.5924560633948055,230607
track_06141,Country,88.5193214479281,0.6527985664075397,0.566990221771662,-7.471393890265611,0.08737976930320465,0.5263866083788384,0.027244501244647102,0.10571661129995924,0.7676488109066766,281093
track_06142,Blues,89.26868857500372,0.7125923712559223,0.5344223083283294,-8.574113372244216,0.07200189359737347,0.48610111327469263,0.19082395178473524,0.21427701985516995,0.7923161757885872,235394
track_06143,Rock,131.02372221635596,0.5127657688322733,0.779386517582256,-4.1370203204912315,0.03987013719291364,0.20334869885133,0.0024050444661237514,0.28907337105454434,0.7771039138906123,299386
track_06144,Jazz,130.2379530129927,0.6719729197999491,0.3538494552350443,-6.700322370231442,0.07002508345365464,0.5892551021435224,0.9434796581612334,0.3957490074719805,0.4387282300941524,265156
track_06145,Blues,94.98220487484019,0.7153050792355082,0.6305277733772763,-7.923920819252199,0.094987811773108,0.3972816554958689,0.15824238672724572,0.10239143125590965,0.5254394977328571,218702
track_06146,Pop,103.04097041931716,0.8575730048814312,0.6389072981352306,-3.693007508886782,0.05468827756422462,0.2897427421209695,0.004222211837168854,0.12997404431459583,0.8099680726812799,245766
track_06147,Classical,90.54329069330137,0.2919921618867837,0.2648269313756384,-18.388011797846815,0.06591132108387576,0.8837823891502277,0.9383867841105842,0.37727276252987235,0.513323124233832,336409
track_06148,Jazz,94.84431780804334,0.5148397226321648,0.30083762347184184,-18.488756882481635,0.07910892688799398,0.6824606557920394,0.9968656074756711,0.306175920381342,0.34336974164239376,294182
track_06149,Rock,153.8595691269575,0.7270514084628872,0.8267214859528176,-3.027906605684233,0.03797651848410413,0.197798721072115,0.011049151330001639,0.3518408147165889,0.7022520905204811,273721
track_06150,Reggae,88.88205739568718,0.6409136104799393,0.6563960262560521,-5.7986986898840795,0.08911626005257793,0.3573533660158563,0.10198396327769871,0.13017692709056478,0.6314145479731712,291045
track_06151,Rock,119.79363560859014,0.7493637562417238,0.8058122642842279,-7.50690120554631,0.04480009808685223,0.25621791531557503,0.27712499730498263,0.387261768807598,0.7982062167842031,255420
track_06152,Pop,107.69248022849106,0.8640892575121255,0.6174255157868094,-5.957836890669252,0.10196420711604404,0.20269902597474446,0.04837067202470945,0.22749926141320145,0.58695692665274,190227
track_06153,Jazz,130.9156095039448,0.5611789773907622,0.5319790563969258,-11.020264936156853,0.07257584343904089,0.605803861160254,0.9542245088904926,0.4651613049848575,0.6884770497817211,310047
track_06154,Pop,119.57067231305581,0.631568843032958,0.8310938009720401,-7.654496056764224,0.06480757551335761,0.2802990926968816,0.025031109052143022,0.1110357032300903,0.53291923899215,194225
track_06155,Country,98.59181401957515,0.5148877460217778,0.5445583582801035,-9.62347401717681,0.054222257024819295,0.44721178165933995,0.04387449307837839,0.13912112083662292,0.6115303774867076,236953
track_06156,Country,116.19455302325659,0.6319341124850046,0.5221303041261284,-4.960809739479595,0.08781475645893314,0.6472833346722168,0.0939278552269458,0.15815772175525217,0.6246203822299001,284496
track_06157,Reggae,97.8805701594983,0.7851569651722548,0.6756302077482715,-7.431002159003686,0.05451916395694092,0.4097452631700954,0.08351286156981014,0.27374699566231064,0.6306048873351513,225027
track_06158,Classical,73.9863141147592,0.22529993790313244,0.1835528211551211,-28.335199344231146,0.05194669166750092,0.8892589116490418,0.9044080324138583,0.3558254289774567,0.24308673471544126,416699
track_06159,EDM,117.99374710586079,0.7349532953650192,0.8750675293086773,-2.6495513573551883,0.03875492816683679,0.11517114787570666,0.06638448990664346,0.12426365098559328,0.8935940760613761,248679
track_06160,Hip-Hop,78.81291149348272,0.8930419739238882,0.7877950548995372,-6.611918559297619,0.47941166489905723,0.29249006300261005,0.08484517686047602,0.1906994227710404,0.6909632871095102,299748
track_06161,Blues,98.87000753269379,0.7981864795760383,0.6018492053154075,-7.353129196663887,0.04696396588860509,0.5222706073775338,0.10361648729705562,0.10641155575598088,0.6448959317481218,227489
track_06162,Pop,114.60973092874298,0.7946991258234215,0.6011409792556363,-3.0605319795919392,0.09387467003696592,0.4952985898271576,0.023453289654906617,0.22470147011245495,0.6845842968873757,192546
track_06163,Blues,89.15102891750611,0.6941872383853552,0.6079892418058782,-8.971404727226922,0.08353304299810214,0.5802497925436663,0.16167579113529282,0.29493341383526495,0.6173495697568878,183333
track_06164,Reggae,95.82465352132371,0.6742966644369439,0.7716153066330915,-9.881367941899544,0.05699221189967003,0.6842537200788876,0.02456324378257251,0.2185114005492069,0.6722019382581994,236380
track_06165,Blues,90.78951796409152,0.67620911128233,0.7953054757182743,-8.291733991273427,0.052474908815348505,0.5375578239426216,0.020470187702735256,0.26150294350001285,0.6883520627303853,259030
track_06166,Blues,89.38734503129385,0.644431638255876,0.7225539283062898,-11.525301297493296,0.09998059892563979,0.5386524048947571,0.04326046024630486,0.13963625668512816,0.5821147453471037,299173
track_06167,Rock,137.24398160824535,0.6800121942955122,0.9732708806529684,-4.868059420645536,0.10049489262532957,0.16258908809454636,0.28305851633720536,0.367541243143897,0.5284899729295609,198606
track_06168,Jazz,123.79928607283966,0.40927194747740175,0.5820201239692915,-12.830693566682273,0.08104136388272795,0.9267992372825469,0.7706266342433982,0.36201617064039904,0.6453798336963574,346099
track_06169,Classical,53.892027621117066,0.17682167201844998,0.284629386500347,-29.086777089643384,0.04492297247493232,0.9121178257493642,0.9786380787433655,0.3589981236823886,0.5704690940457946,503597
track_06170,Hip-Hop,78.41411143398399,0.8959287536345313,0.7091682114100034,-7.9103117925622435,0.5553435664224415,0.09435833078521873,0.08223123322887202,0.20926675014626447,0.852530591039848,256285
track_06171,Jazz,130.34457189887925,0.45868624244393796,0.586637198221319,-5.763646794141142,0.06193000189764605,0.5737945207364874,0.7851698759544214,0.47879256383809005,0.5437747583432609,302795
track_06172,Rock,146.87792737884678,0.665679791620712,0.966640470156626,-3.231589880615746,0.07409987317239994,0.19951993787313016,0.0911422308238518,0.33122763814275025,0.6891589838522443,211554
track_06173,Blues,86.19904354106711,0.7083202038332204,0.7512024464270033,-5.337683358075873,0.07325137058383949,0.5810493867585413,0.06456122651045029,0.1668115331241114,0.7665213938861632,287085
track_06174,Hip-Hop,93.4392342491333,0.8524254329604799,0.8722977726233618,-6.839521433665322,0.5966137841365117,0.10952505895407395,0.021752581020440878,0.2675638902966593,0.6871635941285252,252571
track_06175,Rock,150.07487286475205,0.7832117342249352,0.9972808957476471,-7.229991744449862,0.0711570725000923,0.3245914990658044,0.17836777782637886,0.2977611035944777,0.6129451270559971,230938
track_06176,Rock,139.10208670907593,0.5507192052490292,0.9752011282643684,-3.372450777310835,0.09830155255406392,0.24370363644643386,0.2275499685927312,0.37540645355831903,0.4929784288249292,290263
track_06177,Rock,157.01226951002536,0.5285858105203145,0.8451173148074244,-5.897689748878858,0.08066475023524236,0.10508949013007626,0.2103004328413597,0.23664690632141855,0.46227742206917294,240080
track_06178,Country,84.11753346365933,0.6143302283108493,0.4768973748952591,-5.575638933157617,0.08701860283483615,0.609252398362674,0.1940796966617881,0.19120760030720524,0.7939309386130575,211602
track_06179,Hip-Hop,85.35268925193583,0.81297106096878,0.609472713957291,-7.034871644245106,0.3135229662822167,0.01902887919781324,0.0067092298684057194,0.10281646681706516,0.8165385425827856,159295
track_06180,Rock,158.9351639708173,0.657975606995205,0.9516882497993431,-8.730734827676786,0.04813146232551023,0.3166609437108856,0.08260730855702826,0.26765216545157955,0.6755262155177737,289243
track_06181,EDM,126.8050818074157,0.7356767643348855,0.9741272164000057,-1.779258729853153,0.050191076795119825,0.06388148578010296,0.16838486346519926,0.18302880092325133,0.6861465925772356,281463
track_06182,Blues,95.15049562311448,0.788549557257401,0.785808760589402,-11.357133989367341,0.09516281521421485,0.527131558816603,0.14538571251667073,0.28611934129984906,0.6982986369774286,237434
track_06183,Hip-Hop,79.76364044523753,0.8911824847472811,0.6511976075689688,-3.1485525856733068,0.5735125002511074,0.270092650532862,0.034659920157348735,0.17796229316171114,0.8352420739732551,231959
track_06184,Country,107.01600630620642,0.7089969004070003,0.49594926825294805,-4.923244080710529,0.08141061855157616,0.5323349438903613,0.1397326059821776,0.25386766225685586,0.668309331280956,292661
track_06185,Pop,114.08056237107391,0.7988952061750453,0.8358402896253256,-3.9085436081045914,0.05858079629745621,0.42076498017813646,0.036319654948800593,0.16587942053744636,0.7758407193402689,221035
track_06186,Pop,116.7290279178743,0.7493752439372896,0.8032861617930501,-5.186001817604361,0.08292793844882679,0.2660301826238945,0.02683272107499316,0.11479485830881264,0.8198669884424977,224276
track_06187,Classical,67.0957563657887,0.24463032119754669,0.31216906538717015,-27.152632256768033,0.053963064581103684,0.8993758636625007,0.9594504568982476,0.4811682897540615,0.23221480897414076,597046
track_06188,Metal,162.4634600935462,0.45183029665523944,0.9668857457135231,-3.453722296055178,0.04087109062899766,0.13717772893408875,0.17395980582077797,0.16902629929455878,0.321319901993308,283908
track_06189,EDM,124.37244561005969,0.8082861618810782,0.8085726251877567,-3.2925285548891994,0.061411730651744156,0.11112574412296648,0.13768230263670653,0.26956857817785784,0.5708415723217733,260892
track_06190,Pop,118.75593988155413,0.6622789501712826,0.7618006395655977,-7.536362470550131,0.0714145065804429,0.43232637061423507,0.005188188540660749,0.19361319787053544,0.7674522991178121,232765
track_06191,Country,111.90414091190614,0.5231738208368939,0.46676636064783733,-5.359043602686837,0.09248570351048614,0.40487468909521934,0.03328550344057173,0.1420323960938364,0.6558165142577631,195049
track_06192,Metal,149.33808944084683,0.4708540789247986,0.8996182223973603,-2.3641907966577396,0.07365069485240938,0.0570598774579338,0.03672135310486318,0.2968679695361802,0.5598217379805892,294613
track_06193,Rock,125.38204915555289,0.6285746494772002,0.8447641533764196,-3.1713305508570446,0.06031332834939766,0.23041799757873954,0.16870319500278408,0.2173407711839533,0.44824831406795707,240926
track_06194,Rock,143.39051908395797,0.7403636986133335,0.7769486802741131,-6.867664032613803,0.11823099904794306,0.3920711744770723,0.050253572246598585,0.2913959117351357,0.7270205159362395,285818
track_06195,Reggae,93.52728657224567,0.7708757429174816,0.6073444100121189,-7.68902990318827,0.08683463790357865,0.605945396040753,0.17818628977911258,0.26638870790610275,0.7153567778663532,244017
track_06196,Blues,92.00882423360514,0.6462268290034588,0.6424041066420567,-10.480550099397576,0.08638118152997379,0.4686028389609127,0.1078724208965352,0.23618668772017204,0.6579277919360913,235218
track_06197,Metal,153.15362266761278,0.3894420253059336,0.8118642387793121,-5.554024604055248,0.07147380494205229,0.04279993548283239,0.16693270552642472,0.29717564604780733,0.3728435178373112,263815
track_06198,Blues,93.8063603214485,0.7074122822396789,0.7828455459408736,-10.749588870824834,0.09015881814860813,0.6831129123405087,0.11088331440501181,0.13047862024883342,0.6001413644280884,253709
track_06199,Country,94.12953190496499,0.586481726150698,0.4924128470662056,-9.366066712568585,0.04215969446774056,0.6869041590679514,0.12005445135976167,0.1947943522588947,0.7273384347573851,260198
track_06200,EDM,130.84687999153505,0.7480265079257318,0.9467996816946647,-2.3675589288623433,0.06963807838721159,0.15685659291469597,0.19923755646588046,0.2824337343565859,0.6348804026701078,209382
track_06201,Metal,167.62759036653927,0.48372276626315514,0.8731471081171942,-1.5847016470455104,0.07981231280549993,0.011569873765093754,0.18510455133325868,0.14062220052548396,0.3615564065719497,214530
track_06202,Pop,110.20226596132163,0.8370073689271236,0.7091083991516345,-5.823470270132677,0.08291614558061558,0.26557980215589533,0.025664748531358396,0.22613046826281225,0.6724049927347208,183051
track_06203,EDM,121.3461836765408,0.945026451860612,0.8592220208561363,-1.895956445535032,0.06314399272643134,0.0007909496720694743,0.08484999189791094,0.20636369252661152,0.6823527720195334,235587
track_06204,Reggae,87.61391270300946,0.7222091040716415,0.7826590406282612,-8.096014553687812,0.07002724040245477,0.3788866435842862,0.15576728383493466,0.23841143097420064,0.6382282053984325,229745
track_06205,Blues,95.7676918575334,0.758302707762781,0.718957418723433,-5.162416838128989,0.056484723661328076,0.5073477733026606,0.13281568570572747,0.24145222664819382,0.5576464855574317,261773
track_06206,Blues,93.52631314008349,0.6940786314230336,0.6661131387893152,-8.153834985138747,0.04954024477066499,0.6133651893314347,0.1463933818542498,0.14597058674616098,0.6653687839181546,242209
track_06207,EDM,138.6356977239721,0.7039267232120742,0.8279644799903506,-2.648613870182363,0.05833561991184727,0.10185345182231349,0.18868272074603296,0.2941388762018586,0.7920263217110182,252188
track_06208,Rock,146.91580184730094,0.6498021692462388,0.742472391829994,-9.14818314104073,0.045632268821171676,0.35238648488246604,0.005980606467162397,0.16072139007740813,0.7823567112470733,230747
track_06209,Blues,84.37136561211784,0.7909428792464742,0.504211675150164,-10.082142074629168,0.05990173125667993,0.6131127357441237,0.11234821430013198,0.16567469781787164,0.5509260316359543,247491
track_06210,Reggae,87.08227710682155,0.7844774306396756,0.6230381909836779,-5.166906194237635,0.08347391910391147,0.5333103005265483,0.1386558665423213,0.17202755462901412,0.6273216151119012,293304
track_06211,Pop,99.6925380054246,0.6633870122978541,0.8277670498877866,-7.077896246606211,0.06231639411462367,0.24410556481210566,0.049215933406033203,0.19298344522028305,0.6421387964006364,245955
track_06212,Hip-Hop,81.18783747332083,0.7643253098056498,0.6219243048383861,-7.001836512285932,0.5257580185402848,0.2540982616483704,0.03830555120808063,0.13284376624805158,0.5301878997563045,214532
track_06213,Pop,121.89033630741874,0.7343557655870103,0.7754603218785215,-4.508225031932437,0.07970981350256007,0.19369113801255666,0.04206317280135409,0.13292446052015702,0.7136025254103423,251507
track_06214,Pop,137.83725356785052,0.6099835454796485,0.7783437870792939,-7.2803187048991695,0.07089006678235414,0.2605512778919714,0.03529365421363581,0.17752432480002445,0.6545161175439553,239431
track_06215,Blues,91.3740186450482,0.6848858155633205,0.7536761303432619,-8.573024016477916,0.0718097964342625,0.5329118016089006,0.06455693742758072,0.24450796651901582,0.5294378561339821,239053
track_06216,Jazz,130.7327349917389,0.6436673963543871,0.5393754855252022,-19.914001536399898,0.05149700033123699,0.9725439541230074,0.9610499151756706,0.23801918953938245,0.5544665731612152,331489
track_06217,Rock,137.70702086461952,0.7093694983641837,0.8073677470999463,-7.692102322802425,0.0691047449002995,0.3034523833497878,0.28927226807174594,0.16244342616934895,0.6575604938666614,279039
track_06218,Blues,94.98938859300952,0.6942661785324664,0.7705810298210357,-10.432301326466186,0.052853254451741646,0.5232944008118842,0.16380925787777384,0.11242043052655926,0.7354092228315323,236118
track_06219,Rock,129.94961940679565,0.7444419375769904,0.8776126694608359,-4.90136995365251,0.0677955907877955,0.21788777868753303,0.27409311864756003,0.38835468563121456,0.6959368715865095,205145
track_06220,Country,94.81981594843384,0.5190802676498895,0.5532692520034534,-7.073122534375862,0.059854462798433025,0.45534544903988733,0.010459592424841646,0.2653277012542927,0.6596949673676654,204236
track_06221,Jazz,130.31135152444594,0.6140672612714526,0.3120242517883709,-11.915067503675553,0.09356092711631847,0.525890342754215,0.9600182650979489,0.3840173876663005,0.31781090480821494,249198
track_06222,Blues,90.15719767844934,0.6253883555981078,0.6835521772542215,-7.902006825246096,0.05230575088348015,0.6095264592453002,0.023840376904175467,0.11264841117625322,0.6458405932423972,214526
track_06223,Classical,59.336178794896654,0.23629239268958926,0.3996672148397641,-14.239451592184837,0.04679193841929842,0.9628353341228857,0.9744306681910413,0.22659595933819246,0.5702786501220722,438653
track_06224,Pop,118.94447158639049,0.7771678569019898,0.7270373014271434,-6.861293119679381,0.1084120522726982,0.27275456383213303,0.02896533456055783,0.13401749699443913,0.5855291032761745,190086
track_06225,Country,111.46239220559075,0.6928719185846485,0.6381220370117806,-6.516499996949554,0.0860267060398078,0.40808220867139183,0.1885184353075242,0.27411545009559257,0.5155841905363927,242631
track_06226,Jazz,93.74567825963437,0.6741359612035973,0.45715176726757223,-13.732108128281219,0.08371108321839005,0.7279637841824168,0.9015404288088846,0.4412656723677105,0.6364509070886271,418579
track_06227,Blues,91.75971294026849,0.789683606919283,0.5657054598445337,-5.666162043051486,0.05140556517547798,0.6577762370326169,0.04317691742750243,0.24384982466740365,0.7450873815888495,289264
track_06228,Reggae,94.288876630486,0.7133752392433561,0.6080089815613136,-10.746798802678562,0.06436562776236585,0.3576977482353776,0.14383109251905457,0.13430099286376515,0.6447147609111163,242227
track_06229,EDM,127.5857157328153,0.8211106217102245,0.8037222179893052,-2.050423218275001,0.06331022205665567,0.08210201410755869,0.22411527069128917,0.1302249447449313,0.7118341720524759,181701
track_06230,EDM,125.89025985733842,0.8371362482794388,0.9047144022280742,-1.853653985219625,0.048540267086335395,0.14683286115924798,0.10454568112390429,0.13527736735687657,0.5135117940080036,252151
track_06231,Rock,158.6156228780328,0.7419369038672118,0.772018840481171,-6.547581980114774,0.05804806466945723,0.3853496046189602,0.1942640270485823,0.303370720214801,0.6124896597427696,207467
track_06232,Jazz,107.16407486337047,0.4601289642817718,0.49699365422489716,-6.174392225150655,0.05277362182136654,0.7858821671867234,0.8587974915390991,0.3924959289289798,0.5351159773017851,362397
track_06233,Pop,121.42792269335263,0.7965932979874172,0.6242494685574125,-6.979931843190538,0.0780792970873835,0.48691764722495157,0.013221066862849613,0.18564291645662964,0.7242687978972249,253542
track_06234,Pop,112.25580518937281,0.6173579127363283,0.7498798833431525,-4.0060726456192715,0.11946308508524553,0.4744128339918927,0.0024663055836825157,0.15150173971084704,0.6648473046120075,241602
track_06235,Hip-Hop,89.7161913448086,0.7127490417279172,0.7605838789745243,-4.038070146056688,0.5026321650688771,0.2767314668301864,0.041161655171614686,0.2590230291422525,0.8144137210693744,163132
track_06236,EDM,130.38160662269232,0.9044335590084951,0.9763846009118039,-0.5593576161413409,0.04584427935314241,0.0518322596012826,0.029523687772237028,0.23448153385788306,0.6320671060366675,284870
track_06237,Country,125.9120963846751,0.7001411377674439,0.6580213076502178,-5.9104319483363295,0.048900789866410166,0.5391574479046191,0.11256967194418972,0.15956532393319783,0.782000051334331,232117
track_06238,Jazz,137.82702325399103,0.6153939183804117,0.5156219566458832,-19.320120370517337,0.07528765881026189,0.9804553155962704,0.8885095135893258,0.4881641977235754,0.45222364678793375,241963
track_06239,Pop,123.33872634483399,0.8530523912167871,0.828736795454134,-5.7780613100854294,0.08182196978679634,0.42327499420549886,0.015173487429645933,0.2530147955406945,0.7017604103455253,252509
track_06240,Hip-Hop,86.2901973263348,0.829226045019331,0.8213771677668269,-3.306427269945516,0.5794089464157237,0.0350994983066491,0.018610324411884326,0.2096548643086628,0.5518097251540725,190058
track_06241,Jazz,155.78489552932876,0.4305672381298255,0.5851229799890816,-11.054948444385143,0.04616811691815004,0.7000058369259796,0.7243880768197647,0.3491602435443011,0.41082089818034917,274798
track_06242,Metal,152.17357778391573,0.366781316106941,0.9481987308895713,-3.872716119843473,0.04907324200128594,0.011883890257257957,0.1411823453434847,0.13507055205932528,0.4388979504572439,230374
track_06243,Pop,114.08710970768661,0.8858766017728966,0.824813723837241,-6.340464274551031,0.10562534022355455,0.4298343333577681,0.0076029207716364795,0.14589105818942877,0.7761982507983076,187788
track_06244,Metal,156.55090905463263,0.5814458755245326,0.8461424676181137,-2.0042725511304296,0.06790501682280997,0.10075168732341805,0.052655146450550055,0.10677184392329292,0.5485150487458215,220683
track_06245,Jazz,103.47081698528066,0.5466503069344824,0.5345977690979731,-11.34263137389599,0.08831571247978347,0.7095776210853217,0.7862270058914634,0.27045107266516066,0.35267238042927884,372330
track_06246,Pop,127.51228643196258,0.6812996481398442,0.6696031485861424,-6.0910773548339465,0.09141321598676538,0.4037198140528243,0.009885250402937862,0.25184963531979787,0.5555958111165471,247197
track_06247,Metal,175.40980606169666,0.3745312553431075,0.9361842408040804,-5.350542767844097,0.03075635439134734,0.0036445936880584286,0.09853793681239782,0.2541465152076367,0.47328816195420126,210504
track_06248,Classical,67.53807279941638,0.1905477397919857,0.14171494419855002,-20.42466223755501,0.06010810912515513,0.8742564596286637,0.9232195275565526,0.36431494608616843,0.2116015611841108,373626
track_06249,Hip-Hop,89.43668064918653,0.8888218211856325,0.6571830261833146,-3.6251124471131666,0.4943983439223304,0.08731266058728272,0.0522688249422181,0.21799673842086548,0.8346216558646942,191463
track_06250,Country,90.25625501416108,0.5605703871175202,0.6694631437267902,-5.5659100770215915,0.09884152564656726,0.4280756445225202,0.07894914963860747,0.19562300046690007,0.7016247875733735,226597
track_06251,EDM,127.70900484429619,0.9227338057519089,0.8201756606737065,-4.6976276008624795,0.04166234869200854,0.005248496244301015,0.20519663528414064,0.2853938562694046,0.6180227012015516,217672
track_06252,Hip-Hop,89.92676996686585,0.817012137514298,0.6765171583576407,-2.4886248476767996,0.5873737435135775,0.04042643056286834,0.07669720691648096,0.1377633698414395,0.6952893349133642,244726
track_06253,Metal,158.96537250343394,0.3755421456442688,0.8823487889486104,-3.929089191470901,0.05292665543640297,0.13770764037583302,0.17358931372289305,0.11146257602537124,0.4472305694000116,341913
track_06254,Pop,118.12644370557466,0.7067567356173995,0.6057315357336578,-7.819493140864626,0.10983813895309238,0.15142104342072726,0.046844690740265565,0.16652559962394278,0.7334612260695274,216844
track_06255,Classical,65.58869579981607,0.2720551520349573,0.1979735846069668,-17.8678533785615,0.020720306732645258,0.8731615830136734,0.9002050911905368,0.249637482073165,0.37914017218852736,528687
track_06256,Classical,71.57635418403078,0.11109455101628392,0.16024613547000946,-16.996197523325137,0.054190848819544196,0.8138541718325385,0.9562311832244907,0.3171947955837141,0.20597267871712363,593407
track_06257,EDM,124.69348658092426,0.8914549182898258,0.8363566003722087,-1.2759821772731095,0.06642467510919767,0.15364415241827226,0.19273602612366444,0.22078325909772595,0.6814531569658162,229165
track_06258,Classical,68.88943760029451,0.12750336345857174,0.27850050362346085,-16.88208764409336,0.0748373615923592,0.8524324315797132,0.9393488785672996,0.3867292635345454,0.5887023415168524,461435
track_06259,Hip-Hop,76.91966948832624,0.7232890084065364,0.6835529517389743,-7.1754375069427105,0.3076933746604298,0.2963293047342323,0.08315422484030265,0.24778985261937195,0.5772055084773116,263697
track_06260,Blues,90.60489035033734,0.7637587256509124,0.7207861507125819,-10.20584084287389,0.06061946608597801,0.45222996739596827,0.03684733843604138,0.2520075830151528,0.5554089536840806,222900
track_06261,Classical,73.23592391001495,0.28060861219316513,0.19220260787851617,-12.461476341218315,0.023302110809534805,0.9354713079254353,0.9527493209895792,0.2830229886859347,0.5072804381365749,347879
track_06262,EDM,126.04088323864624,0.7860891107770605,0.9421782310453941,-3.5635460042123137,0.045704623417663626,0.14630227068875284,0.03536527276604715,0.25735622710047656,0.7850290877581019,235810
track_06263,Classical,70.57408734057056,0.11487326281707384,0.3610149986002572,-24.201704432937774,0.020108743607228714,0.9370207865338022,0.9650472083760874,0.4949486639802878,0.4876988857629781,577030
track_06264,Classical,43.81423400963551,0.28569158904644476,0.2365914256096165,-27.773217436485787,0.07247548163041803,0.9845207006465022,0.917136633942861,0.46503742862539943,0.37851229411032106,588455
track_06265,Reggae,85.15241411267414,0.6236025408426049,0.6213530755716816,-6.233091723158166,0.04781226928038761,0.5217923103055347,0.026451858788742767,0.10983656968789635,0.6136129323695878,248249
track_06266,Hip-Hop,90.87967365668888,0.7017383643891426,0.6271148967274974,-2.3111087311209326,0.42454827466895495,0.045057034087879665,0.06314047798689247,0.13466600390362587,0.8920568217518658,200832
track_06267,Metal,170.4930086992929,0.37652280617501227,0.8410512662733314,-3.660753061966986,0.07812897908867714,0.13857727890159105,0.0848970092943427,0.10417255998883344,0.4670177590313652,322247
track_06268,Rock,143.93460235551424,0.5464525904932178,0.7325156789276334,-3.4123353854590777,0.09116806450968207,0.3825560161296413,0.20574497073721046,0.12669195522106763,0.4806249107146878,217532
track_06269,Blues,86.73265435073145,0.6917311565753331,0.5180525551961539,-5.8151795406428315,0.0694377164743909,0.42986529691098013,0.09559268947260582,0.1650259643472477,0.5858790261298055,267600
track_06270,Classical,60.927824791324966,0.10383703780458074,0.17203245408835724,-27.246132709394256,0.05841261123867883,0.9699159265417877,0.9571902057614317,0.30400175428807974,0.5647628940704253,541596
track_06271,Country,103.30389313927691,0.5043498333881247,0.6019400768842855,-5.818616764503998,0.07015562572053684,0.4029070343188661,0.12127035935732139,0.12300426181052869,0.5234203067772201,251569
track_06272,Classical,70.690869196645,0.19480424478685043,0.13664941763113111,-28.61620143005543,0.0713949836993634,0.815525162238288,0.9817797253762651,0.33106596356255846,0.37457486548939095,450169
track_06273,Reggae,96.66452271507082,0.6831189845502437,0.6551379626939722,-6.399386793096828,0.05045816598006403,0.4283580930247279,0.1042859201336061,0.25352364499298663,0.627606628246702,235233
track_06274,Metal,151.47684089978327,0.5543932467449393,0.8729801367341142,-1.8733200385147661,0.07463304782848988,0.10121052048659332,0.1135665178210265,0.22931172489392115,0.4934126083975944,284603
track_06275,Country,100.43074623945273,0.5051683372187324,0.5720054433970941,-9.577146381962828,0.06693118172475558,0.6475995051605117,0.10777327423044383,0.17469066678193296,0.7647829252507743,215593
track_06276,Blues,92.64851188534563,0.7550120165161655,0.547455285859743,-7.735520825680673,0.06290246554230192,0.6559706190173423,0.1865077770179845,0.22496341779960438,0.5182811035336016,288274
track_06277,Country,84.74853416927238,0.6715712463509609,0.5043014446286769,-9.461230382159012,0.08351731174087183,0.5702248912530907,0.1649738565479591,0.17203032342597208,0.5058138306116886,296459
track_06278,Hip-Hop,86.25518068409265,0.844850372887123,0.8490264916657833,-4.922333152157708,0.30196426621893424,0.044483149087701464,0.04595689912883952,0.2724550146056207,0.5902328505702762,226604
track_06279,EDM,124.55888219784251,0.8376068320554633,0.8111242467800094,-4.916863468869889,0.06772991941165954,0.13305916693677808,0.03584654472104496,0.21124220404690103,0.6033534194577727,208485
track_06280,EDM,127.30508887740923,0.9459360171373912,0.982610366504798,-4.156978822890871,0.048287107144950644,0.09176354413157709,0.2521399175242902,0.17143786476392597,0.7198407477528597,291969
track_06281,Blues,79.0015400489626,0.6521357718808077,0.7229291562883934,-10.278847182153099,0.06706238572270512,0.5133676173380918,0.16226984507868644,0.18410994997766444,0.5620996445894233,248827
track_06282,Metal,181.7815907422923,0.3935566825838218,0.8670093189932789,-3.2930539838793402,0.07331509381558363,0.04049291006971645,0.093702272358806,0.19978934448856872,0.579367086662733,266182
track_06283,EDM,128.45874862600294,0.8862242178574911,0.9257844446379128,-1.680562213419984,0.05349353590297079,0.1450400882051814,0.03404760519757122,0.1501850661402124,0.6916538683908708,256378
track_06284,Jazz,135.40376385587507,0.4925494111946489,0.5421657224006401,-19.019912967323627,0.08745404428665243,0.849529619414336,0.7195786168739189,0.20949061892165718,0.6359622741148114,320532
track_06285,Reggae,89.59076623665278,0.7496438359363018,0.6520562966103142,-10.381250707677658,0.09436994205520102,0.5374330571696911,0.18625111664102667,0.26932826758724504,0.7629762927663808,259023
track_06286,Blues,81.88979241869738,0.6958219587613867,0.6935320284643646,-10.063540180301302,0.061517399503178305,0.5487538002589131,0.13208265114596043,0.11707143039438997,0.7457717530933796,297244
track_06287,Blues,84.54439173903866,0.6117036694334215,0.5857853182313331,-6.134633678951563,0.0682367078296802,0.5462317034689144,0.16010108285424063,0.1646748943768925,0.5033437724662447,256719
track_06288,Rock,149.60354941916438,0.6656118444130087,0.9749505091062598,-9.775127813304564,0.14714414098301173,0.3930982338970901,0.2833096230043529,0.38965141020213323,0.5216273885612532,264683
track_06289,Rock,132.86508105410385,0.6084384121428388,0.7283916846225981,-4.08655358072132,0.06671356221019037,0.29608519549805545,0.0890086666759355,0.16321121252611756,0.685462839358733,226847
track_06290,Hip-Hop,82.62642518062844,0.714053998921262,0.7001411019536021,-5.876173391714618,0.546715922304052,0.16436829133574807,0.05235150039952298,0.21976578414980902,0.7245815590200316,190549
track_06291,Hip-Hop,95.97017135686987,0.7181345799850657,0.8458048891576786,-7.65033932642511,0.4361565823619421,0.2131419071005006,0.03448110346649074,0.2820237060088119,0.8020927425422675,247379
track_06292,Rock,134.30213496301658,0.5851886485155516,0.9755877831059074,-5.694154265436156,0.10740665333951195,0.3663208207555283,0.29562090265090396,0.19270242754718708,0.43554431566720736,261596
track_06293,EDM,129.57718781609393,0.8924682787531106,0.9654069548696133,-4.066932155360115,0.06916261157373768,0.046438526469324386,0.04497895528177278,0.1589289387398038,0.7121813368627247,224902
track_06294,Pop,119.1882860882346,0.6495028244077139,0.7529156069672231,-7.525237993582468,0.11777167835382014,0.4640272077974491,0.03498446636622659,0.1634576358459423,0.6424603551363137,244728
track_06295,Blues,86.3224006320695,0.6895856054853209,0.6392812069550926,-5.80425397200324,0.06698916066371138,0.6829705249842539,0.01676237453156455,0.1421954130844626,0.6163959608480107,188575
track_06296,Jazz,101.01085384761532,0.5862443129469728,0.41652290974944217,-13.718569787721384,0.05635257755547566,0.5657519559654137,0.7900032656663235,0.21282960210166638,0.3814839874739728,245502
track_06297,Blues,89.32982583467769,0.6660803426515535,0.55722712117924,-8.727411035394674,0.09884179731337203,0.4963941110643936,0.09042711642602573,0.10152545759447865,0.5863015056131295,194711
track_06298,Classical,75.65056777230656,0.22900491958703986,0.28255761514462213,-20.472378710566595,0.07254593663050785,0.901724966547853,0.9303494663705778,0.4140597361289149,0.5849614081585802,568367
track_06299,Metal,171.39107234824314,0.48959599815947064,0.924992551490228,-3.1214344174522486,0.049289096914947074,0.15640035977379352,0.19064321345887777,0.21792517030271014,0.3658284281031805,209407
track_06300,Reggae,81.99601966416543,0.6678801532917331,0.5840499784715877,-8.279243856461669,0.08515475268237242,0.6173094777823094,0.041689937549843605,0.13511637082840292,0.6091082826350207,261113
track_06301,Pop,125.27257955742618,0.6536140890284116,0.7735891487222941,-3.9749014033645844,0.06267308358547692,0.16568561440308033,0.031954090309765475,0.12323490447408854,0.8238270122798579,198333
track_06302,Jazz,145.5961670898796,0.4097214065872698,0.5311227720984522,-12.351518263366113,0.06976934053565283,0.655946675757954,0.7850417508473417,0.3500933791777647,0.3012592811115831,265884
track_06303,Classical,61.6359954067198,0.14112605840342407,0.17314075148607422,-25.49779569238678,0.06187227925471117,0.9911620799651687,0.9490231424906821,0.3801163387137823,0.5272424573551168,437128
track_06304,Hip-Hop,80.1700521988824,0.8127128047906316,0.7312804764903519,-2.444059018515503,0.5025454004563982,0.21279273413809338,0.0359253180378225,0.15832743294482357,0.5457488501983971,200060
track_06305,Jazz,123.1614162525088,0.6538197798140761,0.3794522994102007,-9.811617171788722,0.08209121672148659,0.9351601053217684,0.9994922910598778,0.36726538795910424,0.493765571547795,395718
track_06306,Rock,160.38158703468451,0.6490122198879964,0.9765866079471652,-4.807219669457198,0.13415848417910847,0.3200042926615192,0.13835600325191005,0.3757197267029959,0.7202174689615206,201312
track_06307,Blues,90.1703031046447,0.7531769153706371,0.7137238221236365,-10.397714163988846,0.04377463261662882,0.5991425619769972,0.05653887812774261,0.209876490070818,0.6572193129077408,192082
track_06308,Jazz,132.35873621340824,0.5190834834679492,0.5908244777779593,-9.85056604233727,0.062032864242716715,0.9918159986431709,0.8782931012162788,0.4305935411782315,0.4807165573243329,363538
track_06309,Metal,166.01259844851904,0.36424958538543795,0.9714597924166294,-1.2342369744554418,0.07268750738900265,0.16383426578648183,0.05292287325246699,0.1814199319797178,0.5281002101178247,185835
track_06310,Country,101.46912359009468,0.5491971967525269,0.6310512539973638,-7.410512913846672,0.059620150307969494,0.470305338915862,0.17755979386791598,0.10224426930344427,0.5020678228208829,186392
track_06311,Hip-Hop,85.66247379402921,0.9101594598645765,0.6604336774700638,-3.8506081420930833,0.41576432096002935,0.28292641896889364,0.008257314836325092,0.10799367087768992,0.5497233047645189,188546
track_06312,Reggae,84.90801497014668,0.7845539465654675,0.7467429935688503,-6.975175923476811,0.043455079484458085,0.3855246362299229,0.18707581251908198,0.22455861207276656,0.6404972622377508,291292
track_06313,Reggae,88.06291843509243,0.6914751180463573,0.7467132610212062,-9.844920221835565,0.048227908074453735,0.3742678177448654,0.01622719858412236,0.20157258539849504,0.7031774578986851,288398
track_06314,Jazz,151.58762087238998,0.608575376311276,0.5880081800738961,-15.62056725502529,0.05891069064686286,0.9160548437848153,0.7785495036608381,0.3072939044798068,0.6537208209520159,265456
track_06315,Country,92.48974788217959,0.6779779322702386,0.44759921801073876,-4.227039112823764,0.06450440914447951,0.6294764879765613,0.14039326420313114,0.23614771893041808,0.6260146504242697,262544
track_06316,Blues,81.7330571933083,0.6173427399120435,0.5492805099944261,-7.937733579164752,0.07274959815464846,0.6765067712512632,0.1914553436150691,0.21520136928478667,0.752429780061658,283819
track_06317,Classical,57.314923098753965,0.25987731127352465,0.29251272066861533,-12.554295817450434,0.07825657792438209,0.9302474486486849,0.9970722118410938,0.3411155750930181,0.5359942061114304,430832
track_06318,Pop,133.00792854504414,0.6135515655379516,0.8162729389994463,-5.956554169085751,0.07787602860521148,0.4126437686704636,0.012316668555619187,0.10630593438257041,0.6084624317312336,192453
track_06319,Blues,93.33476382503584,0.7688410339532967,0.5143285142602773,-8.413683435790178,0.0832151977247891,0.4103690744574908,0.1445048999576272,0.17394509767771138,0.5822169502042147,253974
track_06320,Classical,68.24842859878947,0.13535578690588623,0.11148464435032243,-23.82427544683944,0.030724297277947857,0.930365225938371,0.9472362323821049,0.23892279836299218,0.5664549405519235,423561
track_06321,Pop,124.82386907105436,0.7180501955003549,0.6363760790474177,-5.088119290544784,0.05212532026450895,0.3508703482055813,0.043377709665741976,0.1524034049999781,0.8409279944394359,240077
track_06322,Country,89.22855439323162,0.5939095415220803,0.6657968477503613,-5.770144489459284,0.059291244319412476,0.4548922757565606,0.019322167387743595,0.14587016179662776,0.5734077326568098,291498
track_06323,Pop,118.10431609548294,0.6600835871189983,0.659374049770717,-3.434696802437106,0.09812793064080899,0.3114545240752503,0.01650769460078776,0.2538159446221585,0.7353355735009188,217342
track_06324,Blues,88.94237145973233,0.6915612233072117,0.6179142194865287,-10.606145086988757,0.06972195282349404,0.5540875941858641,0.060930015623749736,0.19608368008233168,0.5711243135041141,193393
track_06325,Metal,161.56410267096598,0.4664871947632164,0.9276003732390836,-1.7216067515372124,0.030351762981940627,0.085651079375476,0.1013143319951485,0.2846922435271452,0.3516227975987537,318992
track_06326,Jazz,125.25506201560165,0.6356605602592543,0.4901773425132364,-12.10556015257292,0.08663569897090453,0.7587279498932186,0.9922680510695112,0.3580222112785907,0.4268988578231526,291095
track_06327,Classical,54.05441209988411,0.25004289283906345,0.3979644565035355,-21.97269926044067,0.029110924791271836,0.9108227105174561,0.9346176570840705,0.4384040572947535,0.4137366192035798,326338
track_06328,Metal,171.3695534227826,0.55145150518271,0.9828233513708697,-4.504728199485867,0.0751381951322759,0.17328594287915258,0.12540199686231765,0.2820878609280031,0.31627112663217033,242562
track_06329,Classical,65.8876682575236,0.24591677234800172,0.1629051782501756,-25.375904978903286,0.032722825082854595,0.8912476848689801,0.9080985022276156,0.4659565815922207,0.49188986223205805,318304
track_06330,Jazz,106.25546440901684,0.43729834304453963,0.32954028857725204,-19.778758642480756,0.08002547026157196,0.7550748774520284,0.8146192178264778,0.3042600770367143,0.48455463838953994,326635
track_06331,EDM,128.49402258238155,0.7120068690481886,0.9877292781103423,-1.4289096279289386,0.030378337140440585,0.05776633022898097,0.29481647468139643,0.10969136413035606,0.5586901647926446,192841
track_06332,Pop,103.69158013086117,0.8465496995004624,0.6034358538412138,-5.006902339324656,0.11248051670107045,0.15905082338100873,0.005778680843148987,0.2999572877413339,0.8303835738795958,181283
track_06333,Country,111.04085041632847,0.5472675709478054,0.4790337623635125,-8.265300032581623,0.09063641869163214,0.6452000113543508,0.04100533002320002,0.12928518471574385,0.5306420252382356,227339
track_06334,EDM,138.7124864590936,0.7122989993255961,0.9016046983171906,-4.147353618706463,0.04174816310603188,0.0797662849574084,0.1566766201956711,0.15670694425545958,0.6934185876369958,257644
track_06335,EDM,127.74954398738366,0.7593944606955458,0.8529753440758188,-3.568844848506145,0.042308130919685,0.004008467540082572,0.17106155199616715,0.20957800969137227,0.7603228521778211,195843
track_06336,Reggae,88.39575788105672,0.7525821030062698,0.5099476765151852,-6.643493013971371,0.0645348678024234,0.5206494821281331,0.15048784810930835,0.20936211840467078,0.5185316670384533,284078
track_06337,Rock,142.8261877312579,0.5752046579995589,0.9918752094773775,-8.32412716366992,0.12175466258703635,0.24091515613191297,0.011375681544821459,0.14581103437570253,0.7714244551245695,193331
track_06338,Blues,82.14765979102492,0.680420866823418,0.6307878845581064,-8.087697445832443,0.04295092728015586,0.535362868409061,0.017704296676686583,0.26131397825611835,0.7889065963184315,287896
track_06339,Metal,156.13071369551625,0.3026118598460868,0.9595534505811001,-3.348207580333109,0.0690605858334756,0.022785314276733182,0.16306643477743388,0.2845476194547449,0.460012064564711,305959
track_06340,Metal,159.5046042338508,0.387906025625578,0.8450731861504652,-1.8212965285308833,0.06256804456743228,0.07922520607753791,0.08195129531345043,0.27066643657770273,0.34897417896718186,195809
track_06341,Metal,157.54130034968642,0.3026235052292046,0.8651246705456024,-5.773023026064393,0.03605475210962071,0.05088790280809452,0.03580430832815145,0.12895448515326827,0.37864292680439315,243389
track_06342,Metal,159.24287486121983,0.5600033807257618,0.8562835345613968,-1.6008873161389996,0.06725974038293754,0.09663828157074715,0.06955280494561754,0.1798757840506849,0.4603256746293807,243797
track_06343,Blues,83.26432008180822,0.7415624010312382,0.6828774718851712,-5.056689590848641,0.04847465225214821,0.34549533949400835,0.10318645982716008,0.13039815270201482,0.6831863453200047,219318
track_06344,EDM,126.19032867256432,0.7780068421419681,0.8023327359725706,-0.5088217758372133,0.0314237899541811,0.11528442767607582,0.05584483188686823,0.14839662801928794,0.5093406492870859,225336
track_06345,Blues,88.59982964269327,0.6463499375668664,0.6877171327284869,-11.293512982561323,0.07549825155824438,0.6958872327335016,0.15069326144452444,0.27900786172688496,0.6392586620583797,246539
track_06346,Metal,135.48054279583974,0.5736137247572732,0.8007454619542207,-3.6093120313506213,0.060230785030747525,0.10047860208821789,0.18048314685107006,0.2880096216808293,0.3402868622970389,319982
track_06347,Rock,155.40598126976158,0.7947904379265869,0.8041820213777189,-5.2556123976610225,0.12871493293946962,0.20061721831271498,0.27897937174114723,0.20164938615098493,0.787921723899128,268859
track_06348,Hip-Hop,74.04110282862112,0.8540873397778223,0.7870313170327088,-6.436456310150307,0.3405938456588617,0.23948240434609747,0.0770382799762539,0.28920148095940656,0.6785237367128354,238110
track_06349,Jazz,106.35982165709632,0.5049198343208672,0.33833924737851256,-6.919458924648763,0.06081284691727807,0.7736396907976173,0.7199750656998557,0.28422024588822076,0.38941661480198153,240169
track_06350,Metal,154.3874884968682,0.3390866477340797,0.9583106023006546,-3.61377180804802,0.05698847137807446,0.07493011505851148,0.042148568170609926,0.11878033290846386,0.32277771091937657,276220
track_06351,Country,92.70339591251292,0.5831031082410609,0.40710842981745443,-8.93143840755605,0.09573348750683237,0.5715201648348923,0.17079693732784235,0.11026590313299656,0.5022717585666837,235878
track_06352,Hip-Hop,74.79459232036427,0.8687066394546622,0.7377263218964862,-2.852894936283592,0.4354460771990063,0.282684094075386,0.03074905429885293,0.2731638811504177,0.7557412694705512,265934
track_06353,Blues,87.7093775250724,0.7425310706720545,0.797656644374427,-10.75981875231908,0.06505275643022448,0.36605068430645926,0.03085729090218199,0.2266085653007183,0.5574128110302436,259251
track_06354,Country,108.7526040252922,0.6091432049459619,0.6119537897403452,-8.745645871447183,0.039457779360901966,0.40063520132645575,0.014665006602185504,0.22566510755969058,0.7656221352792945,291805
track_06355,Country,124.22852419921053,0.5757731944325304,0.5960394896229106,-9.012406670250115,0.07567309012008391,0.4243414474552822,0.0800546311106021,0.2219506097414295,0.7565952633827631,208240
track_06356,Classical,71.91987225622827,0.2991019897564502,0.13201770085849768,-10.349444820597327,0.05507873036734762,0.913589626134267,0.9359148322625327,0.212271458512656,0.504177656603431,480916
track_06357,Country,104.76340181588905,0.51424053595665,0.4032371643096919,-9.370361411500685,0.08147446296715102,0.4571625634712619,0.10285494041532789,0.1371804401796799,0.5854220289920185,249456
track_06358,Metal,138.80687515571702,0.545705673172614,0.9425634892826706,-1.7461298794253644,0.03687796281136769,0.01913750898595186,0.1938805266221859,0.22484759855850908,0.5759540241579397,223465
track_06359,Classical,66.54344359315462,0.14626503491393597,0.10373611185500782,-11.363413976638771,0.06690221227013791,0.9037980847725626,0.934487365969173,0.3234786573311337,0.282076153463007,561101
track_06360,Reggae,86.55989029282556,0.7315663297258007,0.6694367261410604,-8.734497942394235,0.07260451335405788,0.41038193694170316,0.16094543430433206,0.16570905027450114,0.6932903581658683,201922
track_06361,EDM,134.3203691691884,0.8013297999369514,0.9703560118245366,-1.2853750259456822,0.058774129839547405,0.0762095666190686,0.01600673342513347,0.2764877199962341,0.7553150802847002,197295
track_06362,Country,95.45101386069086,0.6206931883125796,0.635447712870556,-8.67964097460164,0.05620066026859149,0.6038019014286214,0.05726568011303799,0.14493974857063557,0.776671364598656,200893
track_06363,Rock,131.11040818163872,0.7291196701897718,0.9700760657716934,-6.900492148243642,0.10695892191098531,0.17990582390229182,0.27829165608530115,0.22776248568130708,0.5986791460686424,284156
track_06364,Jazz,128.4042384999104,0.5222164858743832,0.4807971311228584,-18.536069265474016,0.09315505629969059,0.9029305517221979,0.8567221016780315,0.25501306228298926,0.47037996775507823,328973
track_06365,Country,91.82446500852932,0.7255910791870823,0.41124174632666627,-9.473287094871301,0.09501913547375158,0.4813000743126333,0.06083515935842887,0.16881659075172795,0.5310134869830465,180536
track_06366,Reggae,83.07694584636597,0.6067795785712723,0.7931449905822154,-6.728227543625591,0.09567224890683991,0.46502034655771535,0.17387655006304018,0.15124998438196277,0.6529504441722668,290925
track_06367,Pop,105.58757064207518,0.8456385311550042,0.6948078983639453,-4.410530405520744,0.0689265810522334,0.24256117166678903,0.0443452192326839,0.18499071838757197,0.641273592273332,180953
track_06368,Blues,88.54196454194707,0.6839230759336588,0.6021715225789852,-6.176810464710352,0.07200936181856193,0.5429612516710269,0.04081510678350906,0.15035529608223025,0.6019379625262402,207612
track_06369,Blues,93.56206333104741,0.6254171370025161,0.6675332821794151,-8.271467654314861,0.05970211776434703,0.46343213836565905,0.06092154575331659,0.16047957034247817,0.6600122658303479,279544
track_06370,Reggae,91.66946113031958,0.6820895664115566,0.676114629188856,-5.499871490518416,0.060434893954538126,0.6038558982052202,0.15102437117916478,0.2856990387610793,0.7575767957549446,258909
track_06371,Pop,138.44121334129824,0.7313926793723896,0.6329272994332824,-3.2632788404815054,0.09944550476729053,0.34024274252323583,0.028039297610968014,0.2445773917178447,0.7130191102151348,198174
track_06372,Blues,85.55192271011406,0.6539945840944509,0.5766303436079999,-9.712444901874047,0.0823742655091375,0.4989143327871362,0.07463419536482867,0.28011896283903526,0.712034202289528,282735
track_06373,Blues,94.11868979703314,0.6304862084581323,0.7071484543326958,-5.598807095385291,0.08028038636161121,0.3370352444999924,0.056626973322016855,0.13789605247246833,0.7737079608321851,232443
track_06374,Blues,91.40010483919322,0.7969656011951565,0.5103241374258602,-11.734275140274299,0.09128692314182385,0.5226859199058043,0.17654834834841637,0.23892861539476043,0.6411756954651568,194445
track_06375,Reggae,96.50893341970166,0.6467835099232329,0.713709948197278,-10.268587946113323,0.06781206268978208,0.3341728017243609,0.09099969174757903,0.2225405088618084,0.668995412483059,192443
track_06376,EDM,125.50339991920386,0.7175879194768057,0.9923586774995905,-2.387821645770071,0.06355243646581116,0.06369907331917815,0.09405552904880439,0.28076277321193066,0.5469905899695525,258822
track_06377,Jazz,101.41744288791891,0.6365048677861288,0.39502284325562703,-13.719150921880097,0.04794536369230398,0.9276846611464595,0.8932821239112959,0.27058611763712404,0.6406872215209245,326158
track_06378,Reggae,95.34069263772304,0.648326302233607,0.5779914274584714,-5.74906721442589,0.07075840134898553,0.5683054737253757,0.010981854434384465,0.12069602021420762,0.6690110634701382,193204
track_06379,Pop,117.48706890237686,0.6658267624870108,0.6998604882627584,-6.674545854487843,0.08145083914028345,0.1451505313683777,0.015175775392964393,0.11418374573597259,0.6967327952204645,215184
track_06380,Country,90.58923944057379,0.6475771379536905,0.5369338544260505,-8.536881462593922,0.037205815301715135,0.6259950065221112,0.12662651081715479,0.10658599926391205,0.7968096679911845,195889
track_06381,EDM,127.80960411668899,0.8737733462492017,0.9496096217240175,-2.2794507114003526,0.045156367429844066,0.1616852088945608,0.16623513636858075,0.12322745716927955,0.8498178551968772,268163
track_06382,EDM,132.19916471377567,0.7098280878615413,0.985857661387036,-4.323211703722963,0.06414976749695916,0.0660690018031939,0.22234920082117696,0.1508441579616277,0.7333735750910625,282131
track_06383,Country,91.14325333180307,0.6511835534748356,0.6518734682533269,-9.749612621718086,0.09486161710892606,0.4251646917507304,0.06894001401898367,0.16723585789464895,0.659524451837084,251326
track_06384,Rock,115.99134585461233,0.5215644960536141,0.8082144809739829,-8.323474437765295,0.10758178875146131,0.281880702388598,0.08982464839355127,0.11248921663205955,0.473125100322713,299822
track_06385,Classical,66.45192717827932,0.22833894116034262,0.15005664888291548,-23.280018884008292,0.030633017381292982,0.9599330711154832,0.9909184956351323,0.45512314146853083,0.21092819466942914,581674
track_06386,Jazz,112.12675858080803,0.6015587262159192,0.36328857019698724,-18.03149822208743,0.06692067602371418,0.5705956409781463,0.9438762234849225,0.22516443424557522,0.6008373288719038,358872
track_06387,Jazz,127.33868637538221,0.49671193175748585,0.42165554842938424,-9.895741391640321,0.05113768864007883,0.9451603345447185,0.8448661402575683,0.42804184831839975,0.5026784103097742,277443
track_06388,Rock,151.81193058898944,0.6398482847279658,0.9439241186450229,-5.375318429400926,0.0690443880970649,0.2621922288560793,0.028189160945592172,0.24435093647547346,0.5713121658562261,187862
track_06389,Classical,73.29634515509731,0.2714476433542208,0.3995040522718347,-15.850873576896703,0.057243779000324596,0.829435283320099,0.946816016432237,0.3291364316825091,0.4938396950927758,387045
track_06390,Jazz,123.98478810230455,0.673218949595497,0.4263220672752296,-10.161139836507843,0.09510114950434004,0.7708402922152764,0.7924842940150737,0.32087004632268695,0.6018454626631695,413735
track_06391,Pop,121.35581963896078,0.8527470631609684,0.6248872055932975,-3.72558496685933,0.06024637863159042,0.2091249723558765,0.04855452551235239,0.12884383033260832,0.6004334204714306,237848
track_06392,Hip-Hop,87.78453037745012,0.7896295594440383,0.764437669126639,-7.669230869162382,0.42485002488125534,0.033568925320494276,0.0728639535911541,0.2784635274239773,0.5696331982756833,222500
track_06393,Hip-Hop,82.09917206613545,0.8428243789604098,0.7845029232566275,-3.154001419919994,0.4248272588326849,0.27472483578989604,0.03704019689818483,0.11831787987118136,0.6547029352871724,244509
track_06394,Jazz,121.5616659852648,0.4850396160771849,0.37552009680198384,-16.9647801049529,0.0511436118121991,0.8066652908851186,0.9717546471645122,0.3083395567908677,0.3486034405504687,376447
track_06395,Metal,170.11809012085106,0.4757922279826228,0.9684975711863357,-1.005614440623189,0.04451714727304834,0.09549108434714754,0.14111070405611265,0.20235074965799013,0.39804678167774254,322976
track_06396,Jazz,114.21337863024156,0.689148712780103,0.5326804212066312,-12.510787110688533,0.0928877025021858,0.7096914891895824,0.8920429134220993,0.25382805309073164,0.5645150587047616,345063
track_06397,Country,107.31440373280135,0.5237058023858399,0.5847998032539754,-7.447401327758072,0.0519466794271364,0.64828260944086,0.07167505991313308,0.13650296620266367,0.7087215166066172,222667
track_06398,Country,107.97072971897933,0.7434030664970761,0.6580925370256225,-8.138681092485502,0.04254068270409703,0.4631625413334606,0.04337854766459104,0.11514727897089727,0.7720385278930306,247113
track_06399,Classical,61.97861792529235,0.2806189361061998,0.11246785891998518,-18.39516344755794,0.020769511574660254,0.9472079181329285,0.9033740334219281,0.41814635756251395,0.5234096055675561,381328
track_06400,Blues,93.33083477007554,0.6153092449298749,0.645168589523115,-7.582891396174583,0.042782581219405216,0.3551564716781481,0.1864582357522871,0.14462256863362122,0.7279963239662023,282297
track_06401,EDM,129.88686145553345,0.8158217866792353,0.81012900108978,-1.8695913485750926,0.05909884884821337,0.09157150806726884,0.15200066753245078,0.2099956124949886,0.6009995688969905,271983
track_06402,Pop,111.31067624914718,0.662174297437562,0.724879695530817,-3.932911390181678,0.0652811074422652,0.39176885545741913,0.0016724517095439428,0.28852676627999185,0.7653446997657785,193576
track_06403,Rock,137.4997600487734,0.5036409197838753,0.9210520215678444,-6.372356483239095,0.0898069043726494,0.10081096150378217,0.2935615540193639,0.34977155847438535,0.7869762693470934,271233
track_06404,Jazz,125.44944103115915,0.41509729311691806,0.5930242577494893,-16.369815975054816,0.06775326897877307,0.8065405695599587,0.7433368109872935,0.30715065820659054,0.5590827379073882,395301
track_06405,Blues,88.91550955104798,0.7779655251105912,0.7046578206575704,-8.065263635689796,0.047028209563624856,0.5298815648571727,0.11893440356125572,0.2517608765721272,0.7157417202450567,231178
track_06406,Blues,95.92796908939236,0.7113693201435047,0.6428130919613154,-11.673393447249518,0.07070355153157015,0.49261126778811026,0.08857375229152853,0.19749851290778048,0.5222889780781637,297397
track_06407,Pop,110.2617105967682,0.7717378743566254,0.817050171136737,-4.912590908818031,0.05065990037705152,0.10473307256661145,0.03621755364322096,0.2690685991428262,0.6012146836491303,213359
track_06408,Rock,138.06166914637896,0.5902740045512265,0.7194708223504739,-9.455383472511928,0.1323491593405482,0.18396069145612642,0.16149967687794625,0.2489283437224464,0.6536762340613255,278077
track_06409,Country,107.604167196643,0.6241469125774003,0.6158606038078471,-7.895436589712962,0.0814687741771137,0.42572024747510756,0.03984680668297478,0.27554466442658737,0.5880966220892775,217717
track_06410,Reggae,94.72095914433001,0.6133193389907518,0.5496857011160738,-8.121053468667906,0.09546832315488776,0.3782193866944454,0.07249963549842586,0.18857089138131405,0.7860498382890779,262844
track_06411,Pop,106.01549383919628,0.7457102604965089,0.7862322745369286,-4.0081476295720915,0.11746106800103522,0.18427122824564726,0.015053308923773679,0.16259214304297548,0.6781035173238666,183378
track_06412,Blues,82.08401422972646,0.7250818569056036,0.7267266536867361,-7.031191077617705,0.08127054693258448,0.5899358564585486,0.16384501733449658,0.27909159885389434,0.5010218508438355,271050
track_06413,Hip-Hop,81.40692778516734,0.7370221940453501,0.8504059346086879,-5.532554421457813,0.4712501299024882,0.2755332139205956,0.013579662123422721,0.21143677928911658,0.7235058366592384,209538
track_06414,Jazz,136.3950780462818,0.6541585609493977,0.5774688170877413,-11.675916703124363,0.06092441819632052,0.8692670556554996,0.7054196970971266,0.3931249906064446,0.6825938279420808,404346
track_06415,Classical,52.24717606921376,0.12607484732043853,0.1269243383110849,-10.795462132199745,0.07970920628342004,0.9795850767606386,0.9458631432140449,0.44237472794362576,0.5337128794364836,319441
track_06416,Hip-Hop,81.84339795903881,0.7214130907990579,0.796699936591436,-6.861554654833625,0.5486139908348464,0.02012740745218349,0.05238544304122825,0.1844097055350674,0.8699453397285417,170699
track_06417,Blues,84.08281539797001,0.7589494223990025,0.6983225338342769,-5.183244086961328,0.05473859134438672,0.3583872972297114,0.06851081317249837,0.20194828062970116,0.5615028663302924,275345
track_06418,EDM,128.3550915713763,0.8606533119285923,0.8112342590250805,-1.2098506840766592,0.06758845122652118,0.05364964298464308,0.2328667114955934,0.18358685224670007,0.765773064759194,199712
track_06419,Metal,167.53154866532785,0.36817628444066264,0.9521492410060804,-2.621685618957354,0.07954407282627453,0.1168644615797555,0.15362354509781345,0.11490498877715825,0.31289767550064546,180770
track_06420,Rock,124.43980641627105,0.5843705123710445,0.787252205614104,-9.802039374512342,0.06024272269524755,0.17843026549131774,0.0892564522796898,0.21058857980576928,0.6306695931280528,271882
track_06421,Country,114.52972097955717,0.621129244394969,0.4721940864932543,-6.334865329710603,0.03111450903776281,0.5515469465564165,0.0078079014231185575,0.21356063550860258,0.6371871355485459,233453
track_06422,Jazz,105.4109960739466,0.6957035212948992,0.4008206396947078,-18.497125969992467,0.07521485337178298,0.7774037905098035,0.9319313103736956,0.4865234286513132,0.423069750689174,366913
track_06423,Classical,84.3268549981001,0.1328553925242482,0.2502569251492435,-28.456261442615727,0.05367047175214096,0.8337947218449573,0.9960045069716461,0.3662990994804812,0.4117498353153641,474739
track_06424,Reggae,88.34662622329056,0.7195289112603892,0.6174933627472664,-8.629208040783027,0.08555790292099363,0.493271354151697,0.07525782105361614,0.15515082460171853,0.635150238831642,202021
track_06425,Country,99.51601439203283,0.6428940202965313,0.5232948613258864,-7.1407472352267245,0.09357896279119396,0.6841883209520225,0.08917378841831146,0.20287229455324016,0.5348524950640152,262912
track_06426,Jazz,135.81006399224324,0.5539711536753682,0.36077482502935626,-11.352001039468423,0.08111699403058004,0.8249800227408566,0.8327537478964882,0.43079573616806877,0.42780896431653626,405996
track_06427,Reggae,89.18334388341844,0.7828911907087371,0.7148750749612884,-8.0679539430343,0.06671283093667094,0.42918727371368615,0.12766109931760172,0.29404523618915057,0.7412977544994662,247440
track_06428,Classical,73.80086501717946,0.13644355905380057,0.3810681271593038,-19.207255801626467,0.07137285255519514,0.8335991109800839,0.9272935879212127,0.2582513088732238,0.4613687134951361,361552
track_06429,Blues,83.64776724399464,0.6017610509030155,0.5199915147150783,-7.1419240368551264,0.06265288990328428,0.3825630840882957,0.047573413105687815,0.19889387676482928,0.7716339312617078,298349
track_06430,Metal,166.74736181590558,0.48556519222733485,0.8700058129811133,-1.6857833829267408,0.036523313755926795,0.12780637561704256,0.05461689513827424,0.20543492441034622,0.4162459711347553,262364
track_06431,Hip-Hop,82.37376152971383,0.7422576157693902,0.7221754025987803,-4.201579346048499,0.5728752129130641,0.2489604852960432,0.005391146231481104,0.29338512007608675,0.6068094939890911,205310
track_06432,Hip-Hop,84.97751346764555,0.8694927161084793,0.6517013309956678,-3.9236964190341697,0.3959056232489101,0.013005515221946373,0.07697679922240805,0.11032963496776488,0.5896553262540092,168659
track_06433,Blues,94.62611493454662,0.7364104125915153,0.7975836218010985,-8.323930407975384,0.04322579447771948,0.3643434577430726,0.11768653239374274,0.1695457078115287,0.5338678402895851,227589
track_06434,Country,103.00285399987872,0.5267068529027901,0.4615684081275356,-8.13262932294989,0.04315769699474832,0.6053441897581684,0.004588357368184926,0.18182179497669276,0.6122432470794067,212880
track_06435,Blues,75.32854960816641,0.731216114766418,0.5863444073132037,-9.62471028822184,0.049761909899249036,0.5094903873483865,0.07448175074983625,0.15206617278514678,0.5374226623263055,185717
track_06436,Blues,95.44564928027435,0.6297611522575501,0.6729452079104472,-5.099939365699484,0.050830731499640625,0.4024675483037635,0.0422624416263832,0.1824415901658099,0.6465614330946021,269598
track_06437,Jazz,146.77327339190157,0.493313766379716,0.40085922267180807,-7.888622246870888,0.09023088221940895,0.766470466210915,0.9689232265927308,0.4210046008989018,0.3221206343557203,348245
track_06438,Jazz,98.1515637375738,0.6805313081244975,0.597473447488736,-17.038680222037154,0.06283122836090795,0.534466717636135,0.8447365059710007,0.43630953817993534,0.6616059385694678,344281
track_06439,Classical,75.8039400209617,0.2012648811950894,0.31453235891508047,-28.856093832860804,0.06993136203929283,0.8402452375810269,0.9477788863125842,0.34603982742223993,0.5108494132164494,306859
track_06440,Metal,177.48615627476278,0.38992492168171977,0.9326215921265487,-3.9361412934398077,0.04494318115281218,0.1242846444946476,0.017314438051286875,0.2579557143837885,0.45742476517028835,295337
track_06441,Jazz,102.70763889917757,0.53831871960293,0.3315266907273992,-18.732225477104716,0.0676026193826007,0.7779043460256783,0.795632742142832,0.21847498565991505,0.5646279934868785,307514
track_06442,Classical,79.13945896135978,0.24266505885231573,0.23338323235692932,-22.666631544259317,0.07576425197892808,0.8107867974391942,0.9195606404899451,0.3125120258261125,0.32961603884895796,573748
track_06443,EDM,129.11183448922492,0.821199190184475,0.8697519760912281,-1.9790587436648255,0.06493909490328087,0.10879204678604293,0.04683620212420455,0.21155308611977042,0.6814651356376953,260993
track_06444,Blues,86.7791610306973,0.7697090440889831,0.738080894280714,-9.379318402371645,0.04609358259994222,0.668332096323992,0.068921069943318,0.1747483381113975,0.7727145503147381,262989
track_06445,Blues,86.59759718135288,0.7759290501491846,0.7289652312657859,-5.553770467787878,0.05005954143569082,0.5289814479939628,0.0038551693510786357,0.13553859183651967,0.7367158394868041,269407
track_06446,Country,97.76741269699419,0.6607105977782011,0.6486840498646698,-4.837130502366925,0.060450696220429756,0.5432732345889919,0.19556391973852894,0.26336798247277016,0.7393682962478327,194976
track_06447,EDM,123.21110688972537,0.7371553372676614,0.8861637227487399,-0.009824921544984377,0.06543419127085191,0.19604623549089686,0.13644955671436343,0.2359520379665729,0.7076779428296871,258924
track_06448,Country,99.60745960432541,0.5354596111613397,0.4856067466169262,-8.121286978336746,0.07863982748214005,0.616231728553047,0.09010312381833714,0.17580089240156996,0.5531265360255297,254291
track_06449,Reggae,91.44595312074657,0.6874880189712145,0.5170795979621291,-6.5055847148647405,0.08724464997719035,0.3789191577890927,0.16470248962653006,0.13151588059042613,0.5454294976902962,267428
track_06450,Classical,68.53236411628359,0.29237482143971194,0.24601233320730442,-22.6210624044621,0.07862895558344132,0.8267167366267406,0.9599550452113972,0.42470357493411814,0.5763061221291601,368620
track_06451,Classical,81.77847527285542,0.13603061601172634,0.2152279209362417,-18.3038041397802,0.0571643896203851,0.8541386223463386,0.9974982251899848,0.23545579164836689,0.24491133926259667,404060
track_06452,Blues,94.24319872091652,0.6116625737457174,0.671636644832532,-5.75466065172061,0.06238742723512476,0.37659287202264125,0.01376498997390756,0.28795562416898807,0.5011390210867268,246596
track_06453,Pop,128.08722352188516,0.610742189342245,0.8467244177940845,-3.2971852006743534,0.0899292109257341,0.2923585515246394,0.02753223767338881,0.10368818528451412,0.7950730767968827,208095
track_06454,Reggae,90.66631610857003,0.7827854876012206,0.532476891863816,-6.128279573857974,0.08211358846721833,0.4575357544852322,0.16695516912354916,0.2806965191874533,0.648912880297087,206197
track_06455,Classical,81.54752266375796,0.22372111838577843,0.12256916507038725,-28.814750266015047,0.04575029110441679,0.9860999914111579,0.9524708078898572,0.4627653539280283,0.23861993681442237,376910
track_06456,Jazz,134.62869922506226,0.6869704617083173,0.44557008487991123,-6.298921261773884,0.072775132676512,0.5790422573718765,0.9528796437282157,0.204944152188328,0.5254947909160197,311191
track_06457,Blues,91.08640985569595,0.6289993912062892,0.5804607835017087,-8.286770517463395,0.05648987794465517,0.5353998638937313,0.0028328008916391535,0.29464455753998886,0.7189966569141321,199037
track_06458,Country,87.05464048237681,0.6891344374433865,0.5389349643955366,-8.34460580200459,0.030844501615532056,0.5417725971018501,0.11850953580243775,0.22109121344992133,0.7603931327494455,234569
track_06459,EDM,127.82455958040829,0.8924412637278416,0.8646845675187615,-1.9892459849129813,0.055576007317052055,0.15185741820034887,0.23984652012572624,0.15530060846097535,0.6540232006062224,232794
track_06460,Country,111.9273490632396,0.5708975712728396,0.4392787857444471,-7.28246269862268,0.09073185448506366,0.42230773420587775,0.0726745535306637,0.14155894465920543,0.6376272089228934,188155
track_06461,Hip-Hop,93.9662363718565,0.7337120643234613,0.8812798148242368,-7.514306168168294,0.3960590416449497,0.07155239430582312,0.006779991762273752,0.2399971653196466,0.7045098891671357,153824
track_06462,Pop,121.43891730563244,0.6494267401086764,0.8394867696666458,-7.9783783070280965,0.06629963841188065,0.37037764641272164,0.0426762114944586,0.2987114618587865,0.569304254775817,244137
track_06463,Classical,71.82451480148222,0.25605711881386023,0.2960539929568702,-19.4320905758074,0.05119042232538594,0.8025941797619283,0.9231853646888549,0.2087026971042681,0.3799003266928655,357536
track_06464,Metal,165.929712494106,0.5560539296378689,0.8632804841005548,-2.271132845778238,0.07733306456351646,0.07349361578702984,0.1555282231463256,0.15829255557841765,0.35267077963239496,247692
track_06465,Rock,131.72121603065958,0.7493764931168492,0.9379765651286744,-6.2232998760932645,0.10604477455946307,0.1382142359690888,0.13742458858630777,0.11188216142201826,0.6308995618072746,239824
track_06466,Pop,119.08976837257686,0.7651923203890212,0.671765259675476,-5.6874766708212405,0.09306123190843846,0.4893091829224021,0.030088857790056642,0.18977145927082836,0.5090113975850157,205086
track_06467,Blues,92.06238806684031,0.7040667083593772,0.7857053699550496,-6.297875434778617,0.05238576007932092,0.4551872710778097,0.13257804237341717,0.2100180713197824,0.6292103469049226,226940
track_06468,Classical,86.0136095528478,0.11550998116423146,0.1910970993456567,-26.945498973691166,0.07815368938521655,0.864920561712901,0.9496467318569053,0.2953706046892624,0.3897186129148882,521773
track_06469,EDM,122.9582442480504,0.7928448928040301,0.833863354674268,-1.305041296435852,0.045173612049654865,0.11617175545879327,0.1983909264744043,0.10708872649240853,0.757601116852903,283045
track_06470,Classical,60.13760247627093,0.28653264952130675,0.3536394434969571,-10.302206659198042,0.022030999219257108,0.9296796954236862,0.995462433722254,0.43055572022741617,0.32691105503572404,347897
track_06471,Rock,152.04306154648054,0.5876872895848027,0.9416990185499186,-5.575268460013338,0.07976778851828213,0.2397358591871611,0.07431544377395152,0.2615850814113464,0.6008234156991378,248518
track_06472,EDM,134.39725981730604,0.8253306819299528,0.8539722484014821,-3.3541043618988815,0.04280330307043317,0.14526702172987138,0.1666929305387982,0.24589773387066863,0.7362866636362607,233816
track_06473,Country,93.4654797899577,0.6231394408035984,0.6281052438376769,-8.93129136304012,0.06168950672238472,0.4161827296112981,0.021054663786318064,0.14615886016287888,0.6890135036957759,278753
track_06474,EDM,137.13351099192835,0.7751138150038726,0.8742452092473922,-0.8675155203596532,0.06922690936463355,0.08294951869514554,0.1662842121997438,0.10146745173531256,0.5035117125684471,209310
track_06475,Pop,98.43685573831789,0.7299560057174764,0.694220521732934,-3.8450190406304223,0.06533419080765654,0.2224386420244959,0.047619117626362534,0.14892675845102582,0.8187582899985082,201361
track_06476,Country,98.62623651192507,0.546678298314514,0.5144550176530748,-4.225825887471738,0.0840795290983786,0.4788981630861012,0.0561948675031341,0.15083622456915421,0.5986445076491447,281708
track_06477,Classical,73.13393414125257,0.28271809810009085,0.3333286955733779,-21.777551380298522,0.04590234501291812,0.8665190078310371,0.9917329545830654,0.44349419667056406,0.30695936391702305,366523
track_06478,Blues,85.60113645457487,0.6600238021310894,0.7096976654771456,-5.232893107324592,0.07412468321120669,0.3761903340417043,0.0853626542633234,0.19800393704434657,0.5456674129847908,248227
track_06479,Reggae,81.75497537737508,0.6707772797884938,0.5828733081426494,-7.710249342437771,0.07471615722071254,0.5206781044214136,0.019347063841975754,0.1367115293786479,0.5332481506882305,257434
track_06480,Blues,88.097654953223,0.7170939717394559,0.7172377233084771,-5.716102852858791,0.06893418298477835,0.6379692590276573,0.028075233348553955,0.25568198136224707,0.7501067198516056,261206
track_06481,Classical,79.11498615726599,0.20777133284935745,0.11914243974039032,-18.00898091610022,0.04909736215786278,0.9813857689579535,0.9363219446613392,0.42559460913065883,0.21537610054463652,547106
track_06482,Rock,141.5542448886139,0.7077080355022697,0.8898460082964195,-7.339142988349492,0.0554572952120347,0.39772770835091875,0.19290603361096895,0.10052432627875349,0.45023731147571894,215282
track_06483,Reggae,103.02280455620541,0.6077798710169288,0.5557051813567275,-10.497649141661782,0.06297093589657651,0.4738220572610474,0.1479436275939645,0.13310801564494945,0.6709677472653411,228601
track_06484,Classical,62.96330968083008,0.12367767917462252,0.10317370957124677,-19.91977191232882,0.03715917164774871,0.872033248408814,0.9168995020194262,0.4419358117848708,0.2693935681407211,398097
track_06485,Metal,149.2594933801502,0.5469446325988253,0.8960361020722276,-3.0969207260797607,0.043016878707799966,0.13011302371590952,0.007129866015964859,0.24971485685452446,0.34898875260185847,332436
track_06486,Pop,126.62348267752893,0.6641543783267816,0.7029979126773301,-3.1778187830653337,0.11621907976552827,0.37947888144913444,0.023702900071807573,0.17457743186720087,0.6564188054868045,247715
track_06487,Metal,161.14666230978787,0.36891602521286304,0.9506205446117174,-3.735480074600706,0.05865580259785519,0.15520966291560986,0.0768025780321242,0.28596870743073727,0.45302517220643757,222644
track_06488,Country,119.74701278691552,0.533901286786663,0.5386154250001312,-4.492746282006152,0.031517957557998535,0.482882682189695,0.05671726481546209,0.1609905205603779,0.5074114907339531,241397
track_06489,Hip-Hop,84.73929061159483,0.7903857947445643,0.6073978471725673,-7.174555506709852,0.5391045027707462,0.2803561085528097,0.00042887027579512353,0.27223822536589337,0.7895491297888004,270908
track_06490,Classical,51.78853632667297,0.18600639768133237,0.19947262929881163,-21.78727875886257,0.056087889131080856,0.989348886771932,0.9206972839809593,0.4921032428869796,0.29314823101153015,585673
track_06491,Jazz,105.65100873240651,0.5773582432379925,0.3853151545191371,-10.21321836216176,0.04808206260011582,0.5757974218376298,0.902776920516526,0.49206783199158177,0.3987585256718644,323411
track_06492,Jazz,112.47480171082711,0.5596121835409955,0.5531524598599015,-14.166710114340642,0.09830283976177193,0.5411984344484331,0.9953943510825534,0.45387119341408294,0.6465832510990702,366034
track_06493,EDM,129.3316465104122,0.924879284056827,0.8921601482764575,-0.3035452649079362,0.045398514122929036,0.14570332486686896,0.21310577299149255,0.2641793004737596,0.7953530543261842,221400
track_06494,Blues,91.52901963145278,0.608665214090277,0.7508660257383364,-11.591638134921997,0.09805497594428776,0.65617378303282,0.05331792062716632,0.14470710546137483,0.735008281135139,235943
track_06495,Blues,83.6386248297544,0.7685160108177779,0.6131177858369287,-8.971164014408885,0.04873310653156249,0.5505009087699264,0.09413171698359878,0.10173840289701977,0.7192566165662617,261775
track_06496,Blues,94.0197324203337,0.7334202252717898,0.7397816550860106,-11.755889653446557,0.09612111191241533,0.6318987378816303,0.16675231218041303,0.1934226884458584,0.7388971723672726,254020
track_06497,Metal,161.8660369576138,0.43140730910852754,0.8870966165259493,-3.862784197967067,0.07722411567505916,0.05237204503026882,0.1436741209527707,0.1219825780968149,0.3784582772473646,308249
track_06498,Pop,117.00501030728141,0.6520914106018342,0.6383150587856976,-4.913657183814861,0.07882588545105332,0.22975520107484343,0.02219525451993226,0.1648428099294303,0.8029879278566301,235433
track_06499,Classical,43.856044653221886,0.2745078215649043,0.18845971165271497,-13.478121422663762,0.046489669302352,0.9243009765307207,0.9364830623037035,0.47490898853956937,0.2424837634567578,332839
track_06500,Rock,134.4649257969414,0.6596063728356485,0.9970351981748009,-8.525525068700546,0.04832469692761396,0.3527692306834084,0.12310967968551595,0.3540651057005717,0.5698756042640428,254644
track_06501,EDM,127.19164129930925,0.9381211695215753,0.8650575644662126,-1.9366528839500274,0.05269968287471746,0.03251107289931141,0.1481417716763308,0.19693840891148334,0.7025589780582815,218032
track_06502,Country,109.60111392493519,0.7407640688920407,0.6252468468483456,-7.957435477252782,0.0555199847359752,0.49108515933592645,0.12604165404364642,0.11946309793906351,0.5870001241408667,244456
track_06503,Reggae,81.99440586020621,0.6664368588105071,0.5098690290875274,-8.233809003098962,0.07652890480528954,0.31886572303955485,0.17596593358852963,0.14028061855348178,0.5442875777260425,205233
track_06504,Country,89.50787214761533,0.5593792207943057,0.671260090356416,-9.150804989463676,0.05086673399507518,0.4894864711288571,0.030220033974375827,0.27455563456716914,0.6237769828340712,240717
track_06505,Classical,70.70870919719148,0.21268004628611858,0.2566900866949322,-11.79761439506738,0.05814942897456234,0.9748973995408025,0.958443190491862,0.40946494652835597,0.4622583798679135,447866
track_06506,Hip-Hop,88.00201507775718,0.9201018689893958,0.6311237352085823,-4.845964988827206,0.39651580823034954,0.16454470070498212,0.03321195265554958,0.1367315895435037,0.769130890796538,204158
track_06507,Blues,96.95614064036262,0.6145854950945786,0.7709883703908382,-9.506759698097582,0.09980358554445745,0.3275127681787134,0.1433546789052444,0.13214288873419527,0.6208077832200689,204410
track_06508,Reggae,93.15084359540718,0.7127592808099908,0.6825682811533803,-5.541819666546087,0.08643048010165522,0.6236573706138556,0.03713234734929338,0.19163048032188118,0.5623295901570846,288344
track_06509,Metal,163.57206131203824,0.5391038154391595,0.918082631715618,-2.2692788603192846,0.07942525839512055,0.18450160160461038,0.12228978977316306,0.20228028475212945,0.4603581184206717,183136
track_06510,Classical,65.91320659716789,0.200402889371255,0.29139214396186996,-22.146062107068058,0.031418699791422915,0.8045547757002535,0.9741178916470763,0.32800167463613195,0.29684934443153094,455165
track_06511,Hip-Hop,92.96808893879825,0.7846443598491064,0.7959125720399994,-4.303591132799338,0.35199004689071706,0.22152669996068314,0.07602262329425974,0.23133790360284878,0.651809320162152,276854
track_06512,Metal,161.7580563338332,0.4314697380194744,0.8005929093663811,-5.943498224511128,0.039845994657001164,0.1826028067604403,0.12627807045619546,0.1779727873290317,0.48212916470067374,205015
track_06513,Hip-Hop,84.5195038005663,0.7331596585266436,0.8645308759060031,-7.064965718043533,0.45747317546173705,0.1744036758061305,0.048061678013031274,0.11220481452531116,0.7741530239226958,193047
track_06514,Blues,82.32947612427893,0.7438224639416597,0.6807172808523612,-9.74345552070085,0.08050695299837987,0.48290732889785337,0.16641656057506957,0.21421143199109022,0.7313708003291131,299746
track_06515,Metal,181.48537265717238,0.48509246342351264,0.9585154754952603,-2.7662014013864042,0.038456818490998364,0.12002909201534023,0.04257140314890642,0.18719227554777418,0.5597290476429027,272225
track_06516,Pop,95.63182260205936,0.708571743508523,0.7403918310615045,-3.646367459813546,0.10452565747098565,0.2695936730804432,0.02496535261597631,0.26923590766696004,0.8508020368939441,194508
track_06517,Jazz,119.86788797213457,0.6780408572130152,0.48317927554836704,-8.401689055802297,0.04112224103150733,0.8171810686668699,0.8795445931684728,0.34161187638096824,0.5716280881380951,299565
track_06518,Country,85.7466890919057,0.5412909908764719,0.4120069114643274,-5.514891780697309,0.09194472775684642,0.6131949575661659,0.037724644688998055,0.22128896085215988,0.6561811035483849,253647
track_06519,Pop,128.34766770732162,0.6416553470666413,0.6019253438758,-7.864817479501897,0.11244064199958662,0.129895275077638,0.030644853810212265,0.21525624892759865,0.8122661272243872,188194
track_06520,Reggae,91.45779189353158,0.670673523417719,0.5505272313033664,-10.544735086564796,0.05185384043186446,0.35830507407212536,0.15419566392912806,0.22197434024888052,0.6707836780656002,194349
track_06521,EDM,134.1342846267689,0.7375403077779791,0.8530636814500319,-1.617898359317571,0.053866161352887534,0.020878772519029677,0.2831115130556481,0.12960578516338236,0.5245628794092119,281753
track_06522,Jazz,107.19576971335701,0.468381834834369,0.31400900117469677,-16.109583275906868,0.06419875065667216,0.571964686373414,0.7298910989660229,0.4981260141312195,0.3317313434525171,354426
track_06523,Pop,98.38916494923642,0.7145133446110777,0.7026984804118825,-5.274311895494975,0.081727566930855,0.49521977176378607,0.0012755595124443854,0.2515317736324687,0.5203981232864642,220804
track_06524,Classical,68.20814668435534,0.2517790961293084,0.17958213823728778,-28.962603550778272,0.021329454092464072,0.9077885790947707,0.9499717725226988,0.2452143459437945,0.5412662497299161,432362
track_06525,Hip-Hop,85.9660328680236,0.9450874263372495,0.6642546301332277,-3.243561895614252,0.3553896192638667,0.1356711553617358,0.008466372103373166,0.16811722860879347,0.81049059279104,226970
track_06526,Reggae,86.49246429941421,0.6640393271025556,0.6889256945633085,-5.3600980494853925,0.05472110620060331,0.36926000385538105,0.04073412611276588,0.1473617473680554,0.6914964665722036,225662
track_06527,Classical,61.611047499681064,0.23100814525785174,0.13420178951009729,-10.552052377120326,0.05007523569430586,0.9741085026132117,0.9674958399817808,0.48552131132331927,0.4282002849849268,352139
track_06528,Jazz,139.1478691092799,0.6990653317702337,0.544605157230921,-13.175589179432208,0.08899127622588066,0.8514157013319892,0.9816160214740977,0.3094386900920316,0.31615377486611124,321648
track_06529,Hip-Hop,91.69170263963365,0.9245355298141177,0.707935965337847,-5.80546624654143,0.3263949122329463,0.1047148954438813,0.07461598812778873,0.26892587573141624,0.7891002061478118,271901
track_06530,Reggae,81.80806407211425,0.6751111911490214,0.5976332144386663,-5.163610796654399,0.0636736746260648,0.3186430550399521,0.19741822795206065,0.25729419719728275,0.7993828865119007,190058
track_06531,EDM,129.5167762555457,0.747499269507724,0.845518671194976,-4.288707155634748,0.06777304798182965,0.024985036245624162,0.2793996187413929,0.1652393955577791,0.8286237960220407,248217
track_06532,Jazz,103.57791034043413,0.5146328781230548,0.47968345903643694,-8.84617247439804,0.07098177494837232,0.9213699346519512,0.9759000253315147,0.46569988791809536,0.4476822734537685,394747
track_06533,Reggae,89.2196973290829,0.6842618634818914,0.5234126233822436,-5.44103838442885,0.045307598270391845,0.4964568937343976,0.14428289361163057,0.2759328403784298,0.6712999798627338,275507
track_06534,Pop,122.4735517040537,0.760371811040037,0.6110681411176377,-4.516575666424414,0.11975856129224981,0.1911293303296623,0.049107559946677405,0.2995547201238353,0.5566058421949721,258308
track_06535,Reggae,86.466255598123,0.7363099341759991,0.629561995632503,-5.0919325508214035,0.09978790031407879,0.39991777400810197,0.09666556216815708,0.2153033331418086,0.6908718359971291,279393
track_06536,Jazz,143.31326182627407,0.6855369758403915,0.4837473941317172,-18.244983883058843,0.09594470261951121,0.9025035486914939,0.7085644687161744,0.3737472883734476,0.34581492655184753,300769
track_06537,Blues,88.39457556170926,0.7313850684112055,0.6325417653420763,-10.000212871845985,0.06971400363648718,0.4787989248074097,0.18882759185970585,0.10377930537130282,0.6184861310902189,250468
track_06538,Pop,101.68812443266239,0.7979528394865533,0.604491685975799,-5.405554554832705,0.08284580506916675,0.30908225082206636,0.021624019512037646,0.2813115029380124,0.8556120358214212,238123
track_06539,Classical,75.70505111237205,0.21973283113250647,0.3405005260326681,-22.532799558291075,0.042634939731958116,0.8651374566707282,0.9021845464628766,0.47745548373665714,0.33985667963250354,396748
track_06540,Jazz,120.61250605928593,0.5440532537390605,0.43892657278528757,-7.662471268842875,0.0693667254821736,0.9343530380181193,0.932074069179896,0.3927355884932465,0.5311994960608977,397338
track_06541,Blues,93.4323284121335,0.6978774646609134,0.566112934306126,-6.679268871647225,0.08800771953338474,0.5268491125887833,0.1394317318189318,0.2547341372221317,0.587473869675666,205849
track_06542,Rock,146.04431422601377,0.7518289961844451,0.8803081516453799,-8.913376095993561,0.12820314016227757,0.33749305859061485,0.2506072757900515,0.14729913414950033,0.6737430984676578,215839
track_06543,EDM,126.92451458768937,0.7849278946573239,0.8780496408151037,-3.704315107864586,0.055675981907532826,0.07901074445048245,0.16267631424138243,0.15451851453196577,0.8445247541659442,275616
track_06544,Blues,87.43514330215612,0.6708320407231396,0.644894370836967,-5.871650177308107,0.04107504045031756,0.5192998602767449,0.011217289026374533,0.12312014946851835,0.7071997593216715,289265
track_06545,Rock,133.01459114431267,0.6753362116410689,0.8656716259638563,-6.363211800348246,0.04168886637847782,0.33403344162513826,0.039535595729498774,0.38162509755482554,0.42608644706132065,261856
track_06546,Country,91.82478909270787,0.595670441720217,0.4786834724988695,-8.220790877943458,0.07212996632159516,0.44930564570683557,0.08917477805431964,0.22773767816489102,0.7606739591067346,230269
track_06547,Hip-Hop,88.60219687152268,0.8974531291067545,0.8970891154850154,-7.862260956296978,0.3426557497128168,0.10119461367539151,0.06933979485393672,0.16310877925847417,0.6383863308581905,235217
track_06548,Blues,87.52992106951233,0.7206153793775929,0.7912928846796331,-5.337449981884739,0.06607797991434189,0.3270063077196688,0.18052574287630424,0.1253831963183034,0.7770647699196187,290057
track_06549,Metal,147.7994924643759,0.3634595855961278,0.9079212255284216,-3.0552940543881992,0.07343179963279961,0.053627726957632495,0.1223985350143869,0.10053024125874355,0.4413735186876233,324920
track_06550,EDM,126.77355349197335,0.8814244801553888,0.8575746519733043,-0.05064658418077528,0.04122938968701717,0.031805029115064685,0.2334583755896985,0.2678150669884266,0.6575181066076545,290126
track_06551,Blues,88.44229779754966,0.6282078308066383,0.5667368645005763,-5.291268792768565,0.0409657358179469,0.6171173041467777,0.1561831379492184,0.19992643881392141,0.7798700721238045,204130
track_06552,Rock,138.5358409867929,0.6518811482828981,0.711597552717017,-3.4880200897641,0.0669653205632374,0.18998575629683467,0.1408788161102146,0.2287497769352796,0.7849397988162924,200262
track_06553,Metal,157.1825813186615,0.5717577929845254,0.9287355196317213,-5.6834149980870245,0.0385432536660833,0.07701701423894532,0.0612456505181489,0.16719021011359192,0.520491574676546,237682
track_06554,EDM,132.77366280363165,0.7571683260363353,0.9236863775289166,-2.84880503799139,0.03528453766455388,0.127849750341366,0.20930232353763342,0.17284640201489446,0.8327817628440211,195665
track_06555,Metal,159.36270267474148,0.3692382873118594,0.9534065876425565,-5.460054515990116,0.06873746728518719,0.13508385024197067,0.12626841971254063,0.18686215564576045,0.4504726464634673,202921
track_06556,Pop,104.43861265420607,0.8207825286758401,0.6918368118133202,-3.3241548150042686,0.07014601788073761,0.36510665728847724,0.041217246236024546,0.14758655690164588,0.8206043365348845,219375
track_06557,Rock,130.16534408361403,0.7985299056588732,0.8720977544882349,-3.9090450451414958,0.11760709692421273,0.10734536961935312,0.1263393531660803,0.2084864423713667,0.7808753222110212,206507
track_06558,Reggae,92.2085161451602,0.6958515251985693,0.6684036431971485,-9.13705304148437,0.0984389892494408,0.6691025404059538,0.19732735603005946,0.29697824054117017,0.7686370354093457,275422
track_06559,Pop,118.39686101573639,0.8624966135317818,0.7925083789184394,-7.302082235184272,0.11415959919880285,0.4084914099736626,0.028540309879000483,0.2064723136892982,0.7295194703075499,203923
track_06560,EDM,130.88453705798008,0.7210624631554248,0.9664971663192176,-1.658968245502002,0.05088440866412139,0.12599828124482543,0.03511497696639291,0.2722882090038077,0.6360564093249008,288698
track_06561,EDM,128.25267839774983,0.753660714387231,0.8483748372174311,-4.536937059876511,0.06641296881607694,0.06534466815444095,0.051552405813014186,0.29072898427427313,0.6342081681499797,260785
track_06562,Jazz,119.2650548162221,0.4851329547846219,0.43853839053249155,-16.293474782389154,0.08070331646699011,0.7970417754384242,0.7888835604460189,0.20362124084742028,0.6931140867933202,292412
track_06563,Rock,153.58901355742427,0.7906530595296817,0.8008927082723308,-7.969970293300627,0.12228609440457117,0.23365642068454823,0.11959552932796753,0.263683754216202,0.7742122956054116,258983
track_06564,Country,93.40798439502157,0.7035580155731846,0.5834810564893655,-9.16349585874739,0.05985265940106725,0.40585904662989836,0.160452391153208,0.19221170181534117,0.5830672595483651,202094
track_06565,Country,74.62618805746763,0.7279024399173236,0.6969617709247851,-6.288808714239376,0.09427318384913777,0.6588155828051673,0.1088019776924623,0.2882207389028789,0.5630168486638589,259067
track_06566,EDM,122.1367270104253,0.8009283909748427,0.9244012922503286,-3.7372629796308448,0.048182576277857284,0.0331678363930918,0.25066147715021425,0.11934194080434246,0.5223364869702565,197027
track_06567,Country,96.78451177995503,0.6141425170065521,0.6226662787303407,-8.807896823701151,0.08705785357890283,0.5506537329199557,0.18077810324200785,0.21315718644273363,0.6340563745041675,265751
track_06568,Hip-Hop,79.73183874984875,0.8483835766208216,0.8902606652044579,-7.167562600361261,0.44207289122407195,0.20815490229394543,0.03687839393601938,0.2846386794958778,0.8410236086644489,157490
track_06569,Jazz,106.49970424264998,0.45008370958545746,0.38730822157791633,-18.14543575626948,0.09420498025281399,0.805863435574171,0.9590537637738137,0.44610826160348444,0.36129423252077764,274801
track_06570,EDM,133.45500534179925,0.7785948968903411,0.8387792322543179,-4.6427477504969055,0.06956434289992158,0.1772819571360138,0.09370573697062756,0.10315873537462023,0.716230327646174,256087
track_06571,Country,93.1130524523877,0.5263496867160761,0.4229943565417494,-6.424927113673868,0.09634815043792423,0.641422020543625,0.16677973056093412,0.2470163202703525,0.7867948414753,263645
track_06572,Rock,131.60233613911896,0.7212214822582226,0.8019524359314432,-8.623223281376386,0.04372959949776506,0.1235031360973447,0.14262520090399922,0.35109560943031426,0.45148493890884295,293838
track_06573,Blues,84.20752515250275,0.6815177009374433,0.7109816682378991,-10.074225702511058,0.050417102517224935,0.5951537108406577,0.17613626094868953,0.21710896007928088,0.6571566743726909,279432
track_06574,Reggae,87.48820095032661,0.7825865681955912,0.7298419974884653,-5.523216910862092,0.05553727012813672,0.36225182998240635,0.05607424752457016,0.2679739885927588,0.5940571017578018,244938
track_06575,Pop,104.15391601344132,0.638373566077294,0.6761710324843833,-4.675539054737307,0.08054333598257893,0.23962331487279506,0.03634038529709423,0.2627440179643218,0.8476809872261848,247232
track_06576,Pop,121.50016446801177,0.8153483765560146,0.8213033507638388,-3.455468004900748,0.08444849697388873,0.24213062509317662,0.04500930356290557,0.152286093652968,0.8187389767508886,193839
track_06577,Hip-Hop,84.40395532247825,0.7621296078031379,0.7161066673693872,-4.433110440439184,0.5693284170256353,0.12711385716287668,0.057486663990849673,0.28217021770023565,0.8364246443272908,153611
track_06578,Metal,181.90614785144498,0.5366239758257587,0.9462063272262539,-2.1638705761287844,0.037973648254149936,0.09201761759883496,0.13903960208843053,0.18117681816768444,0.46934613003136494,277730
track_06579,Rock,162.10879692016152,0.5368395939688321,0.9707547136360459,-4.5165641880517295,0.12622620999081918,0.2609599231340869,0.10017656429354878,0.29213566667822805,0.4901480592148405,237466
track_06580,Metal,158.26796562220957,0.5153383468203185,0.8997629724124464,-3.322222398583502,0.06480292094141389,0.14579384706388154,0.14932772796081717,0.11595017874123165,0.5497233447825141,203247
track_06581,Jazz,109.61068482017741,0.6975707647583065,0.35291836274048555,-8.737098890999372,0.06371315783845155,0.6784345335355073,0.7855477688876958,0.33231823906550606,0.6163498412337074,269252
track_06582,Reggae,94.25534654384349,0.6832476486924943,0.6955014922956319,-6.4824309987706945,0.04598417012001253,0.6842174666513594,0.042326692960294614,0.28301586063830586,0.7959808543187414,187626
track_06583,Jazz,126.94703138482699,0.571031097660795,0.3664970936829544,-11.224576998398232,0.08056971428962095,0.9510683324583571,0.9666540523470178,0.48092698993787397,0.6364821979333064,242299
track_06584,EDM,123.92962128363519,0.9358693105152784,0.8615273143682252,-0.6145992600201726,0.03048445974425304,0.18329601314609154,0.25547334592108556,0.12483608455832085,0.7947691721261385,180406
track_06585,Rock,137.02249364409366,0.7172163349671077,0.8209709747589663,-9.454334796028931,0.12468733462038369,0.10586462210508757,0.16795779167420966,0.3271543733764156,0.5490350876486706,205312
track_06586,EDM,127.39051486101921,0.8608883571823844,0.9839648682431119,-0.7042528441702753,0.05627950066040755,0.03682949113003098,0.23530795939172602,0.26464439093249614,0.8398191121953418,225727
track_06587,Classical,91.19042019501984,0.13518451865417772,0.3654199639049759,-28.250664606727703,0.07924574361151496,0.8783933996434807,0.9164394602308187,0.38172204485967454,0.5462801112343117,304382
track_06588,Country,105.83955094966312,0.6943533718746017,0.42631862134992404,-5.905758429408596,0.07304597859457693,0.6560782527313421,0.10370902683319845,0.2456584163496566,0.6312749187203543,181099
track_06589,Pop,105.67756652538658,0.7964551093271415,0.637726604310341,-7.287842025442508,0.07177425353616304,0.4543232664648753,0.04251641905021102,0.19842218080136628,0.734190200257731,196074
track_06590,Blues,96.9626564317529,0.6319500407177103,0.6097494252800755,-5.9758173729700355,0.09139665872798505,0.49624679471216415,0.1498292132925349,0.2507105429236512,0.5132320281283252,269525
track_06591,EDM,130.04840084820808,0.7596892527147248,0.9697388522792096,-0.4416924525816306,0.043269869023057274,0.06571343040828746,0.0392839667547558,0.22216484164200456,0.777594132806734,286173
track_06592,Metal,164.40998436565985,0.42568525718652683,0.8475163016772541,-5.376296421659676,0.035865616285685416,0.059257580674048294,0.0805310306066096,0.23657552881514804,0.5954750847828454,253310
track_06593,Classical,70.07971821725991,0.21036356180319926,0.28482283857336566,-13.943952102670043,0.05919527909571856,0.9469715216255644,0.9439707599751657,0.37698803884416476,0.2988388350972376,458400
track_06594,Pop,117.34519195880887,0.7894742811172357,0.6102526374758426,-5.106835095414592,0.08855058663779036,0.1746789313226555,0.04667392882870264,0.11673822438138848,0.5206094320526671,227412
track_06595,EDM,126.29862899351441,0.9438486843816383,0.9950933484082092,-4.375108279061976,0.04917888321057469,0.01067345652113292,0.10732718088803384,0.11433374335547922,0.5643133957855341,213751
track_06596,Classical,81.16015584975264,0.16594790644099636,0.3024273489220434,-12.379785026214126,0.05591352637224821,0.9894883957118981,0.9601517190722048,0.49246276803449757,0.4894921783260749,452249
track_06597,Classical,61.79170831116516,0.12217961360984692,0.38133599145571895,-27.37995736999676,0.035770200101655755,0.8670327964813831,0.9624627964043941,0.43023927294893227,0.4418703967856795,527734
track_06598,Rock,132.9816783890978,0.6207140581357276,0.7219692453647663,-6.141995093296124,0.07024202263333815,0.3914407711450376,0.13434039260467928,0.13083596173862294,0.6552978377469789,220770
track_06599,Jazz,114.58004841314082,0.6354365519427772,0.33358654424087203,-12.258476708789384,0.08448138508580932,0.8757860223182834,0.8168760142331363,0.3399315137551191,0.6427063786078344,256384
track_06600,Classical,57.94798966313343,0.13563112913458414,0.3541996413899299,-17.62896056839059,0.03219880774733395,0.8113000245765196,0.9981962135110117,0.3331894509104584,0.30703313722165343,305005
track_06601,Hip-Hop,84.67202332475564,0.9132262817213086,0.662545802112118,-5.790836961154989,0.539183757531205,0.19931894480261453,0.002870482755570636,0.15006096361810958,0.550959854161585,299653
track_06602,Jazz,95.47420815663342,0.5947851567280009,0.41215271567030454,-19.841204672108013,0.09723528214994658,0.8861723526994658,0.9086704378821422,0.20894316703505156,0.603604857982363,413065
track_06603,Pop,122.8116386051864,0.7276024235450465,0.650981519756262,-5.15363595049932,0.11807902129466089,0.13012237551275094,0.00017361190305506535,0.10718281869535423,0.8325393491367632,218424
track_06604,Pop,118.44121961286628,0.8944591052266383,0.7864564121711324,-6.905987172913133,0.06553282531323303,0.2833381170741201,0.0037992079032762582,0.23061231644896432,0.6986404997810259,233094
track_06605,Pop,105.47022493316702,0.7195932117407334,0.7087276284928336,-4.652558273617775,0.09602747123379307,0.3195497921438787,0.0015722993367845385,0.13230021296894107,0.5641076690776572,208353
track_06606,Pop,116.47773603069206,0.65038465910042,0.8280267100902241,-5.992056936961436,0.10624066828795234,0.15413203295348402,0.014741860164191834,0.10221404989641361,0.8959530951129229,258541
track_06607,Hip-Hop,84.92806067203271,0.7959755644091704,0.8059735475178654,-5.064858009804519,0.39048906878299205,0.2731076233055564,0.0959053622655775,0.260381529712462,0.7322963983960836,154580
track_06608,EDM,119.6477384589046,0.9135875739188366,0.9922718214226217,-3.8187061988775666,0.06607884279665785,0.18124876134467935,0.18791158257236923,0.20139762733018027,0.8098764408814382,186990
track_06609,Reggae,91.91631348024474,0.686937031574834,0.5696325407795678,-6.4060962465751565,0.04897335316108922,0.5521356694748405,0.12215078349943423,0.16072277890464834,0.6287717423149293,287816
track_06610,Classical,57.37963517305146,0.13201008144845502,0.1609290354244831,-14.34057963277063,0.04646380597366678,0.8868182860651742,0.9524857402720421,0.22673369773960506,0.5948709236648344,529776
track_06611,Pop,112.33579923653826,0.7851970721770745,0.7480275087304913,-6.4502974117379495,0.07384139855460684,0.31030784325418603,0.04395891935446569,0.12184283264810288,0.7039290169832633,248973
track_06612,Jazz,118.13156517695167,0.67292673405662,0.46330364893216935,-9.576124127287397,0.09476009478476773,0.6512034292725469,0.8076099813515654,0.26797273116783177,0.5607418383986593,258027
track_06613,Jazz,94.98595017571122,0.5096745095449868,0.3997749275812301,-15.96552900972546,0.06281658136193022,0.7526441846914667,0.8429076403952368,0.4435767179344282,0.42325802403092383,363577
track_06614,Classical,68.77658254335405,0.20088975804585563,0.11438030387683812,-27.763794130716416,0.06818527927537628,0.8987418923734587,0.9066535382002912,0.332114877189713,0.3593057476040288,474934
track_06615,EDM,130.78509044774356,0.9373974818876019,0.9558601199717882,-1.8034170126370155,0.05716694486660985,0.086525162402124,0.12111762586308544,0.29736670503220053,0.8425548978684259,211284
track_06616,Blues,82.30008014516358,0.7269101585741586,0.5603510429720093,-11.121811179044242,0.08989870001354222,0.4894959630336091,0.07945546521143441,0.2857029279834956,0.7129272165500489,200403
track_06617,Blues,83.35759008811576,0.6700062267230471,0.6137738518095845,-6.439774775751624,0.0811378532935017,0.6259613355488447,0.07297736521624214,0.26516688308760894,0.7848959544497007,187706
track_06618,Reggae,87.63760944237146,0.6516096110920566,0.7777424016391415,-6.994028108959465,0.04383917815521654,0.5320109362392416,0.005705331883262233,0.14530480594084857,0.5212858667571548,295445
track_06619,EDM,119.03172224383948,0.7278527898872054,0.8620005220966418,-4.046752270966677,0.031586467222294155,0.07596694308436136,0.20422287448417437,0.12264889984322745,0.7340545008646213,208424
track_06620,Classical,76.93414381951207,0.1231458709662881,0.12377256622662583,-23.82339429709216,0.06002384266210045,0.8576788715191169,0.9812264952633165,0.314087193554372,0.4524774339204432,423139
track_06621,Blues,91.63167111839213,0.6648092560676769,0.5555074932664329,-7.115877012108468,0.09979241465701205,0.6277314594507096,0.06555824041399534,0.1383652860901296,0.7452927846639219,253502
track_06622,Blues,93.97400339276233,0.6050452092065954,0.651784241294499,-8.682904521788059,0.0801851497004594,0.42541810501669,0.005973071843842837,0.24471392096950978,0.7826634784046844,209862
track_06623,Blues,82.39344603831262,0.6258487858861707,0.7430251349524623,-7.169361247462351,0.07728167255362262,0.4113436284364387,0.08042118124173203,0.12945314446584077,0.7263243687312106,251153
track_06624,Metal,162.083620150779,0.5322834961180686,0.8186146639599778,-3.1675643941673153,0.054303469860495515,0.1709373753116202,0.037429794567934604,0.1697426278601176,0.3451414382517223,228564
track_06625,Hip-Hop,88.34747940918817,0.7957427522992692,0.7666869970262129,-3.6523986256707044,0.582958059397348,0.23170450964006692,0.031507376572504776,0.23436600942319755,0.866489574319337,204334
track_06626,Classical,84.15565332183593,0.11911803626447426,0.29235175161304966,-17.900543097866887,0.028065952455363398,0.8479126872704283,0.9671919455385849,0.49209690721427574,0.2695121406117548,415913
track_06627,Country,79.06991862226053,0.7285510493265114,0.6811735832030058,-9.020090889753744,0.07944212283873382,0.6322144440901775,0.1846522048589995,0.11462729290552871,0.7795753036476911,267437
track_06628,Rock,136.58614158686171,0.7111470919658502,0.9743101771806222,-6.93573266599126,0.04439436730184318,0.3786929892593487,0.13123130558837515,0.24924193019366633,0.7417718017612681,288651
track_06629,Rock,123.12404393162828,0.7098700403232748,0.9572843929152188,-6.096866699726572,0.05624319215957435,0.27392460015527687,0.17567432830960925,0.2892711144564326,0.712311554987177,252179
track_06630,EDM,131.58216316843195,0.8696170998922147,0.9683694544309793,-4.004145755806541,0.03986817912129819,0.16465708724502032,0.04450305197237938,0.15223538851567295,0.7930774343644638,270611
track_06631,Classical,68.6275457900858,0.15627952582772384,0.13060775578451572,-13.029936599782367,0.07696177641332196,0.978858083027762,0.9759950915849839,0.3296860412481397,0.323198254436083,394379
track_06632,Classical,75.62632152786108,0.27074608766967523,0.23789412977889077,-25.253946962189886,0.026075373284047035,0.8562133523655592,0.9563539885834695,0.251012759177661,0.21590445357262436,338554
track_06633,Rock,130.44476710013004,0.6362400231844428,0.9298211412196009,-3.273512012967725,0.061474132477504245,0.3827196638562358,0.06851268607153778,0.32648353197908686,0.6725384194017859,208540
track_06634,Reggae,80.84390726337938,0.6493586446716216,0.6142052007491648,-9.722119774583309,0.05224406094187203,0.6914016329842448,0.026312023507866034,0.2132839294690678,0.7396021856274001,202664
track_06635,Rock,116.8299935207692,0.6971405107465436,0.8337066360958241,-4.574844317545422,0.11563056984042674,0.3241844192847117,0.24865464109533122,0.3502667244643497,0.7118209522013701,217006
track_06636,Classical,76.38309240978849,0.11632658038020632,0.37513413210166124,-18.01995266321912,0.048754725483532727,0.8259332358587012,0.9777440776035773,0.22262248884588054,0.5940367176183448,372247
track_06637,Blues,100.1236878304336,0.6177845194989156,0.6465601044634571,-6.263035615069768,0.04469176980279901,0.38681487003041415,0.15546021930107704,0.19168192584316557,0.6994868244278568,190989
track_06638,Reggae,88.28957535376044,0.6290912192093473,0.6405658034105899,-8.06183039852458,0.07689917687973408,0.639107359526936,0.09527322788425895,0.16344629683023415,0.7407176839199814,282511
track_06639,Pop,113.60038275386943,0.8861076754597816,0.7452870314756056,-5.382796243707241,0.0543260531014743,0.21093621883991767,0.00015255514616637769,0.2750011469516417,0.7579418710434893,249559
track_06640,Country,86.91648968467024,0.5181241805916144,0.5520258228735968,-6.6419603165848615,0.06490143832652695,0.6937568982125963,0.09154444358489906,0.2090538596849238,0.5930511168736095,221104
track_06641,Metal,178.39040534826637,0.4989843144753956,0.8423432049866266,-1.7694330654391779,0.03610250775684244,0.18431902703363945,0.04321437565150983,0.29094885729648656,0.5393890389440035,282082
track_06642,Hip-Hop,87.00082519660043,0.7653217884905685,0.808314348946205,-6.387824777631966,0.4103907704184355,0.08702806127138982,0.09674688399832754,0.19742452655902593,0.5535401018857102,298449
track_06643,Pop,123.39375285292965,0.7078265330691609,0.6416206019940662,-6.458222416348844,0.07884209755936368,0.35205437117513394,0.02047367122927647,0.27940822491410977,0.6604849578915948,212445
track_06644,Jazz,126.94744490157642,0.5904097078331066,0.5616207215156397,-7.549477355652003,0.0682030110967488,0.6629491231787603,0.8133471287864563,0.3697399158837098,0.4638451732045306,354120
track_06645,Rock,142.04099478665785,0.6212346628964842,0.744027126566824,-5.295740369419582,0.1281788841539583,0.23832823463003774,0.13390660436834886,0.3265837297158911,0.600047445206083,224911
track_06646,Country,112.93672945759005,0.513529104915875,0.657289185165286,-8.427576134006856,0.041843623643338296,0.4096880522409658,0.1668146198086544,0.11202305817514478,0.7863291247452171,277424
track_06647,Rock,142.29702852346645,0.7829507335111898,0.7308851356948726,-8.718507575812305,0.11127340111421147,0.28964227550182353,0.08953006663629368,0.38096709085165537,0.5546464305150985,292960
track_06648,Rock,134.38671544159962,0.6245555881587733,0.7922825557626718,-7.01610663462959,0.14875523019857753,0.20902443092375164,0.19965292606516638,0.19588192999434367,0.5866590942755775,193944
track_06649,Pop,111.99444237470436,0.73808262425844,0.6769889997781156,-4.035406072727523,0.06006692352228083,0.15795900800888685,0.03707997667446718,0.29742916503497274,0.6560020502253858,190789
track_06650,Blues,90.81971139412558,0.6117424553604478,0.7344783715682722,-6.869928297347739,0.0425916128202856,0.6762151481426003,0.12690964721069478,0.13350680172199572,0.5369291583111616,275836
track_06651,Blues,86.26639830117436,0.737834659141976,0.5446721861021389,-11.950373237621607,0.08637106979287548,0.5397924101904505,0.13457945502672988,0.10441799574204425,0.6135965608148194,268295
track_06652,Metal,149.63306413065246,0.31328257999829295,0.9740223241516629,-1.9296715897864702,0.0647340576004157,0.09990640233776421,0.029025355575278522,0.12044663825907165,0.571612898247913,242361
track_06653,Reggae,88.84308668108677,0.73189784026899,0.7748516587861877,-5.58759577006986,0.07386511616216207,0.5893996554347953,0.07881274989624437,0.11442517693422485,0.6586261190280488,241816
track_06654,Rock,142.53063921099707,0.7307526262260359,0.7107172224831322,-8.026482350038544,0.14019531722211376,0.19010519467460496,0.04556984266404248,0.3272036189273148,0.4191376762121428,265032
track_06655,EDM,123.69011388344445,0.8976638887990633,0.8010806982162628,-0.7745871109049354,0.05009205407695519,0.08691934816650163,0.036269680617708355,0.2168413357023121,0.5356045451588034,296360
track_06656,Blues,91.7467723568293,0.6668393243883293,0.6008852373939958,-6.460388207746526,0.060492901444357344,0.6043627427815128,0.036248402801814385,0.2057976674860077,0.7305534408493167,218507
track_06657,Classical,59.43094751262492,0.12712261154362037,0.13036750625762966,-27.0691339682347,0.07401155347052464,0.9369905070034006,0.9671960894716188,0.24377041091301008,0.407783866040126,329517
track_06658,Country,98.21528572343833,0.5028242567322798,0.5751273347513475,-8.079216043839267,0.07923213445299496,0.5363263858686966,0.153299511849068,0.26261304693503984,0.6971703215032174,196566
track_06659,EDM,129.88650134166633,0.7033733183789612,0.8289705418354334,-3.6547957573704855,0.04721603486580113,0.055213852754148966,0.1384083916586408,0.256761552244212,0.8891834755402062,192468
track_06660,Pop,121.40554517861578,0.8610422117242201,0.6859308351822337,-7.315709623156693,0.10830851603487499,0.40866875584992324,0.011810031148161027,0.20771620492226747,0.8975281655655325,185744
track_06661,Pop,116.19839830432322,0.8542834199076712,0.6741407794470141,-3.4126817483831005,0.09143223771418468,0.30386623522016076,0.041783088224528496,0.27789887570995103,0.7804996267590678,230984
track_06662,Metal,163.4913428678922,0.3158008722898501,0.8973548320258496,-2.9473952969435855,0.06938157183485427,0.025722236778314977,0.1649172299052421,0.11858517438744126,0.449807839963756,266477
track_06663,Metal,146.29897676308065,0.5005356936616765,0.959752247480881,-3.9565324462533034,0.030779236921166797,0.17305068663279885,0.10980142165520052,0.1629582875472275,0.49013881356834077,251651
track_06664,Reggae,93.88130508519323,0.6800898196510474,0.6026929869794879,-6.711474560150439,0.05157417929334557,0.5669106988355832,0.18050626680652404,0.26768491702878144,0.601832403026773,297324
track_06665,Classical,68.44736162695376,0.2326450773139688,0.2034133532164235,-26.167050076905547,0.026513867350678934,0.8392052724091795,0.923746683243455,0.4387476556634424,0.5135277783130744,426447
track_06666,Country,99.48233012258973,0.6188602830345282,0.6927777273606133,-6.392986778555504,0.08909807367628192,0.43118678489537643,0.08742936755203068,0.10446811897737183,0.5744942134466325,212112
track_06667,Classical,76.37384153960312,0.2116328028469721,0.20150047034433793,-25.187348648649838,0.02842029811929131,0.9456403581892522,0.9776978818096831,0.3075935553315162,0.20241647641619906,458174
track_06668,Jazz,131.0970607352681,0.5311267966468006,0.5923773143169957,-9.839606450985992,0.04744080978349235,0.6634761039926464,0.8971150632334088,0.3947758435085899,0.3927941702843668,403266
track_06669,Metal,158.48318393194836,0.3135550176543067,0.8354183565106701,-3.961760801449433,0.03148907169387576,0.04537376464455432,0.008135928425129847,0.27514803903087504,0.566997146285968,354083
track_06670,Reggae,88.8392317015002,0.6579027199663339,0.6632125946786457,-11.852432303353048,0.04385688949019939,0.6422957340782447,0.10446394747932614,0.28710622188458085,0.5009826828073721,263048
track_06671,Hip-Hop,84.15686148836772,0.928449586598002,0.8359751877694193,-4.97622402101196,0.4435572005615197,0.24335412790371505,0.08037063723219055,0.15538896194424803,0.7698547439312808,209181
track_06672,Rock,157.01358039427487,0.5386444937946301,0.8072147180182775,-5.941672475055125,0.05490613628602842,0.22413258610197406,0.09243118712969868,0.14631009230109937,0.6535369945659151,224452
track_06673,Rock,156.02833287487115,0.538870508059546,0.9459837427117782,-9.813804006792738,0.09939610344613521,0.16760799983856078,0.20024067575846785,0.25762956814121984,0.7999008923829662,256690
track_06674,Hip-Hop,81.16504796905268,0.7775769843470914,0.8378916901241595,-2.4715183384204487,0.41976435347376795,0.18930311818960263,0.04725636922973228,0.15593780377626995,0.8471060604186804,255522
track_06675,Blues,92.75503007310252,0.6188348622382106,0.6513277221386625,-6.434380603809191,0.09427012727742268,0.5239353184142975,0.030636280100628712,0.2881714837661179,0.7247776537450863,222783
track_06676,Classical,67.25663051972988,0.18649518382099378,0.3379906111532074,-14.06841260322464,0.027282015432869074,0.9132499636838252,0.9999130875836406,0.31463889001890877,0.23822043953937808,496296
track_06677,Hip-Hop,83.75162845072481,0.9298719031160244,0.895482906255276,-3.4711798614724403,0.3022311178688821,0.07200603526996315,0.026733341374587327,0.20855091767790013,0.5633574811937865,174402
track_06678,Reggae,92.08265785594409,0.683100444341239,0.6384047686919987,-10.714681443985777,0.06256633782179545,0.5116491352543829,0.04591792340928216,0.10522797132965028,0.577336527686282,256522
track_06679,Country,116.26093558028985,0.6125892264242186,0.6703165523857104,-8.340887905608891,0.08367647960997418,0.44902600393597764,0.17652888831588187,0.10568817949395784,0.63723083685599,283741
track_06680,Hip-Hop,85.25799358310452,0.7301665470447217,0.7506999547204376,-3.6900419925609826,0.35866080268108014,0.16434070797717984,0.09164342153381357,0.20254791051569565,0.6922854013087272,219804
track_06681,Reggae,90.45219964192916,0.6163728659370593,0.5061980802339568,-6.659667911814355,0.09138104992248894,0.39594583946690887,0.048155980830740665,0.29082042084750415,0.6968561410001892,229704
track_06682,Metal,168.9894896475549,0.40217032458317337,0.8154434470987858,-1.3394335649470168,0.03952285841385632,0.18174193822001442,0.04509445835054196,0.11410538148338033,0.32507708869705504,208476
track_06683,EDM,133.8818380018233,0.7616231978941969,0.941654918843867,-2.1697499716376845,0.046147317200419036,0.01042617051410817,0.0993791387544851,0.17048950157650122,0.8164653460936276,263020
track_06684,Pop,136.24486702517635,0.8508558353754554,0.6616551353609745,-4.649448702558702,0.09226251298056547,0.1448118752867973,0.006815511792927742,0.299977346424536,0.634200521476641,225712
track_06685,Pop,111.59464003990983,0.7487732507567455,0.720360152118777,-5.805566738419145,0.07108511982890506,0.2903232247642933,0.02583033642450513,0.21993923329492115,0.6509460669116767,187557
track_06686,Jazz,123.28004357822465,0.40503546149769126,0.35760525292542034,-5.837861209967713,0.09095501652297558,0.5976988356423094,0.9932499100339299,0.24766395500166344,0.6969257941227542,281210
track_06687,Classical,64.94213713981212,0.13356546802136443,0.27514515314808496,-16.997875187640823,0.05207617881738484,0.9409444315400456,0.9792890765108248,0.2505373477293015,0.4638468982204254,439731
track_06688,Country,101.26957408423178,0.592181483709448,0.46858659778461387,-9.029281786214183,0.08551868725710962,0.46967534836290115,0.07293421137474734,0.28157713558643005,0.7356573070153491,258230
track_06689,EDM,121.65868784007553,0.712435215914825,0.8356828243063525,-4.532924668907662,0.049764062187591246,0.19563950539081573,0.23622072725123153,0.22033801671995035,0.694655307898125,287394
track_06690,EDM,124.1378263671842,0.8497047774047155,0.9402425366318007,-0.8918335069055248,0.06281254903319576,0.11982609025319918,0.07549918737225125,0.16254182871197237,0.766259470858281,239387
track_06691,Metal,172.4198116567033,0.5938563738973364,0.8782549446122083,-1.8791074325862507,0.0499846264115104,0.08518372333334073,0.13164837698612533,0.1512838316377552,0.5978345458578347,214062
track_06692,Hip-Hop,89.0400596516395,0.921469974374119,0.8148184358832703,-3.8664724593177633,0.5022355228228748,0.29289308177982776,0.06336827645847216,0.22985524573917096,0.6813596848588148,283507
track_06693,Classical,60.66734794562687,0.19076168149405442,0.35881508174518617,-14.450323439227365,0.054902051206448324,0.9700845012236619,0.9100270047931909,0.3828253087899852,0.24625654837038252,455308
track_06694,Rock,138.59362108751085,0.5795466094793702,0.9489563912552866,-8.40240633844638,0.09622730954863541,0.24467840350944278,0.12949566337871385,0.11006264445338017,0.6786935437201944,268241
track_06695,EDM,127.74318453030432,0.7476586914062601,0.874035195137621,-0.3550405219435486,0.03461230704497178,0.1784409942057502,0.15892296959085897,0.11401069716187305,0.6599037494851225,283369
track_06696,Reggae,92.78819707670911,0.6201042109359516,0.5691901299784698,-11.85839587756322,0.09310397410896946,0.4778954196957511,0.18503904168494079,0.19361986606701717,0.7586549319078708,200256
track_06697,Rock,131.2253062122764,0.5393982075149268,0.9106478885294692,-4.41929491558966,0.13107523786007866,0.20882084283147437,0.2906563413870801,0.2924849837412639,0.46142531529975495,249200
track_06698,Jazz,117.00242223323357,0.46983981552325305,0.4726146513396666,-13.682840650745055,0.055519154528930706,0.8863930723752584,0.8887596189749516,0.43703126252636326,0.40779626712669037,304081
track_06699,Hip-Hop,84.05477209929718,0.7089357664784852,0.8298769317542349,-5.528306848077957,0.5449181643728778,0.043231502400260836,0.04632531506397112,0.20527768966365278,0.6478492207049696,183908
track_06700,Hip-Hop,91.78384799995979,0.8695872987860667,0.7042209055203519,-6.674008388471628,0.4754911073699608,0.03354065741026683,0.06866989806168523,0.13740108498573708,0.721382144393276,237518
track_06701,Country,84.46665328523167,0.5775973296984285,0.44209632829201506,-5.338206127116027,0.034907841731118695,0.5129303537638757,0.08981935792477669,0.1390412423628002,0.6154464846600011,299911
track_06702,EDM,130.0252905725067,0.7346198272413208,0.8798892775762912,-3.4389468643496186,0.049654669224490126,0.06271650437127795,0.23137143469049207,0.17639510522076873,0.6400528928132332,256881
track_06703,Metal,181.21606157467215,0.3997831089824526,0.996854464297623,-2.3130638650858657,0.04242149497586919,0.047312655918042394,0.15483469869807848,0.17760218410588444,0.3274535865712159,250502
track_06704,Blues,78.23778214962205,0.6875574192612708,0.5138445110947818,-7.950820327192568,0.07482825096313878,0.5726824455562833,0.1470531468357924,0.22912446055449764,0.6014915210434112,279819
track_06705,Blues,90.91321318589569,0.7431766022471077,0.7382090870581666,-10.116668761518811,0.0649912532404194,0.39588333813830995,0.06171637802453942,0.2937016984967746,0.6336962022905104,228057
track_06706,Pop,111.22614318317977,0.771264950472593,0.6086589314872883,-3.963732675009253,0.09965371063988385,0.4999367221674176,0.012787094455102711,0.27355983715548293,0.7441406472468373,182856
track_06707,Reggae,96.87074085469109,0.6039356728546934,0.7494343002872574,-9.083603035460062,0.06818395492199841,0.3731160711634317,0.18749642035494124,0.17967743971727146,0.7528174393008968,294670
track_06708,Rock,130.89932956704035,0.6645030150487803,0.839291545679631,-3.5020822741768107,0.11160436539078494,0.2843829973236765,0.1254732760240824,0.16752378556981973,0.4007280630792178,206917
track_06709,Jazz,113.17064800434785,0.5462156260837447,0.3434386679057618,-8.127022708495604,0.040693679206125204,0.6607967123436542,0.8549954381271792,0.47868434114231695,0.5293808837489643,368753
track_06710,Pop,108.287233072493,0.7056572062038359,0.684789737548213,-7.098153102118921,0.06013940738167984,0.29225417084185296,0.013513052056836217,0.11836857364099772,0.5865914627287426,199913
track_06711,Hip-Hop,70.20444630524484,0.8435706496623465,0.8187760338695713,-6.822589803878402,0.3221095393720447,0.2572260635299237,0.04947812608622332,0.1254714221794765,0.7688292007448398,189055
track_06712,Rock,144.82252910133647,0.5245479125814978,0.7847714890448612,-7.921734985625729,0.1342124241147199,0.19220514891389853,0.23407884729537876,0.27316981721799216,0.43787858038630745,190514
track_06713,Classical,72.75409949605712,0.26333730271771116,0.19492097829285468,-20.35797106090347,0.06941586318703465,0.9663562766717146,0.9375990470117888,0.4466587985680295,0.472959371950075,324455
track_06714,EDM,136.019950019638,0.8024678572448072,0.96355881546571,-2.071622335066539,0.050849528404162125,0.13129678508007592,0.08763571031269407,0.17843249980810946,0.822017618169272,211984
track_06715,Jazz,114.60072514652748,0.41434939996094444,0.3476625601433363,-7.876774456069311,0.09663736998725034,0.9507111205503302,0.8095914387302522,0.41776265285542935,0.6308174683336734,247934
track_06716,Classical,66.75244598987447,0.10544848623101469,0.29086626158418866,-23.6858307212731,0.053131460622408574,0.8244270928414513,0.904427226180625,0.4407156675708822,0.24917546055572248,482499
track_06717,Metal,145.17391290840123,0.3473720982849408,0.9058826378615569,-3.4007671463768543,0.05953847748714852,0.023244731050584,0.1829845994951125,0.24841122463141158,0.3392892300337951,340511
track_06718,EDM,121.84841136392157,0.9372211000723815,0.8237072666273245,-0.038761986792421155,0.0606086442903111,0.013897124874863054,0.203667065211552,0.24062508532847074,0.7517405817855598,230957
track_06719,Rock,138.3626021211377,0.7352010292936824,0.9583826470302529,-9.502734029563522,0.10957266002564246,0.32477816820835714,0.1302065052560832,0.2707975229087629,0.464722342174161,247926
track_06720,EDM,130.15173890354316,0.8777099793919678,0.8160951027312446,-0.56327141313308,0.0556416800582554,0.08233100911645459,0.14573148613598333,0.23963811527955614,0.7923020877455751,259963
track_06721,Pop,129.4361899260927,0.7032240603057999,0.7387868483645553,-5.748231959312088,0.10321390315930071,0.291470282151584,0.028345559892429036,0.26911153958725736,0.7794582150544364,209800
track_06722,Country,103.26235390299895,0.5340289072343922,0.6851401778908796,-5.199304026825734,0.05018562396387964,0.4142795112427918,0.08732924502621844,0.2050145590468474,0.6581220481423864,188980
track_06723,Pop,118.57849597036943,0.8934264022792751,0.613925761686581,-6.000759008820008,0.11395114221317146,0.2869351270401162,0.0435648311711635,0.10353129013407923,0.7017471274676207,244469
track_06724,Metal,163.61643114624164,0.37838486573257357,0.9859316619683134,-5.957613563954247,0.03394637689275918,0.09536492450321653,0.021275921689272725,0.14511946310983764,0.38925750641355666,222079
track_06725,Reggae,93.57892920041553,0.7772029322973606,0.7244212673340236,-7.384841822726947,0.052260463613800205,0.5407305033518466,0.029412553508330143,0.19054382353817217,0.6384571255319548,234500
track_06726,Classical,68.14356916056897,0.17001802449692296,0.2921391404878399,-21.65348380190413,0.039330094328658444,0.9132600752634172,0.9373130533742352,0.2104076554954333,0.36705212006654353,492176
track_06727,Pop,103.76872429891435,0.7251084201600199,0.7290194287540176,-6.853998371017214,0.06391857643204708,0.10792322827714376,0.02927603925522697,0.1400882422112859,0.8512913783311395,252086
track_06728,Country,100.89020546692531,0.6826482853971688,0.4495875928655669,-9.759123941571561,0.0675990242351497,0.4990985012807949,0.008531581344116357,0.27923124846252234,0.5075308027548627,268829
track_06729,Reggae,86.41953347897615,0.6578268951934515,0.6521699928342797,-9.253697268318774,0.04706986857842743,0.5372308571719817,0.042768721876454224,0.1888959562609713,0.5693032069492543,226277
track_06730,Pop,124.40172440303222,0.8092341840371974,0.7345515621593051,-7.126895095180823,0.05963147470775838,0.17745906584451984,0.031346828324771585,0.11120373549895518,0.6856397369567739,189926
track_06731,Hip-Hop,79.45866240264029,0.932100242556249,0.8048867194691636,-3.462465507234721,0.3582489420322681,0.1984734872599483,0.07626643172623186,0.16849122141524725,0.5630770428049898,198332
track_06732,Country,92.40116287027465,0.6439045620355492,0.45476999377166855,-8.425047457372315,0.0737419170432739,0.5840758672255045,0.11094456669635554,0.2536278731974493,0.7443971593708346,286853
track_06733,Classical,69.22094290895674,0.12616913488084391,0.23577189120373465,-14.145277112219116,0.05004773453553574,0.9873648704973946,0.989836167621136,0.3419747526090064,0.23318318230735927,344871
track_06734,Jazz,131.48883969314755,0.5069137190300395,0.5357184177622367,-15.366977164176987,0.059837354072212315,0.7711602827490076,0.7074693399894859,0.25089699889738715,0.6405657218932549,366894
track_06735,Blues,94.6907239657699,0.65920280271983,0.5009199258449338,-8.619841053156561,0.09940056494708144,0.6630149668271412,0.014404557008818554,0.1375567319947057,0.5933683691356435,253670
track_06736,Reggae,93.03641599404868,0.6874723714958346,0.5833280336521667,-11.71909312358826,0.08778590791007647,0.6280560714432015,0.1801427819370038,0.2959773738574816,0.5339728359838184,181161
track_06737,Hip-Hop,89.50283925125763,0.7405780098686061,0.745063801915121,-2.127279558600753,0.3993082166634152,0.14733087468526174,0.06938022067395878,0.18434525564464652,0.7870158473437775,193878
track_06738,Jazz,124.68810777056702,0.5676389826027983,0.5330392294829146,-16.207314321707294,0.07170835048650565,0.683360799832424,0.8134524879042977,0.22824125980393228,0.46275585404141295,242313
track_06739,Rock,127.40108132058788,0.6081551363697211,0.9445403835870261,-8.524995082458599,0.1293745615398748,0.26560346217190484,0.15346984826211213,0.28408599437550563,0.6525665541586726,245475
track_06740,Country,106.58096574841262,0.6044787479591168,0.570182843561506,-8.837699958202608,0.0732772652468409,0.5542889566295003,0.16086505112859112,0.28050872489044265,0.5398383655378745,267413
track_06741,Hip-Hop,87.1610012449363,0.8432168164000403,0.7497943283207886,-6.5153505838296955,0.447447201196004,0.24702249153018246,0.03384347464806572,0.21297649969426485,0.7694222300630815,221373
track_06742,EDM,127.4880900991465,0.7707597949385119,0.8311144107719973,-4.49404286815024,0.03964396938245901,0.003908047430792694,0.2280498832697751,0.12235376152134046,0.8595927179561558,295091
track_06743,Rock,140.020267212565,0.7116901639103835,0.7590789970534095,-9.109391974587748,0.1382906315575877,0.27727975699566865,0.1480052615648993,0.25634501069623317,0.4944810388820342,298848
track_06744,Rock,146.43773605266227,0.7275046226700549,0.9471433434441826,-5.655687767935386,0.030445617071605185,0.33555893122215136,0.12123105251605687,0.3619138823046021,0.6291192330539287,204631
track_06745,Reggae,92.71193278460666,0.6508080699546046,0.7672638398261391,-6.95312307572912,0.09455668784138185,0.4749881547857331,0.02563990284254827,0.2848150723180036,0.6804278091691269,226897
track_06746,Country,114.39280792273074,0.5465004138355432,0.42364691228954426,-8.758058134240967,0.07999852033638605,0.6046783232359649,0.13508420723161574,0.2815379099132831,0.6370613930852179,233747
track_06747,Hip-Hop,88.51103049547869,0.7530086265314382,0.6554153036629183,-5.797158744443298,0.318874609525447,0.21910823566091817,0.06698087251048863,0.27174509886664,0.6720196588422387,224113
track_06748,Metal,167.06123777239037,0.44073008214075005,0.8021370142084395,-4.649227504764587,0.07416887797485454,0.09961375290153085,0.0832766913403818,0.11479556515872558,0.38802271465792615,352409
track_06749,Hip-Hop,76.2887209596204,0.741745392730634,0.8717484841755347,-4.113960163808235,0.3540807741874653,0.16793760437036573,0.03281639383894513,0.12943639396130524,0.5727477789579195,294154
track_06750,Pop,95.37603564640762,0.7693155677798276,0.7974851952630815,-6.760078578983357,0.11410833675689644,0.307445172618806,0.010208634442064308,0.1826561151206782,0.869343708816291,210607
track_06751,Rock,145.6682416144678,0.6722276000245475,0.9243574263839843,-5.042542423658904,0.0876340206260191,0.14555137155942538,0.07991305740068795,0.21291249516198335,0.6346755969608717,252450
track_06752,Classical,76.41147042446767,0.20989911437834083,0.2002441109021355,-19.887569515030883,0.07574861312169376,0.8010611327582916,0.9417124092797604,0.3000916162312602,0.5844924269679352,374215
track_06753,Rock,139.68135758200063,0.7064821896773856,0.7669347629097307,-3.2507061218025974,0.03272439303216254,0.36402776159680406,0.1174495592418899,0.215150629402998,0.5888839018868461,216094
track_06754,Rock,134.64976190421285,0.6884256415065034,0.9635720142760604,-9.805220282642411,0.13763280305385467,0.16403829933495728,0.09448752121352597,0.1220823474186956,0.7660300444292047,229328
track_06755,Blues,93.71082670603298,0.7735875999646913,0.6016607464495896,-9.909288015712985,0.07883688865284502,0.3820713934882439,0.09673708052453865,0.12826873832954186,0.5914264334698556,294513
track_06756,EDM,125.61380638726408,0.8857906872311606,0.8981694642935292,-2.836694944705975,0.06707375615329925,0.06110237103858843,0.11117694541286145,0.23823314801132836,0.8037147323846523,262907
track_06757,Metal,152.8164002412378,0.3424243778306965,0.8559636551090676,-2.26091061021808,0.047202326282588,0.041566979464969595,0.021688807712968307,0.16960082945663718,0.4930227265861057,218550
track_06758,Jazz,98.45151161316817,0.4857704581821986,0.5514352193900911,-12.134589640159586,0.04028179266986487,0.7283763900769625,0.706545125447601,0.3720458246422572,0.5530967123919931,383283
track_06759,Jazz,91.31056360482243,0.403701637188477,0.5079788730956347,-16.056752703915368,0.06367934406418324,0.7143109899231912,0.9561447048142999,0.45542178659017657,0.6104874962408798,301816
track_06760,EDM,126.1838890262394,0.9459604209191027,0.9770219024883495,-2.6233398967183263,0.06530390068842147,0.1344877226656544,0.15737989691730028,0.17412920918357674,0.7723864703745618,244495
track_06761,Rock,128.18203031434211,0.5667863395421432,0.7914082577748964,-8.251969206072872,0.14608586501159027,0.146821242463165,0.20573785548202664,0.25347985701240705,0.41368272360329855,209254
track_06762,Jazz,118.02026920697817,0.44745122551970923,0.4823389086503337,-9.806816884954687,0.0450193451687986,0.5165815917348009,0.7441449554203498,0.4703080104821743,0.5690554140749504,263226
track_06763,Country,105.82376832675557,0.6077099525163074,0.4341554073969251,-7.9830776333278965,0.055721144752351896,0.5360339344161476,0.058606647171475304,0.21053306685556403,0.6819365093794313,246096
track_06764,Metal,148.49789293022727,0.4619247176648511,0.9600981587998698,-1.888798607356712,0.07885074267775177,0.11150956001077933,0.06944309779302625,0.16160554097470625,0.40222247299307134,343625
track_06765,Jazz,95.4030237419972,0.4642739772053789,0.43229514189371737,-14.425873183239897,0.06554746154596147,0.9040418792262996,0.9935945731664564,0.24299946062992595,0.5976388178014425,362690
track_06766,EDM,125.49831358596114,0.9484445355329999,0.9194813797780472,-1.3828425898579528,0.04755743969723832,0.1334824661964684,0.19553409698957733,0.26481817917960604,0.7845358341518798,292122
track_06767,Pop,114.01086133290464,0.8646779122770947,0.7478414840847457,-7.408537214024822,0.11847406284758279,0.3452751775714625,0.005293742530405965,0.21445022811067466,0.7885796445028832,246544
track_06768,Jazz,127.50955217415982,0.42824098247835807,0.5635992921127368,-8.783826764861455,0.05508466325291082,0.9017724704519248,0.8416023844210111,0.4662779335016981,0.3990443731055804,251188
track_06769,Metal,146.71570783400966,0.3280759248653295,0.9375315331397935,-2.7865172287792745,0.04240619595954303,0.07233349463364454,0.09759293589213192,0.109058156717628,0.346439253101785,302764
track_06770,Reggae,84.90811122785678,0.7104178361380934,0.5543518646072007,-8.509161801538415,0.08140175793566051,0.6239086835629714,0.028601361201630617,0.24837577343205522,0.6089558253298157,216101
track_06771,Reggae,84.59649777621563,0.6827545655333433,0.7026253747338759,-9.665955328987797,0.09241935377691764,0.4549704516627538,0.008864748415928636,0.2968417095536777,0.6469168268320775,253216
track_06772,Country,110.9206092061726,0.5587741134672651,0.440666282611053,-6.231504423715909,0.037558854271402646,0.5395517710372114,0.12719086806990018,0.19992614559226457,0.7091207832115946,267620
track_06773,Hip-Hop,82.90732790958398,0.7336652440514982,0.6899810169108105,-2.0500980144282313,0.31628513312174134,0.099274274399282,0.05250559078354751,0.1413800054871513,0.8846423680234068,276266
track_06774,Hip-Hop,83.52392554725591,0.9304197686910014,0.6269447748233359,-7.0254237218077025,0.3415933868579805,0.16750546585221013,0.004593596618444262,0.2873985467756438,0.5247346681144645,215309
track_06775,Jazz,138.25126530091012,0.538296503868604,0.3277833211908449,-11.874527673850533,0.047294778559046444,0.912337244766434,0.8943671742217846,0.3776432408288679,0.30015504801771364,318576
track_06776,Classical,74.6521403912689,0.12606632719764355,0.1550385881457073,-10.276825931752963,0.02537187128849851,0.9483291490299852,0.9094961887718922,0.4198439586328616,0.5557540380788772,444379
track_06777,Pop,119.41324704776694,0.6223950870607776,0.6868866578922959,-4.735359931266531,0.0981242694772969,0.28120718702580133,0.042682371686831144,0.2697938904037531,0.8268271306434183,238003
track_06778,EDM,127.04380659408677,0.8616708766541598,0.9701966866390794,-4.5286373557938955,0.03978346632083101,0.19559600995373205,0.13856261341610562,0.20603928616344203,0.6401085081896895,220399
track_06779,Pop,104.7223831145958,0.8155456117074542,0.6423854896810953,-6.415683831625746,0.055361049715312804,0.4393604625254466,0.036238772609733814,0.18749740064750484,0.6720061064357458,234436
track_06780,Reggae,84.27758991978453,0.6670860348743576,0.6824586811780736,-6.174739902055274,0.06072927804910056,0.3147853055944429,0.00019399351915350138,0.27196628517655086,0.6639578887135402,292237
track_06781,Jazz,102.4501543734533,0.4114730838058424,0.3729604715977678,-5.1366257029614015,0.06506745900585129,0.96253877437812,0.7780774978104069,0.4146172073712361,0.31041726694811045,363189
track_06782,Metal,163.4213903789335,0.43976507412562493,0.9298174653002177,-1.1887949407241258,0.03148510421007115,0.19757446805853535,0.0943623158394414,0.25327677428001805,0.4938858059809549,246415
track_06783,EDM,132.15205122917897,0.8865032664960618,0.93073461919961,-3.8850330255689167,0.05003624166506086,0.03532856209440754,0.07606137859212193,0.29738352982504557,0.7914719767173287,238267
track_06784,Pop,131.00562080732163,0.6249131084160339,0.6446387108082583,-7.0344669463020235,0.10305233508703993,0.4790993954197956,0.04072191124394544,0.29844076728300073,0.5174640552794552,233613
track_06785,Metal,155.4386736384638,0.38522511249198066,0.9692826218488411,-4.892970795765233,0.06730206983158493,0.03822917139889035,0.17513908251979093,0.2678127084482636,0.5362389148039904,249583
track_06786,EDM,132.23332181253252,0.8378627885763332,0.8767285170144814,-2.542392743505348,0.048240218771591084,0.13319833735148973,0.02439826084413489,0.29132478276021284,0.5411388270536744,189170
track_06787,Pop,105.78312622495879,0.6743654663527653,0.7505976949706217,-7.902866863934422,0.05654986679922699,0.1395109756191576,0.03322662127492387,0.16590434752179836,0.6749976749889355,193686
track_06788,Country,88.40623470829497,0.5500107192055016,0.4210590365037713,-7.351460622508118,0.04148512486866114,0.44339714454645945,0.08202641661183596,0.23393023117710657,0.5728555701380349,256652
track_06789,Reggae,93.07119362283247,0.7744987366333855,0.771507301620513,-11.368632451055467,0.08183873476593873,0.5513854752880456,0.042034096708988236,0.124971980216011,0.5855768569939699,218123
track_06790,Rock,163.5434694651413,0.5231260871348871,0.8906875191277502,-3.4066319956368067,0.08477590643186002,0.22478950441357035,0.16216225874694487,0.31586982234710026,0.5435345236597303,214104
track_06791,EDM,129.48203338173747,0.7510535431716424,0.8458116181273158,-0.6181771586318039,0.04456705643515188,0.18425256065210568,0.0326097459399133,0.28633141454959066,0.8658866336632103,266912
track_06792,Reggae,85.79888621825953,0.6025316994761374,0.7629923718508231,-9.449652140141323,0.07861661936776979,0.34895697207196075,0.11429121611784039,0.23569190611328597,0.5472314137328861,244051
track_06793,Blues,84.58928442193638,0.6709629731864721,0.511619858888279,-10.108387161192434,0.07643808757446925,0.6386167874877876,0.18606502749601134,0.2444348103691904,0.7675555516904073,242209
track_06794,Classical,64.58534402020678,0.19164683174745617,0.12516809696726533,-15.250511227430243,0.034399412465638185,0.9477063361744332,0.9865290785690903,0.36091214761690216,0.4825505754437555,321266
track_06795,Jazz,117.36911486114342,0.44147808965172736,0.4265777654237157,-8.771594657351717,0.09134750299710825,0.5405755399190031,0.7731697038816202,0.4885889907771606,0.47278758832324463,359499
track_06796,Blues,97.53004147829732,0.6407414536600579,0.7482728137393616,-6.683595653118464,0.05304857019600291,0.34062703742719885,0.015878880281554642,0.1999323246297458,0.7086687064290127,202358
track_06797,Metal,164.1375867029261,0.3323479677170207,0.8744499111241143,-5.684381920281872,0.051627858452703665,0.12077181372631057,0.12570192003498282,0.2037830691888855,0.5814323732891689,216953
track_06798,EDM,125.1559365381956,0.7959326491863243,0.8503529205814387,-3.382644346738406,0.04440231003330213,0.06256008822004426,0.027092372288655596,0.12956322515625515,0.8984961977135835,197903
track_06799,Jazz,122.56186062547049,0.4478400578293824,0.3897955822567938,-8.917852677560452,0.049815399758911055,0.765841524056759,0.8767525918644138,0.24930736194901218,0.4099125782667101,319923
track_06800,Jazz,113.79144511231398,0.606745422917303,0.5533587626963437,-17.15077699854409,0.09128115332202644,0.9482163007208433,0.818458718806639,0.2799661631226025,0.4602317525425761,416556
track_06801,Blues,97.52735647090613,0.710290790453289,0.647051207335535,-6.2690641023374125,0.05041002760190713,0.5724835646201538,0.1482679478916351,0.2802604020994771,0.7835300607744031,277113
track_06802,Blues,81.74779462131772,0.7528350642824769,0.722357710087095,-7.927550799190589,0.05365931928925426,0.341435066384506,0.07228007600853788,0.18256082712923688,0.7283088249604777,228139
track_06803,Rock,137.64612657503534,0.739987376906817,0.8484160491267189,-9.639235500562235,0.10296908816135586,0.22815975517395692,0.13779095354133417,0.33477627469790633,0.48902980860176115,239741
track_06804,Pop,128.05943416105015,0.7303838326472467,0.6695701859055281,-5.951788703210078,0.11763698447168952,0.10841302602598196,0.007348725135465074,0.10373103351807245,0.7373586635703085,231624
track_06805,EDM,133.63390871203254,0.7243012474191883,0.8730348110986182,-3.110010394311946,0.0444901705556195,0.14549240900301727,0.001322879688533285,0.25599301485254866,0.835616534356675,205970
track_06806,Reggae,89.27875132036066,0.6604647381412342,0.6048883945816137,-7.417673320598458,0.06302901136375585,0.3065876693661314,0.19783117187533733,0.14773139125414106,0.5733088962512376,204008
track_06807,Hip-Hop,85.03551442598867,0.9349354483366921,0.8091601352285418,-4.054529256992619,0.4084453331762705,0.24393121255276579,0.047335323936221946,0.19150415833399045,0.8978037979555551,246496
track_06808,EDM,121.83828640581046,0.9170453104147764,0.9049138939972835,-4.191352623902107,0.06949039902981974,0.13113423934528576,0.044605666161331645,0.24800999559494644,0.6756623476669962,184466
track_06809,EDM,132.2513062149856,0.857464307355208,0.8736366912681952,-1.7267785705561152,0.035142009249713835,0.09776360798502091,0.17191746925002366,0.28134999740329125,0.8678877324313188,200991
track_06810,EDM,131.30052977382013,0.7216006927786043,0.8874549296444517,-2.989600727839454,0.037353836624524045,0.00869177763570741,0.20762852649460128,0.13957056501924903,0.8914233746098832,272033
track_06811,Jazz,105.48854848565037,0.5185359363671262,0.42766688504071876,-13.22243219713018,0.08265216231419488,0.5405982088230641,0.7804726962027287,0.3923389320999996,0.6774262226477311,278328
track_06812,Metal,161.22751793425545,0.4183688317612546,0.9252590775019018,-5.837249521765697,0.03471122859873133,0.19163916673815465,0.13570648414962944,0.23939949198283483,0.33075101750814706,346505
track_06813,Jazz,118.76582149291983,0.4067149934101796,0.5409049289768362,-13.336749686965337,0.08792116800301585,0.5224082352327313,0.9922439505382574,0.40131138643017705,0.31919847249957756,274804
track_06814,Metal,165.4538222140854,0.5248382618889248,0.8846922635681916,-4.566913734227438,0.078050271106472,0.15174446841914346,0.16552969661944153,0.16257774350715398,0.40438512351642864,243325
track_06815,Blues,88.99030192492418,0.666915914025147,0.6611541968646549,-8.865495470224376,0.09152787273597457,0.33267842745688936,0.13174987056224371,0.2394380374322528,0.7640338287498857,235506
track_06816,Hip-Hop,88.25561950533914,0.7256679436098883,0.8905405140516778,-5.595763963836801,0.55446015485595,0.013814259674020756,0.0359346525844955,0.21887746639239386,0.7096375755985204,158223
track_06817,Jazz,124.70874064889802,0.49303464366702177,0.5908015582631306,-6.213968644626682,0.07780217859158614,0.7549890119369624,0.8549260501601833,0.42055972518966844,0.49336985253565746,291710
track_06818,Metal,164.64978199289567,0.3464203090455316,0.8657619703384825,-5.9111997463376085,0.0791131411807373,0.16129309856870055,0.1857617117745228,0.10882612743822283,0.45010409882209784,205835
track_06819,Jazz,137.01408723118334,0.66778935861205,0.5831156242062132,-15.572899397915906,0.0951476447047894,0.608270174800118,0.7433125510874717,0.3664526480121556,0.6710626571290687,262951
track_06820,Classical,79.30686606292792,0.11438074339631804,0.39255053701663345,-23.929766007449718,0.07161866657611077,0.9108623557908916,0.9912590529424552,0.32798567948474017,0.5399215858556101,586550
track_06821,Jazz,132.30768545887247,0.6773763687803618,0.3820932591785606,-16.252496855719208,0.08293972309486505,0.5045701722639058,0.9502676809498039,0.3137846194624737,0.6606716496673884,255561
track_06822,Hip-Hop,78.65478910356461,0.7672176830335182,0.7898790236663815,-3.7043727324523994,0.4511234237564443,0.18568839516141009,0.056074612604635754,0.10091561022285755,0.8366807695272676,210125
track_06823,Hip-Hop,80.37579814632966,0.865578486394316,0.6976763292825766,-7.5730869565462235,0.3136058454098633,0.07114252527720377,0.06672647563087203,0.2436442996350578,0.5513721664384248,206224
track_06824,Metal,157.86825859428245,0.37799823938286364,0.8406597643453871,-5.721298197175895,0.061633058455490365,0.049100058638179234,0.017743447579198747,0.17090247265467645,0.34454059542414156,256225
track_06825,Metal,150.6033788406662,0.4698523065372652,0.9590133128324614,-1.2526247520757856,0.06468371270856374,0.06717462304761508,0.09886923156822053,0.2522401171768439,0.5363797271003224,332008
track_06826,Blues,87.41021417466861,0.6870554545726473,0.7526804349587188,-8.29597925769689,0.056962128433878476,0.5717233306912826,0.09455286032707806,0.27804461375813105,0.6115534005058856,229337
track_06827,Hip-Hop,85.85108089740689,0.9096784204699228,0.6617273477319028,-7.595458201334962,0.5372872561144908,0.19213390631727773,0.08035040258966537,0.21331935202943017,0.67141515732335,167103
track_06828,Hip-Hop,83.49024079722676,0.8283980548008526,0.6872005561260497,-3.8129997592783837,0.5015581637475622,0.17711720759027416,0.06273138366079091,0.27973060316651677,0.8280207431744009,160289
track_06829,Rock,135.69007626908208,0.6687867734172859,0.9159939545003248,-3.6803734198300004,0.04902571598062538,0.2734850544746472,0.16640799830070993,0.2375421595960345,0.6778330589297596,287088
track_06830,EDM,122.90454386356811,0.7214873972352434,0.8798504500140711,-3.8314621575075316,0.05298606085101783,0.17870380156667479,0.05918170576997431,0.23526093903586257,0.5372375631555159,266820
track_06831,Country,110.92772031402964,0.5275280880928526,0.6138589854677642,-9.540176511276416,0.03390781709951803,0.4976043794505398,0.004633926928902343,0.13192504518870612,0.7178380227898347,289801
track_06832,Jazz,137.10502616182967,0.5996084016103775,0.38599047397814135,-12.670559941172963,0.08025536669398606,0.5000875746433024,0.7824219742124485,0.31389137322846034,0.6723412196695373,254536
track_06833,Pop,123.2614401787874,0.8475500183958292,0.619000095189334,-5.244378664553963,0.08013977674292375,0.23611212283898106,0.01740656103213789,0.28606815091715765,0.6072450089213307,240723
track_06834,Blues,74.99933353393558,0.6985604695477929,0.715959134448177,-8.367094088055797,0.0772739643414661,0.4595323422578658,0.1437233273522873,0.19317036014504818,0.5668139342128805,202205
track_06835,EDM,125.84255747824005,0.8746639209276944,0.8199322584398033,-1.3230913926529109,0.03589224788462887,0.03176163641092742,0.24945946153825727,0.1581838661366206,0.5689544839817877,298118
track_06836,Country,106.5937115428754,0.6978402008765539,0.6968542129779363,-8.867119632303195,0.03355131013235579,0.5388964117273658,0.057479222199011075,0.23335030746165375,0.6482775076149733,223092
track_06837,Rock,116.44235423807243,0.5017584656479679,0.7767773957259287,-7.000610971653086,0.07529117018325551,0.2316873550251509,0.007094600256533723,0.2593727491591754,0.5005384984351267,295658
track_06838,Pop,125.05018899876993,0.6883957450533278,0.6730005257355184,-3.127496108488468,0.07850246000129052,0.3267887738016221,0.00990654803774952,0.10254166793755753,0.6357077660730337,204990
track_06839,Metal,170.73953055023802,0.5581990932424703,0.8231246084699542,-5.586036938893031,0.06938427016394277,0.08715026780650997,0.18942334533433314,0.28869694129038637,0.34249563171690245,186953
track_06840,Hip-Hop,89.05130096679348,0.8958094128726186,0.6084156015591548,-2.41691801659569,0.51439088313496,0.2438362599170508,0.06457456144715,0.20582463456149463,0.7578711909301141,260225
track_06841,Classical,80.40679908321168,0.24378799895591277,0.21514480246648252,-24.694408021984415,0.02341593904247619,0.988315072064799,0.9118280272659816,0.25347324834335433,0.2100003204257046,426941
track_06842,Blues,96.38264091725645,0.6774059397263035,0.7725245133018048,-8.27813923610837,0.06901054649004842,0.4348783787862378,0.026846334606367563,0.1019215291130652,0.7030672276418071,207483
track_06843,Reggae,87.11523361652358,0.6990319372140158,0.5578854073063748,-10.406696420010967,0.0780659080655681,0.5059341410890806,0.024138654910198554,0.13073562221984963,0.5058303180873973,286817
track_06844,Hip-Hop,83.05323203927583,0.836500455229195,0.7222363824986666,-2.2528703772374143,0.42478221895232965,0.11109313757785241,0.05868034868844155,0.20555012700251635,0.6808511291519325,262289
track_06845,Classical,68.92984500097974,0.1292632464324813,0.3395924118983829,-25.200566197115432,0.050972456468195926,0.951239430440518,0.9677074450681834,0.26137687205560456,0.23082873867574968,379330
track_06846,Country,98.25065815023497,0.7470172822885098,0.5337177210447871,-6.767266137033073,0.04803078194642424,0.5017442379831167,0.13091760587376633,0.16834537506100006,0.7155643790688478,183519
track_06847,Metal,164.00984645097003,0.4733727430077651,0.9200751320273186,-2.0792046811352645,0.04126927034377688,0.13630642231879514,0.11054113253631173,0.19902155050366938,0.4622719661174378,294482
track_06848,Pop,130.14725262743582,0.6111241915449919,0.7897909901863709,-3.4191323828680478,0.08365338063471711,0.43516072181278376,0.02776282167359503,0.2860604443309625,0.7033670080283041,224904
track_06849,Country,102.7585955351328,0.59950268369692,0.6525734635780316,-9.945697163672266,0.08598230412984093,0.6064120488127673,0.07593561995236403,0.2583171655842917,0.5379985637847492,228604
track_06850,Hip-Hop,86.70012289087198,0.8549742790564522,0.745551560553222,-4.148116910601928,0.5109422666525885,0.2774433055962585,0.08007634933542719,0.17160652075404098,0.672856604876879,280414
track_06851,Hip-Hop,90.21622972847706,0.854895984919968,0.821240003654613,-5.211006889319471,0.3502858019211185,0.03272862652650029,0.0682330415191033,0.17529523855227724,0.7269931259677092,221386
track_06852,Pop,114.50991117260897,0.6927293251152672,0.8348875208006432,-6.203967574443579,0.06290554131799653,0.364627291009859,0.044982391199741796,0.10689887080277803,0.7673676274624965,191516
track_06853,Reggae,83.37326446283156,0.7812182739721831,0.7658066580775427,-7.766394758007967,0.04096481820911873,0.6786306874525305,0.09348245043576763,0.19778825596212052,0.7318852949284028,196621
track_06854,Classical,63.64804396014326,0.12428085126089201,0.1316082894522758,-24.957274966593104,0.024234804594864375,0.9665958863250327,0.9039456196097415,0.48379373694335126,0.24444727682574446,560304
track_06855,Country,90.61413152995692,0.5184842554242901,0.4235688091749539,-4.826071792489214,0.04615106605672685,0.43260645445714413,0.07051759877427025,0.2427088211916428,0.6018893166898803,244105
track_06856,Metal,151.13404176924612,0.5789616074146309,0.8655992314535381,-5.449782241468375,0.06941393941269033,0.16255881756447046,0.005222135887282775,0.12522614099803936,0.5496608364457909,263913
track_06857,Hip-Hop,88.57239409542824,0.9122998345150035,0.758794729987605,-7.881817838173271,0.5681145069613645,0.1148295678071927,0.003968053418809336,0.263762449169931,0.6672276489420617,165271
track_06858,Country,93.44099419660446,0.6161422328235874,0.46552873687701574,-6.0136792887842025,0.055185277138423514,0.6544489766146496,0.09165387744272027,0.20730295074960664,0.7666988775005552,269971
track_06859,Reggae,89.9646959127839,0.7409869993587842,0.7718905802055045,-6.53764138232278,0.05533766912144324,0.39732176317197165,0.0713173331849258,0.12210804014183173,0.7008719736185615,200122
track_06860,Country,97.84857939097643,0.5493867744544603,0.45000760450968214,-5.906273819356446,0.04170548246415644,0.5539106936244955,0.05250408320873878,0.10633264586079294,0.5201327809058842,189022
track_06861,Pop,109.71788259395883,0.785279765480086,0.7715705432764559,-4.426740618682333,0.11085984028456819,0.4639964672941046,0.03034142066222503,0.2788328470772141,0.8058486881345366,193122
track_06862,Metal,179.81325046626202,0.5418020345491654,0.9299752095142353,-2.215472909748806,0.06524714548005482,0.19358502602998656,0.15369494432872907,0.1765106616265055,0.3869351866053388,184529
track_06863,Rock,129.1725103523833,0.5280240378464898,0.9334261197786442,-8.474844102282905,0.08291244995109531,0.2592577200143116,0.2056326953808662,0.2462314216759859,0.6778133064603958,233095
track_06864,Pop,125.66424258274594,0.603826914831387,0.6696900697415744,-7.704597298268745,0.06940442680224776,0.3472074194710696,0.035457589318993316,0.22245727998498083,0.7217638097855745,209068
track_06865,Country,114.28511608445946,0.6900388092034142,0.48306112510763977,-9.424352016940732,0.08956706116863983,0.4506759382089391,0.00623650791510646,0.1804652990659003,0.5762448286322879,284383
track_06866,Rock,135.9044830385967,0.5688919890798187,0.937190959042005,-4.766674917310782,0.0798086679396536,0.25665789890321733,0.0685849520604583,0.31077744252880096,0.7917066435454184,262767
track_06867,Hip-Hop,85.39418879834068,0.7470125160665727,0.774979783280253,-2.429004399649391,0.41332823402009067,0.04132103920723734,0.06936901845373475,0.23125378748261866,0.5005552966038911,274252
track_06868,Rock,145.6289748318506,0.6882905289398442,0.7979813483261285,-5.563856661150819,0.13257153150942932,0.24899296184185088,0.16251115359004853,0.35151601754007145,0.448741074022235,234367
track_06869,Reggae,85.92924711309372,0.6391458100194354,0.5144809036691267,-5.099440334118241,0.09253425925227686,0.5211832054387621,0.08605472913057224,0.14748799052572978,0.6784948393050302,264349
track_06870,Jazz,128.1632323243987,0.5398557194080564,0.30520314128645387,-7.832472655694309,0.08758618944870211,0.8473435532857354,0.806819386978545,0.312089136592832,0.49840358578017163,342391
track_06871,Reggae,87.30196218056362,0.7298424263757859,0.6530988052931961,-6.051034969175208,0.06711805663455306,0.471238331405073,0.1867569687748304,0.28685335024412595,0.5107134894020318,213888
track_06872,Pop,117.83832581794861,0.7746415934123982,0.7681001031140616,-6.526317993950551,0.06945874132803778,0.10825934030748496,0.014247313380742178,0.29186231777468963,0.6588282124468986,207757
track_06873,Jazz,122.10381724388894,0.5161451096185684,0.4825391115880209,-8.762295948255659,0.06085246916000228,0.6862624685480219,0.8889811884550889,0.33667758683810944,0.5107892824589958,351524
track_06874,Pop,120.71381440926527,0.7266721599782443,0.8406694230584435,-7.815266731273924,0.07552615543108283,0.22442100707300777,0.04910677275173294,0.10129427622866412,0.6169868783959293,231968
track_06875,Blues,92.16604132231164,0.7127465209904089,0.7717848437671516,-5.888285373314373,0.07457405510856535,0.5217050969940292,0.03021969017882309,0.1120838241845036,0.71962937618298,232591
track_06876,Metal,154.89718930933952,0.32827385096707684,0.8591022268208959,-5.209813589838013,0.06681971843281063,0.13454488352631588,0.027061096118732288,0.11186606922743536,0.4399005752916577,278512
track_06877,EDM,131.38853758064755,0.9152157696717602,0.8475277831975483,-3.884761191950845,0.045510653556897915,0.034511526793816326,0.28404451202437453,0.14870530791539233,0.5373316454189021,197287
track_06878,Hip-Hop,79.78313461730555,0.9489199313104516,0.6079600422797669,-4.978559942541903,0.592801470287488,0.28368070578479326,0.021859604371369214,0.26544414703343755,0.8221489358069569,252692
track_06879,Hip-Hop,73.92304285089952,0.8069124132142629,0.8377521604276934,-4.344519646057399,0.5148923561348794,0.08301891685534298,0.09114920933345289,0.10703254438860128,0.738278753930927,292427
track_06880,Blues,92.35192081046578,0.6621639517937384,0.7907531834830754,-9.649846887452483,0.05530867846379689,0.6170625859193963,0.09953019786562321,0.1366492963255665,0.6077192306313121,212110
track_06881,Country,97.5790483761363,0.5559701503164848,0.47550774299636994,-5.8912860575536605,0.08080580946482256,0.464947923936349,0.04799799198218302,0.16467781657028327,0.6299533935072514,269889
track_06882,Classical,75.94977561741855,0.17733303461448527,0.284662224288726,-10.131710788354635,0.024947616930319487,0.9863033461820216,0.9880876887416442,0.43375105763289457,0.241059586750619,596294
track_06883,Pop,104.64394854993665,0.8448790911473628,0.7705433950534437,-3.694675811815806,0.06558374126551253,0.3481891372184314,0.042547799278885,0.11008991338914945,0.720236628459193,225126
track_06884,EDM,128.4668020927534,0.7928936584948685,0.8707080144053904,-4.8385081648256145,0.04958827219852875,0.11926149377032669,0.22211837394729309,0.11726673851363632,0.6666650094180127,194388
track_06885,EDM,127.7176086180496,0.9430726892266268,0.829910624190713,-4.446634195302211,0.03009851697961021,0.1436894177973225,0.0919128810169259,0.2740709895267299,0.7535219408588386,217785
track_06886,Reggae,96.27771961329985,0.6348572008116417,0.752587190847487,-11.490999695265147,0.08159318168918847,0.41794018476939093,0.09792264089842309,0.24574179474909472,0.5109019203925758,255003
track_06887,Reggae,80.1299036587593,0.6929030154021161,0.7236389401920393,-11.116564553426459,0.07187774696886468,0.6250666645461007,0.10202517528044963,0.10274824637703817,0.5734071781813557,203776
track_06888,Classical,49.503157649616156,0.23338939984768564,0.23623562058899125,-22.892040189697607,0.026771228142156073,0.8447231445907323,0.9587632179352624,0.2950591266625552,0.24787912838760315,478498
track_06889,Country,97.55062783200889,0.6267967478791759,0.4599089082960084,-5.634572337163004,0.036244110351263154,0.6874377340180311,0.17533609582197793,0.2747708301456674,0.7369671916260581,239504
track_06890,Blues,89.50685961155155,0.6637993887862996,0.5796076588237864,-6.995983926739611,0.08369223004467186,0.6318204689495445,0.149174938319426,0.1800867937094592,0.6269018267083069,218074
track_06891,Rock,142.7257137943864,0.7363409948750175,0.8107096668452176,-3.1107588261859282,0.07370043671483195,0.17032715895033657,0.2904253916799108,0.3369449604953956,0.7044976566133847,218007
track_06892,Reggae,90.76758657558459,0.7037432807565087,0.5449221976515307,-6.945630897309302,0.04941970450203551,0.338667810357284,0.08814453211708546,0.11894501394202105,0.7448233852529169,268710
track_06893,Country,127.34685054184659,0.5331486343340297,0.48299335324469395,-9.273986406535174,0.045006074923492345,0.5183584699459121,0.1363689805434963,0.2455925963305199,0.6333414976936418,227416
track_06894,Metal,164.42566708237382,0.44411613824138674,0.971135625895212,-5.226404109577888,0.038481320838162525,0.10679944912570141,0.1250509100623642,0.1840399544136478,0.3799177794379551,330086
track_06895,Hip-Hop,95.44454505415892,0.7135285316087185,0.8184378374425457,-2.072780073658513,0.4288138726757859,0.134825264171151,0.06593468847836194,0.24730841107606813,0.8159089336471407,167868
track_06896,Hip-Hop,89.01071832780146,0.7433961857123093,0.7212642115296586,-3.813250986700033,0.5835975364725329,0.16163558487048105,0.030022613329296267,0.20197260227813824,0.5510645994377181,204457
track_06897,Country,101.92954469027403,0.6339333311813722,0.597900494507261,-6.774430056039451,0.03048611869242559,0.6531130802367053,0.04023088152711436,0.14623092192351045,0.6943918287965509,237193
track_06898,Classical,96.08096447895537,0.21489599204085102,0.24924968125973143,-21.642747415319924,0.04899814828311139,0.8282170820466052,0.9969305780998077,0.37242552940317336,0.31472679459478325,407453
track_06899,Blues,88.18332034966713,0.664902316247884,0.6315646116345442,-10.478971597529021,0.08858730261093947,0.5336706699330325,0.011408901216532086,0.29934081530130996,0.6724914518491878,236832
track_06900,EDM,131.39273368448264,0.7364878503635863,0.920283488307073,-2.954262142834245,0.04798024845801614,0.026803136197186175,0.07596394783733243,0.11980248120691067,0.6339867071104177,238874
track_06901,Classical,83.18079008239464,0.21258577077552482,0.3414955659489147,-19.311801471856725,0.04669846205709302,0.8911811597301048,0.9002343539846587,0.3111964852354664,0.5807776221694093,470636
track_06902,Country,102.33279711565783,0.73194757461421,0.665052958280435,-9.25730202386557,0.07566187517653208,0.5073569998377236,0.11350593385698836,0.14143938682645765,0.7170955950471088,261105
track_06903,Blues,93.79441947571166,0.7517982201780296,0.582263163509259,-9.15631268933199,0.061075964656938764,0.3018259692811057,0.11530262128836699,0.23382255310422642,0.5829307125745221,222398
track_06904,Blues,83.85226102469107,0.6408277872841788,0.6234283224840397,-8.295640482006133,0.04555278235909412,0.6117510662816,0.18825554279186263,0.12933464321793803,0.760268426189598,184332
track_06905,Pop,115.53503603473114,0.7808899198174859,0.7858703579752451,-3.8502234290022255,0.086110585911394,0.2663038440161303,0.00979708928888113,0.22150407114569953,0.7199508237345446,205637
track_06906,Jazz,89.66121195851085,0.49301560388427457,0.34376908159348374,-19.33602972160197,0.07058468860640367,0.5159210103303354,0.9976130723081336,0.43170122308634273,0.6111487574533344,286293
track_06907,Hip-Hop,82.0010151488007,0.8139962296074006,0.6836881441423367,-6.210638604643987,0.4112127642159519,0.09619894295284705,0.06622064945815956,0.10149024087320589,0.6465089482723141,210750
track_06908,Country,101.96818805413642,0.564470548360338,0.5863979891601238,-6.637473457357155,0.06424926780633389,0.43665552174564215,0.16716761383334133,0.2134548575257903,0.6615866273001243,283459
track_06909,EDM,127.91383380675687,0.8765034580694422,0.959430551205363,-4.995633741645629,0.05728772931330158,0.19114116441916662,0.21907164408350024,0.1838066031317943,0.8504029140129459,287617
track_06910,Jazz,107.24510629129233,0.689740581113581,0.337318860738176,-7.016025370614884,0.09945118795745106,0.9950109892704044,0.9390067860660307,0.3396741431422486,0.37120024830906895,339384
track_06911,Metal,144.21856841367352,0.4850466649856851,0.82330943590168,-2.8299579102346013,0.07483611915067909,0.09441306276796091,0.1529125951688514,0.2271281131811005,0.300919237738954,313802
track_06912,Reggae,94.7444621345542,0.6080905854613513,0.7868742971389389,-5.741466867460927,0.061742496527967795,0.4241535456617005,0.12258635735128116,0.2223585243971044,0.5267099579909761,279345
track_06913,Pop,105.38033269386798,0.775195637029415,0.8167882876506675,-7.749736492690621,0.10703833824579685,0.3494417054626447,0.006611328516362425,0.23183185811434223,0.5248365797682325,236890
track_06914,Reggae,90.02069410354618,0.7491229505216253,0.620233375395081,-7.055817805125449,0.04758347226162786,0.5214043606712292,0.07589216844737096,0.2994610125321201,0.6774174258810914,205296
track_06915,Jazz,126.25046729358732,0.596029545481662,0.496971903899692,-19.382665223359844,0.0665041173416081,0.7755880755506057,0.8995277292424133,0.2873628871140487,0.5711651047816146,419606
track_06916,Jazz,133.031515094427,0.5599807852104136,0.49174085673326984,-12.306254397554287,0.08052081731688943,0.9535295469981322,0.8762421628057007,0.4689247627560614,0.6128649262871795,283556
track_06917,Reggae,89.07510443894837,0.6103816432280875,0.7317343970582129,-7.317183790679076,0.05282013141471349,0.47651815006886605,0.13119369545851856,0.10305303434985247,0.7031447454997652,290142
track_06918,EDM,128.1719134682773,0.7237172167177528,0.8327092614961178,-2.866805476685534,0.05505443753684126,0.06886847710546294,0.033027492933455256,0.2652636674933456,0.700106065635877,196020
track_06919,EDM,124.12605117096587,0.8582635256680006,0.9056167874896688,-3.6577406763677507,0.06248902507495272,0.10999168303967372,0.05723647681816785,0.16104942507603717,0.5908429836993127,274453
track_06920,Rock,149.64488232021247,0.6670398284230438,0.852679232592446,-6.1240517209628065,0.0727692943447525,0.3612366710838737,0.089364226832605,0.36141395122294184,0.5625353164234896,282571
track_06921,Metal,148.87808133860923,0.37989944737327896,0.830064593698993,-3.184651407545768,0.05045946061499168,0.08525317500396756,0.17899611682157557,0.2122885809081282,0.41650181747482906,204141
track_06922,EDM,116.14806134229586,0.9399968028601215,0.8331294609038062,-3.874423840451984,0.06795432787455045,0.03282904060033283,0.03190145398941558,0.2586522536641911,0.7710643330138482,297404
track_06923,Metal,163.07338776065532,0.4225923370405956,0.857433270158774,-2.1603594014166903,0.06320583539929645,0.19910229492295045,0.062397641651871054,0.26905621342116204,0.39075224007989806,197838
track_06924,Metal,146.18745290450406,0.5110228057598271,0.925030592841611,-2.3484007190909484,0.043397793120672025,0.18595871602299005,0.03989782887112259,0.1276171058930741,0.5718001755467708,285592
track_06925,Jazz,123.34134071479619,0.5683088778580871,0.4076574883411341,-18.67532637358087,0.06357889039596537,0.8410865334317146,0.7280235198997543,0.4569754854659331,0.3251634469224954,409491
track_06926,Metal,154.71873235056245,0.5013368014748716,0.998465125399291,-1.610901513883042,0.040909278566736,0.08875954765238306,0.05145828943803508,0.10954915941671597,0.4147404255586584,338046
track_06927,Pop,113.35331340353116,0.8974886723560982,0.7345977918630463,-3.787595572592955,0.07442050346526016,0.1339095284974443,0.004220182369607007,0.21482985762626827,0.8719663198418202,192447
track_06928,Reggae,92.41825509364438,0.7378234596632265,0.6689753271579644,-7.4342457059273235,0.052932457360145846,0.3282034049563083,0.014945645881968096,0.14934495551704474,0.5640917796318761,243716
track_06929,Rock,145.7973335689735,0.7180285519723157,0.7922045109918759,-6.106401764586602,0.11536238378245514,0.14033367558337806,0.05080594154389578,0.3152676090113097,0.511945803575641,250187
track_06930,Country,90.86071492353211,0.7215902051334138,0.534166195555841,-6.267861933730684,0.06750182224986889,0.4659631957287367,0.1527596570204005,0.1109611147236245,0.608723523768557,229002
track_06931,Classical,61.78450159936385,0.14150605070227196,0.13289185901711587,-24.447333860647788,0.02991870987585859,0.9423901566851337,0.965942631090744,0.24052366012174306,0.3779963330418462,580078
track_06932,Rock,140.05220365087933,0.6748400859621524,0.7755103854298139,-4.476261889257854,0.12911538263916225,0.13142556863953508,0.2602879093435298,0.3327679355099258,0.6212968810621351,247214
track_06933,Pop,116.20484263513092,0.7754197378981018,0.7125843521832202,-5.930176283399015,0.11572620213492081,0.34032960072325746,0.04081397201063827,0.29076821282650245,0.8240406759917667,252690
track_06934,Rock,133.2954442699966,0.7166434185787147,0.9302186895239066,-3.4574334801099234,0.11954626875569992,0.11487711441992092,0.24872354273868974,0.24469736623283175,0.4584847043778061,268027
track_06935,Metal,164.8089059506617,0.3343660246826698,0.8000522505885895,-1.5567070247043313,0.04191280908373216,0.03068755002867192,0.05904175540916334,0.1372052215547685,0.5380956010513835,315036
track_06936,Jazz,124.0587959246199,0.4501912863385769,0.47506913246637783,-16.878634138110744,0.051853358345056,0.7977235019053874,0.8994061110623166,0.30386061563264954,0.605363032394894,285712
track_06937,Classical,72.16266321054567,0.14400497797097028,0.32453944050608763,-27.84308317505269,0.030872891688458533,0.9665576254688393,0.9910829442480533,0.22001511981740088,0.32484861232942625,416572
track_06938,EDM,131.571366103025,0.9067247888793195,0.8093230151693902,-0.27357519339797864,0.0329387649663553,0.11377202647781802,0.27820364253323426,0.2856730083561136,0.5533039828281469,219593
track_06939,Jazz,155.05202277754458,0.5663123518417401,0.49132290358564296,-12.422033153366673,0.053349820889223895,0.8468092251427228,0.8152095050984469,0.238322454255188,0.6405296779879763,289603
track_06940,Metal,163.23734693395795,0.5416902792618623,0.9876324083225688,-2.2259315458050963,0.03165759517284464,0.13190897732099613,0.054430031998229,0.13979387592158793,0.5282499237729761,306505
track_06941,Metal,157.6411317562059,0.5031792008105601,0.891490998243443,-4.956853014177881,0.03398466975836083,0.18745268802331116,0.19950595928529644,0.1788344155578903,0.37460797635060583,301611
track_06942,Classical,67.44537411865777,0.29004251108657825,0.2987923873575254,-22.026197981177972,0.022847475295346795,0.878135221246014,0.9924805804924891,0.21339495740891606,0.2738250583674414,436263
track_06943,Classical,77.06411886242978,0.1316381153697746,0.3125025679732255,-29.602134295036876,0.06352530999203844,0.8298879022525768,0.9984557396634117,0.35342222768859266,0.2042790937794032,519713
track_06944,Hip-Hop,93.4551424680999,0.7876298822924858,0.856441079296225,-4.603354459794949,0.5668754344100884,0.07625358098742714,0.0654295502960534,0.2870377801254743,0.6496342720602407,293652
track_06945,Blues,89.44191948808717,0.6420922243502292,0.5325023377894481,-10.088748341925628,0.0748245841660248,0.6278976378869245,0.019267788254960696,0.131507846529796,0.5869456211602874,223892
track_06946,Blues,89.58567653997108,0.74327037466942,0.799482571095466,-8.972281330112642,0.09080678978878998,0.3317132052263476,0.10877253828231906,0.16664796379408714,0.6569271197456634,196720
track_06947,Jazz,110.09937555419826,0.5359279412371432,0.4325384658432465,-15.05434788752994,0.09689872321813725,0.541466778680211,0.9474635942025451,0.30647814127627365,0.3797254874238329,398596
track_06948,EDM,126.96881269297701,0.8291239818593371,0.9998794299735108,-1.5144594007820773,0.03505364631036801,0.11106971900914182,0.046202485972823205,0.24522490489354892,0.6453546130254915,269154
track_06949,Rock,137.76983505153433,0.5452115650402458,0.9795789821756418,-7.1706417267224065,0.07988600509258824,0.3053711903564846,0.11923533463739139,0.3625574046526898,0.7836299535290918,287791
track_06950,Metal,162.7232753452951,0.36241730168978536,0.815061124287133,-4.928186068908598,0.03697227120193906,0.005824066733985301,0.009331522228880229,0.20187274718942283,0.5123381486688774,271013
track_06951,Metal,164.78463900324482,0.46619907644317293,0.895625088915766,-2.39079775915463,0.04193276507970526,0.0622583492939149,0.07692224285430867,0.13647924003660608,0.44358643740427217,311579
track_06952,Hip-Hop,80.84460925509764,0.9484853105957491,0.6510954673137418,-6.231823621576296,0.46386026893975574,0.06439995829213507,0.05800287734857954,0.25563180147626574,0.8516976930926691,184532
track_06953,Jazz,130.13829363617364,0.4272523875501733,0.4129105785486933,-6.660903654294204,0.0878606379010686,0.616724870071595,0.9669901891220026,0.40424495283772255,0.4057268160071774,345554
track_06954,Jazz,124.27659163497773,0.6668887924345803,0.3112820902014023,-14.014248668926488,0.0635752176502657,0.6270280669453785,0.8723556820497467,0.2511876636476772,0.6665392178577296,243514
track_06955,Reggae,93.73394623455557,0.7307399831532789,0.6958387867425827,-8.681356637626038,0.06500241106692535,0.354941914156209,0.1070707531839656,0.11420597018602592,0.6404591480158152,200462
track_06956,Classical,77.00890963391116,0.14738818622062055,0.12043257320288489,-12.949637347131091,0.07118335708077951,0.9097972037309356,0.9919887904397675,0.3050832458538757,0.2715328252519147,383608
track_06957,EDM,128.61741217996465,0.8901048265146105,0.8379576490882883,-2.272422002615434,0.04122547992165176,0.02622839681800091,0.07359555020977446,0.219967212346984,0.7602688450016345,185442
track_06958,Classical,68.55844495592704,0.27640242393882875,0.26290198320502417,-24.838388945272463,0.06744108810109196,0.8871509631474127,0.956383653926717,0.47062496526459807,0.3957100746011766,381128
track_06959,EDM,124.73347656584808,0.9284310565434695,0.9831092767837024,-2.1029632794588924,0.03617183354185711,0.09041821593334456,0.12699151018395316,0.15966273222626004,0.5700400491047938,281736
track_06960,Pop,119.05340963978158,0.8131601763267707,0.8278091883020601,-4.843503565356278,0.08278229404317652,0.27690204740767543,0.048993653102604055,0.2503223507687352,0.7685124825890335,258508
track_06961,Country,89.22240500504486,0.6063339532142409,0.5497923559457489,-5.4508034496624935,0.04873920283526205,0.4896239965634043,0.11972112732547209,0.135853791718555,0.6419578559201982,216647
track_06962,Blues,85.22052527100271,0.7700788620084377,0.6923241446815127,-10.752758361772749,0.05497899617991415,0.509096880004327,0.05425950609776982,0.13909258254344528,0.5139972118702982,213984
track_06963,Blues,83.2863377092224,0.6996823917031703,0.692553568493113,-10.249028218152208,0.09697210484421506,0.40267124248676034,0.032420161145530126,0.19137514914934445,0.6326477708854794,297487
track_06964,EDM,129.42503377562085,0.8373650469767917,0.8616256106979343,-1.315291528438463,0.03311160497627819,0.18357710987908976,0.14346076442576586,0.2468570325445301,0.7818646371015081,241601
track_06965,Blues,88.44282771772657,0.6381134642734367,0.6561925574988399,-5.108173232574932,0.05880367299132931,0.6857804815608384,0.08701823992571756,0.2669351509627461,0.6589953049205948,282230
track_06966,Classical,74.42853407933853,0.2759986481622433,0.12158987360738915,-16.344910655694584,0.06984550770816193,0.9664050933855,0.9655299116078676,0.27529921866096135,0.41266669907570463,384641
track_06967,Metal,160.34464059098735,0.591553575094609,0.9348281761007546,-2.8839518566536766,0.07129625789189686,0.013541594471679443,0.08857903893269439,0.1860887832617407,0.4862453621197057,211044
track_06968,Classical,70.84618348442913,0.2794956214032885,0.1719938870879792,-23.414568908823227,0.03851698241418124,0.9318476285118056,0.9562450718487089,0.34146338671654075,0.4671937354258971,437108
track_06969,EDM,128.23391822002495,0.8140370683569602,0.9904014082545489,-3.4746336156894237,0.03329670687189743,0.13437954841510336,0.07890082476075219,0.2283606271386424,0.5223964220718723,214948
track_06970,Jazz,136.9054640152659,0.4131783930297306,0.43166676180497976,-6.579119817664489,0.06704427270184828,0.7859821701996106,0.7625104246627207,0.3392221811814591,0.49226182509333005,385156
track_06971,Classical,92.55647548964308,0.26745032077858666,0.21587459035169734,-22.943369935251255,0.06075295969060086,0.8743546624672127,0.9511032145851567,0.2519425462843142,0.3135381097768089,340000
track_06972,Blues,98.04861933726845,0.7308753815899172,0.5372160161987012,-10.859698357098665,0.05750039209736528,0.5682858956176622,0.051600773919796075,0.19288649675747324,0.7476576920500416,264164
track_06973,Hip-Hop,92.23577349553226,0.8631667779958883,0.6307752542588235,-4.693574669117335,0.40408486928242093,0.06605812965682414,0.06648608596426328,0.27776186776486933,0.8999411200096445,235535
track_06974,Reggae,93.28421272058297,0.7388288865572046,0.6868571854787454,-5.387255416324429,0.06093890305440358,0.4390466963035098,0.13390680165205623,0.1348314426331112,0.6392127918376841,273923
track_06975,Metal,169.0091944736288,0.44954640761856957,0.8446136762308638,-4.1360202978611245,0.03546911940562521,0.013166052943498686,0.0026411158239784353,0.11752867098203852,0.4784741900495668,297408
track_06976,Blues,100.57535632601284,0.6214335531423694,0.6659409533065725,-6.472416895202285,0.0795389848316074,0.6587946890155808,0.08834383757857589,0.18541941463614475,0.5078337626597107,286579
track_06977,Hip-Hop,91.38568978345315,0.7042661552508003,0.742381185825666,-7.9501576335835935,0.5224835199926745,0.07970363943792144,0.07549528723791342,0.19601282956623428,0.5431972283884878,270157
track_06978,EDM,120.27063979634231,0.844528112792218,0.9678609687549771,-2.1729722572272125,0.056984051750445366,0.11355532906397042,0.17260912485669277,0.2478500185585233,0.6584977551202196,205752
track_06979,Pop,102.28660677722704,0.8907371694075157,0.7185053296633824,-5.878231598715243,0.054524397367854915,0.3832087957714456,0.027051267077409808,0.29324425725135495,0.5510517342822894,232517
track_06980,Hip-Hop,89.19233768270065,0.947789989537806,0.707806442838222,-5.908829689356133,0.37893989394822325,0.038136936086260606,0.016817367351299073,0.20285379809215354,0.8639199307497376,252142
track_06981,Country,95.53546736718894,0.5488520485291717,0.4521373365957134,-4.505344633247013,0.06861531081461866,0.5739718593990296,0.08656193893243308,0.2416250267403063,0.7404775183197401,246905
track_06982,Pop,140.56250368755187,0.8322795824392641,0.7974041895054512,-4.6228881917290225,0.10676256395290973,0.48056956494237146,0.04365437268531033,0.11485065417731669,0.8400115907234588,193027
track_06983,Rock,134.74296376599102,0.5238359910499756,0.8813795700897695,-3.071991385186932,0.03698528783700433,0.2175627697949772,0.12002482547523965,0.1209491945852863,0.47418132696651843,287993
track_06984,Metal,149.801287563855,0.548763564874755,0.9844825291189213,-5.115588475024568,0.06887204667261726,0.0974971709509016,0.05153780699994808,0.25123428079237575,0.44197596791033533,286278
track_06985,Blues,86.34230076138086,0.6501526941781685,0.5793600590913158,-9.591649368230382,0.07998702575469666,0.6577330255017035,0.11874005141881808,0.25036034232643145,0.5950198689892754,196632
track_06986,Rock,144.2720387816247,0.56207332723765,0.8393276170664872,-4.013717318879719,0.11468439757906224,0.36402849535027315,0.13596664947578146,0.3297638512720565,0.5063942443057194,276480
track_06987,Classical,72.66503175157365,0.19144182362050177,0.3641479897875436,-12.755594514353326,0.06533943444484444,0.9630632442570403,0.9870504079126174,0.43507266483479157,0.4107568999743294,423800
track_06988,EDM,125.06263657476036,0.9245447101401318,0.8603913146925241,-4.991207786959872,0.058597873338219086,0.03122267759215678,0.08617205629086708,0.26450091706076706,0.8111660206133999,232015
track_06989,Metal,168.7866276773815,0.3173870209057521,0.9971745591881556,-3.9156176751586442,0.04624426082729653,0.18473514922464263,0.026477805109518183,0.171559742479824,0.4076703353995901,229146
track_06990,Jazz,112.87809146340098,0.5519675564379576,0.5987158512882231,-8.469852657047054,0.08616222389526401,0.8726921218673485,0.9050193850683982,0.2895102066168131,0.6131625569281183,291063
track_06991,Pop,125.67632024334513,0.6553259141397277,0.6227102457991097,-5.342272037521628,0.05006660213839781,0.3435661392924497,0.045067079060097076,0.13804853777266618,0.6531076512632716,245166
track_06992,Jazz,102.91021580464214,0.6965015449461441,0.48408464745129726,-8.717207605168836,0.09483349535882257,0.8068909036546119,0.929356236358714,0.33741865619081723,0.4167565723707223,300124
track_06993,Rock,136.0768027599336,0.6960136290883961,0.8513483662050713,-8.020538548097184,0.14811500896212965,0.35448814172261,0.03083626785840686,0.2102166746435073,0.477717206195198,198180
track_06994,Hip-Hop,75.4570843971746,0.9321548242285771,0.7833453326946649,-6.19245494063652,0.44694093870539553,0.15007405548008856,0.05254177627164896,0.19946113961085643,0.7247173012199707,292020
track_06995,Hip-Hop,87.09961419889342,0.8981216243130525,0.8523054609457007,-7.86828736542275,0.4213875990664035,0.2935314725804118,0.006256309884714695,0.25711081885791776,0.550445180363025,256033
track_06996,EDM,123.48603843433561,0.8680553247465965,0.9450066176578741,-0.11339425173114126,0.06757935132427564,0.06087429648243492,0.11256495580938752,0.18143634303790993,0.5722299546244197,183635
track_06997,Rock,131.85532291320047,0.656921787940022,0.911869055493788,-5.736626607685752,0.14426048239929729,0.21511599719778765,0.1326013624052508,0.17377935063728742,0.6311361073499356,224940
track_06998,Reggae,88.83643214321948,0.6560156886959293,0.6764901558644147,-5.08009047386908,0.049454766608714736,0.5636329260473626,0.06639761942917273,0.29833371157129107,0.532631406504605,281808
track_06999,Metal,159.34258188347778,0.5696298568627174,0.8148993589999853,-5.618019398272517,0.07676673547188749,0.15446835182379726,0.02910739208841382,0.2780986303485118,0.5561355667855058,195556
track_07000,Pop,125.19230984172918,0.7833210606092117,0.7425934683949432,-4.270188407962587,0.06705258499584411,0.3926584597184066,0.020561022249442264,0.2348100185741564,0.6098866612304696,239178
track_07001,Hip-Hop,88.87426311860484,0.892029836023169,0.8875399418848702,-6.296225751838613,0.590449209027399,0.15945210728991532,0.061101497109802366,0.1457801020263662,0.6845518486654054,156126
track_07002,Hip-Hop,84.42316697982848,0.7980879242552421,0.8713708722658458,-7.976995818119352,0.4206034810097393,0.22285046226447466,0.08908911171339504,0.17168036351874763,0.7694356517489045,263770
track_07003,Jazz,145.10546863531033,0.40087026923723784,0.3263692449296019,-9.186067165345932,0.08066645938337709,0.5991770642519562,0.851461573901443,0.2937215335618042,0.5499611833412681,253892
track_07004,Jazz,134.46278049589876,0.6179078195721691,0.42722001146369865,-11.194284509749624,0.07006591671381344,0.862128464119607,0.9154152537231777,0.33463694972767494,0.3540133327191993,409394
track_07005,Blues,93.42650136127754,0.6451533123107912,0.5318563359752722,-11.984974204053021,0.08377554448305533,0.6292556670161903,0.037817657423050904,0.19565682652887678,0.675508018249133,195243
track_07006,Classical,74.54155048853305,0.278379464172927,0.2845359088090612,-17.52475038783234,0.042713601764186995,0.9414182731241016,0.9478461586529575,0.42364606037781705,0.5874047582871003,396592
track_07007,Reggae,90.298769264738,0.6129744839125006,0.7191102871160504,-6.25956508474588,0.048090364358219756,0.5717159865922938,0.18418332814083857,0.15028519056723416,0.6755025826609619,272918
track_07008,Jazz,124.00842895817924,0.6106698955023454,0.5285397438272685,-5.949650247237495,0.08811548234328091,0.5138792989581784,0.761913214991404,0.30665897757733507,0.6787646305319515,322309
track_07009,Jazz,116.6408632766505,0.4694481736154477,0.4000174187838308,-18.671069940135105,0.06663045656202354,0.7429621944316654,0.7344399993239787,0.3281296118719259,0.37891842027639444,363129
track_07010,Metal,162.29964942319234,0.37771366575947424,0.8538645564794036,-2.238013418710549,0.04643247617088077,0.08220934918330886,0.10530440549296811,0.2823369738224694,0.5133962659897077,317243
track_07011,Blues,90.93141478431905,0.6965490192688911,0.5263109289577262,-8.281620028603633,0.04679959581347847,0.4736358506492198,0.01756085737220343,0.21778323713744016,0.5147026651177626,225786
track_07012,Jazz,92.08446812755103,0.6865563922536786,0.343576822960816,-8.394346296471728,0.052016088542696556,0.9616667442446696,0.767963395288061,0.4565497087789754,0.4658229906775888,398069
track_07013,Pop,112.74961486818704,0.7010229889304709,0.660651098853539,-6.668825595442038,0.09924961698263153,0.14349961470331635,0.02807829394121933,0.17590196141371278,0.6412486966292656,209077
track_07014,Metal,183.11546967577073,0.5462233442885303,0.8635885016280311,-3.342474165947457,0.05561848197058576,0.03549182627403198,0.02913478167914727,0.2688535750810079,0.5602074343523318,270289
track_07015,Classical,68.89609086856171,0.13794954863302816,0.3407415556362583,-22.648521907119058,0.042709305467802924,0.8049869341695857,0.965376404136558,0.4320393416476047,0.30539038724542944,492198
track_07016,Rock,131.86123167756318,0.7721899486251147,0.8787046381048267,-6.112411033400024,0.12308991976802049,0.10493958646215326,0.2140616989259606,0.2795481863181143,0.6095122751321149,224883
track_07017,Metal,179.09722840042826,0.5589240219215442,0.9079548361272817,-1.6298474977273418,0.06626170910691204,0.15075648248675227,0.18546872923236973,0.16605958082682376,0.47839984913552636,249029
track_07018,Rock,140.7454905149631,0.7537542787101504,0.9062672252438564,-3.8985560893866396,0.035665476508656556,0.3867078184161351,0.023141068508278306,0.3163196167394323,0.48286926187254814,285411
track_07019,Hip-Hop,89.2502114044704,0.7158512674325531,0.7853404614181173,-3.081149106888562,0.5404964754095516,0.2962611926501619,0.07899869131038456,0.12696701835166205,0.6388487028237043,157248
track_07020,Blues,85.92613492143505,0.6976324474459593,0.6964581794371797,-8.07191222884634,0.08387439852748893,0.6736937544173092,0.07460943626939594,0.18223368368730453,0.5045100732562926,293840
track_07021,Classical,76.54224393083476,0.22860229131517845,0.310599272823499,-14.193036474787542,0.04724550524393496,0.8005509117939382,0.9966988046129799,0.2728165606043284,0.25987578002967776,401075
track_07022,Blues,92.6671564408145,0.7072258987147174,0.5331024854086193,-11.082769814712139,0.06255510681362286,0.49851709740105804,0.04501007490781337,0.1905500413376417,0.540720175067204,247866
track_07023,Classical,49.30412895071818,0.19066422907442315,0.22915003450012933,-19.252432979541027,0.07970960805862817,0.8028959411443128,0.9500069857624877,0.28508886748741846,0.26858926608971456,494975
track_07024,Blues,79.36509933641787,0.6580935886271086,0.5774283391529264,-7.871937919313893,0.08183334267708989,0.40120342757760596,0.06943257018444852,0.1581224644159766,0.5263124992957564,280146
track_07025,Metal,158.95153516165394,0.4993887716905847,0.8201422497382315,-5.606426521173206,0.040224804239937864,0.026262488836031796,0.07556417855828906,0.1820374418347859,0.4358238155348832,316682
track_07026,Blues,85.93588505978195,0.6000770301494771,0.6354220658457996,-9.94373106110082,0.04671376457984689,0.6354351408093205,0.1346893731960119,0.29982070835856717,0.649516532722629,255844
track_07027,Country,109.58822896855371,0.5145874362118429,0.5098469913433411,-8.84329029336574,0.0798758040547912,0.49943375891578035,0.07945560482736261,0.28342025476764376,0.6833592361719241,235383
track_07028,Classical,62.804598024286626,0.2369822551703693,0.38800129381834203,-18.56862222706397,0.034995306713686135,0.9388723299694894,0.9820255936964339,0.4902736163576011,0.4471000987262447,584791
track_07029,Rock,123.29155315800296,0.6333610227654216,0.7432131259688722,-5.363319377502715,0.13429920558921615,0.23910576961081056,0.0638992639731419,0.34836588734303675,0.525231769844846,197227
track_07030,Classical,70.51425607218883,0.12062623512062656,0.34733241807953447,-17.787437668342637,0.05538227055520503,0.8426664187533207,0.9076556075300943,0.43883535269666574,0.5313617258066561,339811
track_07031,Hip-Hop,85.10885701995717,0.8583992555960527,0.8683452466175154,-3.924725233999066,0.5433398360842776,0.23097678040439013,0.021353486210328478,0.24009361438504134,0.755032870059271,207254
track_07032,Pop,112.0393156694363,0.7800723689682729,0.6442396118336159,-4.761530042770271,0.09363186725744016,0.2631201051159199,0.03333895622443576,0.12236174232818985,0.628565682726391,248170
track_07033,Country,100.45312051229092,0.5362028129472476,0.5240189113639042,-8.078871243608235,0.037451885033431054,0.5736314456543541,0.07224917038141945,0.10879699706614775,0.6333259934723763,258986
track_07034,EDM,127.36781033593871,0.8404769758329063,0.9014716037884264,-3.536104772164519,0.04645705886472706,0.07834843962711574,0.03097807571532205,0.2048155387907073,0.7321258420140218,246558
track_07035,Classical,67.33522600526314,0.11007961266022298,0.2622152690284739,-15.696925929492068,0.055267444655735146,0.9376111500440283,0.9646724277202524,0.48679847276902327,0.5463671918505009,332597
track_07036,Jazz,128.87002020146392,0.4088514516933349,0.35849152532540685,-11.313221366368193,0.08966746207954165,0.7450375382870169,0.9353058195433163,0.32667528889249287,0.45501387432378126,292540
track_07037,Metal,163.22131916527016,0.3623617176026693,0.865102258932203,-4.447066264413239,0.04106532523944815,0.12770427440464602,0.19656565994734657,0.1333223586927838,0.3696566578258063,308397
track_07038,Metal,164.60238442965806,0.3659393659328767,0.8582559341577017,-4.253354683046481,0.06506489053517173,0.1992610691828619,0.10131165445363849,0.24107064332487715,0.3731125056220216,239875
track_07039,Blues,86.79213237641163,0.63415774749725,0.7628143461382458,-11.39878385679743,0.0648009717726127,0.3058940265672582,0.058679059970144026,0.2413870328828825,0.5608507270592118,228927
track_07040,Blues,86.96068137321211,0.6943525717382122,0.6637968185614429,-6.389457765905807,0.08870141579627917,0.6842392920077234,0.0343800288412518,0.12204951639918471,0.6831619512456532,217938
track_07041,Metal,131.09919257857285,0.30075819505199797,0.924051432986645,-2.641956634833577,0.06953577211475687,0.06519059731063158,0.025626720332696775,0.18797006216009443,0.4086863791347444,267824
track_07042,Reggae,84.5802569161595,0.7596214148840886,0.6820747520137674,-5.718041329970223,0.051367792618866086,0.3304888376027274,0.15007500516538794,0.28108324622976244,0.614928297613287,250229
track_07043,Country,93.3268651006422,0.593663481401875,0.5814262461630179,-5.497500269348189,0.0416637453468758,0.537288511777818,0.03255087608685425,0.2266717134500084,0.7316486621745497,291649
track_07044,Country,106.23792700058544,0.6790464552722222,0.5049852710049119,-4.390170492451849,0.03930515880442391,0.6333173085058472,0.19184508957102986,0.2913949958618034,0.5768610654247666,263562
track_07045,Rock,126.09657664647429,0.5482435784868318,0.905964472184688,-9.427868160070314,0.08277860627212721,0.2620829456154125,0.06993932293345989,0.13875995590012952,0.5962826156892563,292765
track_07046,Classical,70.5211459955701,0.2999293433729434,0.2621827771001464,-12.908327658334422,0.023366946190469143,0.8214170559288849,0.9870416080768822,0.3135298013513338,0.29042265492187663,419947
track_07047,EDM,117.93637461837072,0.7494135240883685,0.8074010552348465,-1.162058159202191,0.06615903274413379,0.0034418965542318382,0.10483935226277512,0.2785330384973743,0.508268992107177,195953
track_07048,Metal,162.93149636181815,0.3571882014944333,0.88704330291306,-5.545510944751532,0.07475231503740318,0.0237447743216495,0.1528369861119349,0.28786490633344275,0.3444685399193206,357180
track_07049,Classical,74.29609853626458,0.18498164731284922,0.24809737630491377,-24.88393171801521,0.07774694156128613,0.8686060418821305,0.9379867670457143,0.3407204280392282,0.2854593926411847,459636
track_07050,Country,108.23887000564893,0.6501601113885553,0.6324098473488828,-5.486981232656579,0.0695928332437587,0.5916762765141956,0.1127383794333467,0.2749854955366571,0.6162315542322984,194828
track_07051,Hip-Hop,78.97554376939557,0.8519816297348605,0.7061679808939987,-5.921308421389713,0.5183424332598414,0.027195206428631623,0.0037531509538708875,0.23905489357036055,0.6042919141930754,163531
track_07052,Metal,160.90714688389554,0.4672306678614757,0.8594251865369695,-5.632319839503038,0.060063252791981415,0.09901433873910748,0.13664839541332227,0.19528248147224925,0.37420046017409303,334108
track_07053,Classical,82.17573221778272,0.19896512297691255,0.18093195095286999,-15.06235951704957,0.03464771461224014,0.8219241077236397,0.9704619558755045,0.28626650407855386,0.3223675096276862,382968
track_07054,Country,94.74395124693272,0.6964617206445695,0.6655305492092207,-5.276895893236435,0.07868795508526805,0.5151103849120681,0.03594743223342729,0.12253125224987582,0.7438012454756135,215193
track_07055,Pop,117.98034605212611,0.7127779962403069,0.6847388944242574,-4.436878088989987,0.10057143107388924,0.3534843930322421,0.016490411381799054,0.22207061034943293,0.5217063688831751,223490
track_07056,Country,97.70105416364177,0.7104666744409349,0.6512025497208783,-9.55132415022944,0.07023304613450199,0.5412113800581695,0.0397479916968935,0.15224239326950614,0.5423903334554804,289573
track_07057,Blues,84.58398847052884,0.7567208313177722,0.5415207189604235,-9.488171054964468,0.06860396705070404,0.622077425437042,0.12655203983664648,0.24959347212820782,0.5731922331374574,264993
track_07058,Jazz,125.17594096780263,0.6957379528446941,0.30496104512813876,-7.851519231047021,0.06891338186113626,0.5613646956814589,0.9273103763287115,0.21974272571763337,0.6470722724395529,329757
track_07059,Reggae,92.87880687958601,0.6334597568381956,0.669624586454195,-11.965147262607616,0.0962342331019769,0.32559195046052203,0.14996357156393528,0.24100275511829797,0.6954696220584923,251475
track_07060,Reggae,85.04539965068828,0.6556872988574375,0.5220005883562913,-10.644923266556606,0.08667440319282772,0.6408045867992955,0.17442952578389306,0.20696657517003544,0.7852853396197701,295854
track_07061,Blues,84.40372583265011,0.7583402127820036,0.793960057085263,-7.110144677435332,0.07073926184730034,0.36853327171413275,0.19642642817019496,0.154541174543831,0.6705129600459712,194906
track_07062,Blues,94.58084438440687,0.6398638392070739,0.7342452658158409,-11.175026613275998,0.06578954559510442,0.3845476880454306,0.10991648393655572,0.27216041629277865,0.7672388498914078,232317
track_07063,Metal,166.53049878636196,0.38101339568666115,0.8318778861877669,-2.439749443774771,0.05732764194841581,0.05257213282810394,0.17406153124072477,0.15724141455219706,0.3191346222066477,355287
track_07064,Pop,112.15499888724183,0.8768565040340659,0.7005445250194322,-6.932555467043937,0.08969709901015085,0.295154265903786,0.049992132665951344,0.2777009950864232,0.6084409196284117,251303
track_07065,Pop,119.42859722064117,0.6328026459375933,0.7516716399029925,-4.8035926096892405,0.09828245038430015,0.12779003725345683,0.03490547702663654,0.22092925289321397,0.8472471863125693,257949
track_07066,Metal,169.09914785200831,0.48704767464578735,0.9571474042726739,-4.080727640429782,0.07418079941724909,0.14713834057587294,0.12120963823537978,0.13966449564947334,0.501031182589067,294371
track_07067,Classical,81.70088179886673,0.11212968932774191,0.33352374950845964,-14.100876597940275,0.026258748619524513,0.9479308542504796,0.9503896770171013,0.2037786497319313,0.4776738727770966,441964
track_07068,Metal,177.3034657220207,0.35275337065240187,0.9515541588758243,-1.2735732372829034,0.03819937613726691,0.08047378600705175,0.06393631422050382,0.21735546758934354,0.35857645661629556,352810
track_07069,EDM,130.2467036962526,0.7485689068915187,0.9497986597301314,-2.6990118903047393,0.03451710511253756,0.06542647099445935,0.07243701416752311,0.2686881908711384,0.5907769633972972,195807
track_07070,EDM,133.2727967022088,0.7144639604767957,0.9135390833859404,-3.0123759381124775,0.037995196219415585,0.17930164090378767,0.2208201565638567,0.15681364947448345,0.7155828703721823,218332
track_07071,Reggae,89.18014586863565,0.6785913507392426,0.5448403266239985,-5.189919338506059,0.07851508349197009,0.3777028598732685,0.16729706427394342,0.2644876968128359,0.7258941754780857,289211
track_07072,Country,126.85353860421414,0.5256905891334748,0.5932936289345281,-8.662098398603348,0.03029141492286241,0.459747231020168,0.16382908578873648,0.2880496211163843,0.6985858392031604,196953
track_07073,Metal,148.5014946184034,0.5983033594804508,0.9498436982416831,-5.217922684385903,0.031728428291877234,0.06886613747182875,0.1108896505792887,0.2875879837878117,0.3397195573136361,352642
track_07074,Metal,155.65789386876355,0.5503666680573409,0.813156755372484,-4.797547645817108,0.03105061460427989,0.012765676856323661,0.006484036972392571,0.1292015719898359,0.5629584225889133,236312
track_07075,Classical,79.25974834718826,0.1427708461810096,0.31195731691570483,-19.1874856851847,0.05205782516147704,0.8239049637206282,0.9135134743820738,0.20969018478874699,0.29819474842060417,536524
track_07076,Rock,154.6362037359068,0.7138687241257291,0.8222521116236676,-9.347304900081802,0.11695377798052876,0.15524573903705818,0.09450738484403487,0.25018560957129443,0.6216655850171295,237238
track_07077,Reggae,91.95652166183798,0.6549350264073593,0.5430607593038076,-7.479165918886276,0.07271320246932973,0.327130554998957,0.1765573817972168,0.20154198231984305,0.6005959348213487,184879
track_07078,Reggae,78.931013187703,0.7428337605477724,0.7655210960070347,-8.862512701441293,0.0805012804754637,0.6373598467416901,0.049266606353169644,0.27704432710658444,0.7580914291092948,212732
track_07079,Reggae,96.39451282010761,0.7737223183676258,0.6575364752217516,-7.220401049148325,0.05033567067700868,0.626365710680446,0.15149212626036768,0.2777787744332255,0.7130446255656748,216513
track_07080,Country,86.56187341591463,0.6015407166671307,0.6849858697063789,-5.114466117934857,0.04483980988774852,0.6654747388107208,0.04031659800782814,0.2872369350410794,0.524913823642279,233594
track_07081,Blues,88.37551193669096,0.7497604167301112,0.725116269668035,-10.810059205409413,0.06820885998499136,0.6229244387759415,0.19335945292050227,0.2245131175787966,0.6914400043038846,263613
track_07082,Hip-Hop,81.08231183157311,0.8132257534918523,0.6870231809443241,-5.525937943924006,0.5506317850365348,0.2937292507476685,0.018039135157934594,0.11222280259608722,0.5787768960154129,283720
track_07083,Rock,136.3518361041136,0.5989581831018563,0.8991965173913726,-7.607654657457368,0.13848880098747843,0.34031854195589706,0.10734426688377081,0.39168591826084265,0.6979723787689249,205828
track_07084,Country,106.49139104857178,0.658697916120939,0.5940201046258278,-5.177577374514314,0.06540761842852183,0.5127890123470551,0.10360564435447145,0.20915138643067366,0.7464614432258204,280512
track_07085,EDM,127.38505750048594,0.8688468749520597,0.8930287962193975,-3.0270548273293176,0.06853968822931628,0.12954283886859635,0.12220690463381545,0.23796825365388477,0.8167031368268352,230942
track_07086,Classical,56.00948456029363,0.24548311006290666,0.35490260193169765,-25.589671635986814,0.03288389049864948,0.9941364832177279,0.9851320656084437,0.37751154060719605,0.20327151863715112,394056
track_07087,Blues,84.61182728450123,0.6785964928827443,0.7385119673372416,-5.511599660372625,0.09497491955162222,0.34754863690246246,0.0603054824404538,0.23207513969691151,0.561061620264762,193343
track_07088,EDM,126.13044493430299,0.9133267390610333,0.8887816583059714,-4.733050934228494,0.05470300920977353,0.08713609922707242,0.1474059595854183,0.289794148790514,0.6828299954382537,260251
track_07089,Blues,83.78343668742758,0.7431265437404735,0.7047426859585145,-5.316761135193459,0.06762194264214946,0.45387899930449316,0.07221763749189879,0.17286374017488287,0.5112931591100134,242006
track_07090,Pop,121.23142173239063,0.8288830499053921,0.7942003944527481,-6.387712387136514,0.05692573447200718,0.11278109913890694,0.029309921207127394,0.2404571180438099,0.6511564553278609,211293
track_07091,Reggae,85.76031922013246,0.7459632272715504,0.7154660661884594,-11.803358057548584,0.09665389393785132,0.4076047665571802,0.1815173000548018,0.20237936684299693,0.6497546048233591,270745
track_07092,Blues,83.0952958290317,0.6062979279792716,0.6645442676725417,-6.0737258323914105,0.060763220631084566,0.43949571524631564,0.020810760809988584,0.10023697715429927,0.7855265507588352,297137
track_07093,Jazz,105.67600861557835,0.518097725760859,0.3321787549464926,-5.468345265614218,0.05283954425039222,0.9966130631166354,0.8255494472969952,0.22146473806316022,0.30703007302516844,318958
track_07094,Reggae,92.2482531550007,0.6844668814759398,0.7413200919139233,-10.820862736815258,0.0662135976544787,0.3742099176617586,0.1636235351932298,0.20456811848112152,0.6735120644561211,268004
track_07095,Reggae,95.00689502996295,0.6093531829797529,0.7965512770583376,-7.509551886592058,0.04893167057012426,0.5869963268239855,0.15731143335928147,0.25771919881018635,0.5812196477033433,263944
track_07096,Classical,60.53178747212587,0.28395858260652107,0.11735037054085606,-18.189110144344244,0.021012045019057124,0.8163352967161313,0.9100170348919777,0.4682795458938058,0.4234811115737164,306421
track_07097,Rock,133.42722013823095,0.6041002591776433,0.8922883086613459,-5.952596581737752,0.11165659147959711,0.37569429396732323,0.06099095355393029,0.2240071338427626,0.506328246561705,239131
track_07098,EDM,125.2763065988238,0.8625220315221711,0.9282808997601519,-0.22638969782129692,0.040570572480841116,0.10967365330178908,0.0963079928115387,0.15963609348282193,0.7022565422368559,248089
track_07099,Blues,97.36036296438904,0.6937630890643252,0.7115581334577741,-11.737444936817242,0.09801474696885112,0.6577333841767568,0.17865747257092635,0.15625025767549136,0.5849501732296652,235237
track_07100,Blues,90.19785428124904,0.7309333516362153,0.6934628252505641,-11.356374971373233,0.08244016120215186,0.4904865755890909,0.10015118964117048,0.10109816821500645,0.7690394202285646,259278
track_07101,Pop,114.22231431243304,0.8839835480640041,0.7712035775799817,-4.254349146224333,0.11616145385917888,0.2688206142436087,0.02371839633330818,0.17190821985626342,0.5725490649380528,205773
track_07102,Reggae,88.44982880921341,0.7863486467401472,0.5411238628936013,-8.296765727296165,0.07665775833985719,0.6301990943911242,0.16871543724415464,0.23213758043962548,0.5583883364611039,294489
track_07103,Metal,178.48065629939902,0.5999601601508624,0.9296476864094486,-4.415572235608072,0.07781905786161661,0.11426009523198695,0.12914722258531683,0.17151219543676935,0.4355509149536436,265150
track_07104,Hip-Hop,85.94616541934536,0.806988806446463,0.7413696914476149,-7.909243923916435,0.4029983785378024,0.07714350584020677,0.04498145064219847,0.15383697416187686,0.6789126339290387,229193
track_07105,Metal,161.34703980654774,0.5965360004092362,0.8009635365225096,-1.8209396967715694,0.03421354678949851,0.15476874126189033,0.18449426810665503,0.1281358503603095,0.5868437795611507,295277
track_07106,Blues,91.85492805295918,0.6688415500276643,0.7387297733262808,-6.0284489001024,0.09019117365328447,0.5496088937679114,0.059239973446653084,0.15530907782566866,0.5685966348015842,263468
track_07107,Metal,157.5703536051226,0.5614389784548558,0.8968831132256906,-5.154497863495662,0.06226472984014565,0.0916577849915004,0.1935918788874662,0.1445428315345732,0.4086485605628751,238039
track_07108,Classical,66.4615394407818,0.22689481534023961,0.3055453708929643,-26.304559138442883,0.050720481246962976,0.9761298413520203,0.968481669966894,0.4027640749209598,0.48942155176861063,498987
track_07109,Jazz,103.74862651019265,0.4662292789189686,0.4631354031618079,-7.320280246968682,0.04913915575120857,0.5534476617983459,0.8552615548221238,0.2565952797329311,0.6976942645226609,346495
track_07110,Blues,91.87556645180426,0.7885090581310737,0.7872824493703428,-6.671488748732568,0.08857400266683155,0.40579131486138054,0.1187633150270626,0.19558513043726766,0.5123144262730659,269309
track_07111,Blues,87.70029395478825,0.6444425666876124,0.5755465399020511,-10.956812663291512,0.05701482006344864,0.6168085571370114,0.12413201299701304,0.29747966193339803,0.6572843705403578,202649
track_07112,Jazz,145.51039214618464,0.5564942095981227,0.39678847920847427,-10.808350152332226,0.07194564679556983,0.5886911343334842,0.8871190064447476,0.21145282947742222,0.3282950684523719,416115
track_07113,EDM,139.91620719649998,0.8507077492447027,0.9349756259868119,-3.8477255633396643,0.05923372126631453,0.10496466761279324,0.1311917882302188,0.2295790844337109,0.70050427596296,191789
track_07114,Jazz,128.630047805398,0.6135632552726145,0.5802909287855852,-15.807449211458579,0.08347656004938922,0.7991456776481514,0.7890392330695625,0.2633449078814143,0.4164159070965917,281873
track_07115,Metal,164.66123976015444,0.5547540726624854,0.992563606118546,-2.0924267449139125,0.061630863641190026,0.08465448848042974,0.024628478713964366,0.15016042740613908,0.3813525139221111,294139
track_07116,Classical,71.79325947811414,0.23155212642228745,0.2772328070223224,-22.190116278001277,0.06825630468486715,0.8686317474491811,0.9603958256459507,0.49881737591227865,0.5383393740145146,511239
track_07117,Pop,124.2003090631003,0.6527428411343946,0.6275521274398876,-6.89552599167105,0.10211778844993157,0.4078930181309456,0.0014098895833618787,0.11199554338040428,0.892626037170895,209818
track_07118,EDM,130.34957207995248,0.8776241092680086,0.8405262568774554,-1.398641878200944,0.050072994279712436,0.16408231054705666,0.06491083743231044,0.20297247992969275,0.5837908400305096,299323
track_07119,Country,95.73537318759824,0.6745644802758247,0.6522946552974074,-5.290571522917306,0.07094043161271882,0.669093641919964,0.13877010257933575,0.26765307463973,0.619469906041318,218736
track_07120,Pop,98.37029016161907,0.8442344093497968,0.83208096242908,-7.158805883329024,0.11997171990550705,0.4962136968535127,0.031065946456359163,0.1537069804847849,0.671850033777321,195490
track_07121,Rock,149.46229422471797,0.641277098632755,0.9426352619277846,-7.209932187675022,0.1326324609325933,0.14726806173551327,0.17218100962574945,0.25604964945493136,0.44113536094932093,271831
track_07122,Rock,142.8898304040896,0.7776868182822011,0.7641194465127125,-6.1665717189506735,0.14599804645984066,0.34641938200521694,0.18608735450233932,0.1209296312746819,0.5625292788278092,217062
track_07123,Rock,119.70392647431204,0.6137584114523071,0.9735944617995959,-5.327253465110776,0.11036473845002549,0.14011618553215976,0.11689928422845418,0.32883027994163494,0.6267793080937006,204460
track_07124,Rock,152.59251759197485,0.5319983042167716,0.859640197015633,-7.828880122860291,0.1459837242036286,0.1910684065636491,0.10228246334347953,0.31212615120680876,0.4513900969251101,221326
track_07125,Classical,72.78965081064412,0.13871083305925222,0.35187688993272714,-14.330242700840653,0.05409021255561593,0.8989853865753336,0.9929558322996094,0.4257011564329835,0.21525155024625203,433189
track_07126,Pop,97.74072902521497,0.6218946153582858,0.8486711760727925,-5.889045474861554,0.05939375310236328,0.24326803368707509,0.048997451311342005,0.12860033849753968,0.6427774346002324,237663
track_07127,Reggae,90.2386572249321,0.6846909767772762,0.5443477652041369,-9.06986136101904,0.07569149098917773,0.5381898032460519,0.11150929662170905,0.2648037673081255,0.6530251620856458,223877
track_07128,Hip-Hop,90.74245088912916,0.9046034546676537,0.8566539716278949,-3.062437832292738,0.4540298945950678,0.1133151984954195,0.09754026350296847,0.2844822012342759,0.800811418212583,229718
track_07129,EDM,131.6947691681727,0.8517912124925903,0.8677982856248441,-3.907281986039945,0.05250759478215386,0.18902961389589412,0.022905252640340223,0.29059696785891,0.6859032575551262,272455
track_07130,Country,88.9427522617716,0.6178464047670451,0.5585269149054173,-5.101343182699767,0.08444724454726593,0.5806206174365123,0.031118668551078768,0.18124084628041898,0.5273619895870941,276087
track_07131,Metal,150.78630688950244,0.3458245473507994,0.9378662343631234,-2.957732698947854,0.03837282347380273,0.18086621760141922,0.026580786651545354,0.20231471721079214,0.45848830282545205,261415
track_07132,Blues,90.7100938514597,0.7044650495382402,0.6993816945026481,-10.056853307822713,0.0792962186319596,0.42369761357153435,0.13213329796433426,0.2305386030326334,0.5002487274615739,194762
track_07133,Rock,154.2407519082507,0.733360565193087,0.7790269197221973,-9.889787818178545,0.042393822384759874,0.34705712205123795,0.12159219450423715,0.35172880483554103,0.6190057281387231,213026
track_07134,Country,95.15483836872663,0.6144217657153257,0.533232699092149,-5.747347443470126,0.04910635148093245,0.650866691996824,0.18829044727759303,0.210467923690276,0.7781756089507895,234356
track_07135,Blues,82.72010384400838,0.6880940086310557,0.7128679333839302,-7.381014509741391,0.08638081185476351,0.39645502164065055,0.0008977782599098428,0.15328842015977953,0.604367439312085,193762
track_07136,Hip-Hop,90.85659909488382,0.9226766519578774,0.6107367638343669,-5.810352401919148,0.3221766319145336,0.07134032116123618,0.0925684508011927,0.2791840558411928,0.5224385864321891,187931
track_07137,Country,105.24923056666331,0.6720265131485129,0.5406913775942297,-4.349584979521693,0.08099964983168101,0.6675273897705137,0.09513270925766755,0.10297658559116162,0.6776211588821549,274785
track_07138,Pop,99.77400681904469,0.8483615946841279,0.7625558241603916,-5.92447608057518,0.08532515679024125,0.14470754504761937,0.044694860467714904,0.27877129534439893,0.6529806141423495,257677
track_07139,Country,107.1644603303808,0.6077193612692313,0.629059178012171,-6.513275279201005,0.048028802024718514,0.6771146583663668,0.13935428273940503,0.27566692353574573,0.5844393276898316,231000
track_07140,Rock,145.50463169252038,0.5890789673432713,0.8764746323440936,-9.490040842255958,0.08748354353547556,0.2197103750865386,0.07523370575872505,0.1461260469061747,0.5374863651257528,188501
track_07141,Hip-Hop,77.84119878676852,0.9088574104479479,0.680825729873846,-3.183648768286374,0.3050052760726011,0.27701241387221137,0.053452191247630045,0.252645652761843,0.6256877536073929,180214
track_07142,Metal,160.65625826951918,0.5918225810490247,0.9753220275746423,-2.4003792762525524,0.05163917063215147,0.042904852407990114,0.13297466344133294,0.14031982180123748,0.30607768497800825,207551
track_07143,Reggae,94.78221967086728,0.729156012245928,0.6941750310686725,-6.484748666545635,0.060139120068207645,0.6832687806532761,0.04426429829291241,0.27433597936516807,0.7732523004962273,216039
track_07144,Jazz,115.9606396756765,0.6049005239423113,0.37476451936979777,-13.090413553212166,0.0883692516020144,0.8547284773061059,0.7094882848257962,0.20046362686534713,0.6015426541953746,403917
track_07145,Rock,157.11329171866717,0.5126114296888165,0.7668808416252175,-6.652705056050429,0.06470514510202983,0.3873529758650812,0.2384797510400003,0.35946397600094904,0.5865271623145913,219745
track_07146,Blues,84.09996242456513,0.6420553457814291,0.7691573531647014,-5.0431804108176745,0.0984411057212605,0.6564764398549725,0.012623309567526709,0.2254361177694078,0.631988513717076,180806
track_07147,Hip-Hop,87.33270000974312,0.906680424422069,0.6010312179504206,-4.922459474041904,0.3823809137596956,0.1928186966790071,0.05026398353747431,0.104233293753136,0.7911090112963411,170313
track_07148,Pop,112.72530655387449,0.883360325906432,0.6412289343380173,-3.041420888720352,0.113451868797145,0.3284612665932479,0.017121302176071135,0.24472885467003794,0.6922657908885335,192983
track_07149,Classical,64.0982789818655,0.18693609901047223,0.17435171734630722,-29.610331414886435,0.03399813687054252,0.846953236701226,0.9302226069958344,0.4836072969719297,0.5598597322049628,447220
track_07150,Hip-Hop,83.82283986570341,0.7956355691667312,0.654008905833046,-7.632826584080674,0.586604291339015,0.21799456588316984,0.0325605277488241,0.14923007401719773,0.5817287668163866,185356
track_07151,Blues,86.83289371497075,0.7597224140088374,0.5580347610299141,-5.621829061647944,0.06696117173932742,0.5133878390266746,0.12219493258998047,0.1612492927725775,0.768668503909347,243931
track_07152,Jazz,110.42008503330928,0.6589413499075973,0.46649964341707706,-10.330884042497699,0.0995385384698872,0.7586773608166415,0.9611764636203494,0.35019717872093414,0.3191473558081299,369265
track_07153,Jazz,129.6349295208983,0.6009248500420725,0.5707499181502387,-14.673963017707077,0.09909347689453113,0.9388340057384705,0.8345325622633414,0.4580825309878457,0.46992965269804815,392349
track_07154,EDM,124.16666845357814,0.7820672034473548,0.8769899625410398,-2.1166481920475695,0.05206304102081072,0.17240931946998944,0.14174213776684672,0.27870180147965773,0.582028670389339,227294
track_07155,Reggae,83.0778901267734,0.6878361457070521,0.7301612359484178,-8.342608722904501,0.09840652050144925,0.34597141995715996,0.10154813196761979,0.20642237151563067,0.5446467720167321,221983
track_07156,Blues,90.11238979108438,0.6393034202130792,0.5649390985758371,-10.128966327315048,0.08968082163368168,0.3669758583359177,0.05978452425150904,0.28408684638711745,0.726570617299491,188213
track_07157,Jazz,110.2482354770477,0.5503148948380228,0.4271345326411678,-8.622362884522289,0.07460517113756267,0.6973381568266555,0.7393084019666872,0.24898924655049454,0.5886016720643713,252082
track_07158,EDM,132.98937900260051,0.928475815502026,0.9434159498362571,-1.8372316895120537,0.035569504991372444,0.021441927207956502,0.07402603375923546,0.16283943537529466,0.7428142032153977,267034
track_07159,EDM,120.03174692359524,0.804625967468906,0.9745683956807683,-4.103721904086155,0.061137109896872294,0.015306889315630779,0.16435009115328572,0.13199422035497918,0.6838051508337033,285435
track_07160,EDM,139.43766704459833,0.9251466731206658,0.8336829725041925,-4.757024821080204,0.047389123589086715,0.01566064172457207,0.018540889496674404,0.2427464511901765,0.602950261994184,292723
track_07161,Hip-Hop,86.18854068698536,0.7866048268708941,0.6302367502437469,-3.7741191049662257,0.5947598737084018,0.14628534636566629,0.013510569421190933,0.1640659779361177,0.6641214274101526,186176
track_07162,EDM,130.95176835709046,0.7395459278153136,0.9251673457008907,-0.8370888860110979,0.0666895312066806,0.11151495321225957,0.23648514769789158,0.19095434663923405,0.6960723105700128,262749
track_07163,Rock,138.77910622640397,0.7704905147523685,0.8711404285213589,-3.5754701928910677,0.1348117131375397,0.12278688981149942,0.01672213990338914,0.18934490920313674,0.7532475050103581,236348
track_07164,Blues,87.3423931784737,0.73116203391243,0.5538725956497876,-11.419221653606222,0.05894956753816214,0.625757547836586,0.004341571271371736,0.13000792262929745,0.5318347416173366,199571
track_07165,Rock,141.56024951428864,0.6724714794656472,0.7360714937938275,-9.271060981880604,0.06190693537872934,0.20725475252229067,0.18508727836570643,0.15034958157162798,0.6770170671243556,181665
track_07166,Classical,74.0789234297063,0.11573191265034255,0.2764614467555838,-14.399979279018826,0.02403466839697419,0.8826916681680362,0.9311556477171252,0.46756299307588955,0.3050623156696503,586910
track_07167,Jazz,111.67764886543605,0.6737177929127329,0.46273319649524314,-14.368062865774357,0.08423584263238731,0.6565171117721529,0.9145261416452396,0.2937662049635661,0.6389176537154877,342130
track_07168,Reggae,93.07223868451611,0.731839508798399,0.7452579905197986,-9.049909873163298,0.0631741338651725,0.67965800296589,0.07735627116276711,0.11569556743483234,0.5923488472978056,206527
track_07169,EDM,120.56096786568166,0.7377193303152939,0.8143030982401526,-0.5889153288843314,0.04326797623532287,0.19449141955851948,0.12628254257467075,0.28955071577922775,0.7633192235993647,200906
track_07170,Pop,107.3924871306546,0.6917933112979355,0.8352408167662347,-5.854311882194256,0.0539290666553612,0.23611655746009177,0.04381214167635213,0.29951200852869353,0.5118593675796532,187926
track_07171,Pop,109.10414385094857,0.8017950473732406,0.8401427395839589,-4.660661291635558,0.0877723712953794,0.1654486182477256,0.031258890480450316,0.22221737245522183,0.7475012497162198,221261
track_07172,Jazz,116.83200003235757,0.47236045759093775,0.5801321822033819,-17.288092190771675,0.050261168451774876,0.5758143261327628,0.8307973700278347,0.213568878990237,0.5720275889101445,411073
track_07173,Classical,70.62727765333759,0.17685559701748516,0.15692476422141083,-27.111787759473582,0.07518079185594324,0.8260326512461242,0.9359673451458813,0.38965744997170537,0.3632305254120789,486729
track_07174,Pop,114.35059886175948,0.6028866890131424,0.771362016348605,-4.43801296251946,0.062204610306902886,0.3837526750766126,0.04969256459515861,0.15881110053326392,0.5154288093242292,246541
track_07175,Rock,146.66977157345303,0.5858639666595911,0.8955624161001372,-6.591464984462839,0.117887562271419,0.24168761740820718,0.04816269731769016,0.3617256207071501,0.6703068278395479,276409
track_07176,Country,99.44026230669297,0.6069433201683382,0.5976185887519693,-8.155563038167386,0.03541872765656026,0.6504730010485475,0.05927217372448075,0.1391294257130755,0.5599635996395683,266438
track_07177,Hip-Hop,88.03349226672599,0.915710929025528,0.6439879588449834,-6.536470317884979,0.3644205798841648,0.29139984685527,0.016892441081599353,0.21958601113111642,0.7531654394241365,179327
track_07178,Metal,169.05911427236575,0.5074989120086132,0.8967843291522886,-5.581558589660635,0.06506180547092383,0.05622097308816847,0.015174387281329938,0.1339571962646549,0.3861658807235444,203569
track_07179,Pop,128.44073907149166,0.7530327445848197,0.74764606935627,-4.191689714190467,0.098726264034365,0.36284798849114064,0.035766627039330826,0.2563064268274816,0.5841975035432916,220223
track_07180,Reggae,82.79052007428947,0.6280089164741078,0.7883506358526908,-7.72941325820217,0.04037857649381821,0.6236743830767677,0.017408323851224882,0.24163115162107768,0.6862547064878977,283145
track_07181,EDM,125.8520388385088,0.7713682473905192,0.9801266879605932,-3.1169563064187304,0.04845685267501154,0.08455713296302368,0.24205940285221839,0.17526130843885096,0.8329992143299125,253858
track_07182,Reggae,87.76418517972172,0.7008481550862118,0.5073784696254037,-8.238153354996632,0.05107180755210829,0.37832656837230627,0.12007490074831849,0.14527669923841285,0.5641943214300392,202539
track_07183,Blues,99.54316887858246,0.7439476853732123,0.6860373133093084,-10.362164412906306,0.046623972409160774,0.3295034677180489,0.021604568100947266,0.16915241175564802,0.6064880508848821,285465
track_07184,Hip-Hop,78.34116733479851,0.7897224173370858,0.6945334523147613,-5.498176089920121,0.36352932113188335,0.22473811570261407,0.05083051980362718,0.25028673443325405,0.6017526873706105,247864
track_07185,Rock,131.6770680801768,0.5311253670973939,0.8304034419451624,-5.133150432788836,0.0775970211899305,0.3460457490566827,0.0987178443259272,0.11368161960642836,0.4033164656179889,215481
track_07186,Classical,70.23895952447994,0.17680459020206668,0.3920986081647848,-25.757517805391437,0.052367648891094756,0.9598560573171919,0.9028495097371967,0.23152649209271464,0.2786239147126207,523232
track_07187,Hip-Hop,84.7968677045814,0.7403785582525869,0.8549215419724039,-5.081963725816463,0.3213627998287937,0.13885115735158507,0.048024750071640726,0.15993862665331912,0.6471066559337504,228493
track_07188,Metal,157.13452257613366,0.5341459855659001,0.938677156956571,-3.0366204745196743,0.03662046109592356,0.16658983792296744,0.12145574245013194,0.2402343235695653,0.5336243952378383,301154
track_07189,Country,115.1499013193963,0.5857056179067586,0.4775610469121304,-5.339003572092762,0.08276124513756417,0.6495397861809816,0.13933899914145392,0.16234546019632715,0.5981006798723779,279562
track_07190,Pop,92.00012011948074,0.7562290880879659,0.7999552535755432,-4.558003918605335,0.08811380692868293,0.4910346309498709,0.03804852543486874,0.2733071724751224,0.5050865626580369,194936
track_07191,Classical,61.24644839981325,0.21814728875255526,0.2627985868970643,-25.584797920552944,0.07272119861735972,0.9255558807459876,0.968538081627806,0.44855764369491796,0.24097735698363723,460995
track_07192,Classical,56.71017502801641,0.1477633298729538,0.38950760753459024,-29.205715250785726,0.04840145787137018,0.8730963186211167,0.915926330419233,0.4139730325668276,0.5593284388033064,467408
track_07193,Pop,126.39946387316522,0.7738549084748826,0.6283099038927594,-7.441499730143093,0.05986687927540106,0.46836751489402395,0.010521543798315264,0.1306111478432525,0.8953854317168595,244272
track_07194,Pop,125.77565887886962,0.7165174300447418,0.6462747157461708,-4.308799994657452,0.068961957158448,0.4078950772684796,0.013116075131283562,0.21145764774187045,0.855070856509133,200508
track_07195,Pop,109.33919398173153,0.7981994643629358,0.6609281992657163,-7.427153445281828,0.09648162957355307,0.3379552780543995,0.020074177509788533,0.1073364789667556,0.6901117071563924,217428
track_07196,Pop,122.73921063903849,0.7078414923131612,0.7465494940895547,-3.3032381461791225,0.08579183738142579,0.1779132109246446,0.04731131526656085,0.10518199136070483,0.7571280531365298,188490
track_07197,Pop,117.87460844647082,0.7196628311918969,0.6239485609725428,-3.7088618763603804,0.10292960876806631,0.1504730293044222,0.025240725280465472,0.23572628327693282,0.6639240203712232,234706
track_07198,Classical,69.88803303093243,0.17691101412250002,0.22868695154219543,-21.80496268666384,0.04357252087519999,0.8951749243096337,0.9153783590337018,0.21730400052979026,0.4894106028707538,336049
track_07199,Jazz,109.13857110853776,0.4968507296639932,0.33677831814037956,-5.2938816711818095,0.04821480615884786,0.5402986941846942,0.856579679548717,0.21950501356608398,0.553616722008835,393621
track_07200,Jazz,119.76809294405646,0.5841819560164112,0.5536149723689764,-10.76207634291513,0.06287838958018116,0.8473710777030385,0.8546606736021589,0.3585206702713643,0.43406101469985564,328485
track_07201,Reggae,96.18336192822078,0.7394637332861707,0.5596351650326763,-10.721210093302798,0.08225152847758693,0.5664865956251562,0.028446849509079164,0.23441795343165106,0.7342245237097028,226568
track_07202,Jazz,116.73541458950933,0.6314386548227056,0.5191035072821601,-5.342117951458805,0.051081475755145905,0.7768956525635533,0.9411490680772309,0.23730380612678295,0.6158283071840225,260555
track_07203,Metal,146.37781873419019,0.3024591907423878,0.8198568665746412,-5.827085418995733,0.04493237543037508,0.0651889561868944,0.1731982621755082,0.12498588154866475,0.3555273042110649,316397
track_07204,Jazz,128.78067802049205,0.5495607982631429,0.34328571481986003,-10.550951164741653,0.07088214960858528,0.6515051637647185,0.9077955407537629,0.3542240426277715,0.6362742544309004,292608
track_07205,Classical,70.4130449970293,0.14676197317020434,0.37661055716257263,-28.237432306740924,0.0457103656814363,0.8370381442653722,0.968213881083365,0.4114976993421253,0.549005606189267,450421
track_07206,Pop,89.21582970632778,0.6226963269154214,0.820821556727552,-7.092135175605457,0.05416849394125141,0.18866025645568266,0.004260125067293863,0.2244398426865868,0.6789975558300954,223828
track_07207,EDM,129.71849847811438,0.8132493085902425,0.9181585273361299,-1.2791235206130844,0.04123193353101464,0.026571279772357292,0.1983388539153073,0.2021373619780506,0.8307204660904786,286718
track_07208,EDM,127.94544874842639,0.934482438386921,0.8115207659985958,-4.291881225358045,0.06528912596715683,0.05445700774045317,0.12032972011369916,0.1009182876649561,0.6965831898297989,211379
track_07209,Metal,150.470150128585,0.5930244334345858,0.9824675018462052,-3.1063999349760665,0.06887384553057532,0.00399409804986699,0.04029836483062282,0.2535726056643238,0.33185640408686823,188876
track_07210,Blues,91.25460529369782,0.7043647387857972,0.5657628410329859,-6.180744429813349,0.07811326254009393,0.5032006279655443,0.1623406390502069,0.1407705816377836,0.6743483904050833,256075
track_07211,Classical,65.98965005764813,0.14500399621150567,0.34160321958958495,-11.004988119031822,0.06236313769430002,0.8144511004684133,0.9628163812233991,0.4202346007464478,0.24445012950013895,348293
track_07212,Rock,136.15340846456198,0.783603912059325,0.919836399653682,-3.222940030483688,0.12298504215263145,0.31768883119094987,0.12827517256128843,0.13194188951164465,0.6521449393344966,261752
track_07213,Hip-Hop,76.99430418873456,0.7490035235092481,0.6795428737023435,-4.054609361203853,0.5858949650551541,0.29757825084603506,0.08086547514922879,0.29151181710300966,0.6135323999491061,170970
track_07214,Reggae,93.33109681773391,0.6765945959002622,0.5476469635243387,-8.463179548865353,0.056227106562967845,0.4706091816146709,0.07548857444876128,0.19009442970781207,0.6495696777576382,257327
track_07215,Rock,119.27727816648891,0.5384510021736939,0.8374861397827714,-6.320945927304848,0.12291079288043658,0.342436405959719,0.1405557075379361,0.3762207786696127,0.7154648748021433,275276
track_07216,Classical,73.16985933609952,0.16381767295338318,0.34069513228062226,-18.765186598343423,0.07871340036256841,0.874204390449565,0.941716725809324,0.24914194978628634,0.2638560527500328,473448
track_07217,Jazz,116.58402953123202,0.4495660597508823,0.3911785582562757,-13.125696895221175,0.08492517215229883,0.8135434861485596,0.8082175895464594,0.37728357986207717,0.41852897110358683,402424
track_07218,Pop,105.77746220034038,0.6202604446184112,0.835879957148355,-4.975827279986693,0.11494056744436844,0.15083926894298366,0.0015989333792647553,0.20865645049601922,0.5700877532390666,184784
track_07219,Rock,126.2086020834049,0.5081299085537467,0.7213811431720937,-8.010723167859652,0.132527244092928,0.34205816749225704,0.2986259432146179,0.3221599841074103,0.540488820396132,228380
track_07220,Hip-Hop,85.92529214321395,0.8590629644518143,0.8987344839400352,-2.8986151425771016,0.3853772358231957,0.030465783831709347,0.010662718014627481,0.1723217549837573,0.6908743980456169,255621
track_07221,Blues,85.7709093701182,0.6873462640621688,0.5040806727639878,-11.239471749922004,0.04488587612901128,0.6162360688316344,0.18087969076448845,0.13490578951654097,0.6573517719301767,238584
track_07222,EDM,130.9218714899504,0.894813149509345,0.9641516918850044,-1.0741820478836117,0.04005989154938605,0.06751482395514914,0.06257015713916465,0.1006623444229555,0.5258444110994548,274588
track_07223,Blues,93.27367838154994,0.7370798177440059,0.6211686737267033,-8.510073554654866,0.06087148413155413,0.5204835954501975,0.027739163261590406,0.27768841988902687,0.6662144085728812,244564
track_07224,Hip-Hop,82.72510400499439,0.875615991599101,0.6124333243694737,-4.975139584609591,0.3897061643335062,0.21277142033837,0.05102634106641212,0.10335991650855769,0.6061952203165513,226421
track_07225,Pop,116.85269020106715,0.8596898792374716,0.7569443292539781,-3.415424318170354,0.08218826074769969,0.4992711578205048,0.04287638297172282,0.2258703607709058,0.6568030174693511,221355
track_07226,Jazz,134.684964201836,0.618689317123297,0.4028040516212323,-11.885825319278407,0.0934121768893505,0.9761710082105222,0.8854450076144478,0.24500387700754545,0.6069114889300694,378642
track_07227,Hip-Hop,81.56456281667579,0.8828075447469839,0.8251761149945477,-6.448617190018015,0.5761960871808023,0.29938415238636795,0.05612972547074085,0.16331902931809822,0.64304425132963,225874
track_07228,Reggae,94.83014272251059,0.6015559391953532,0.5925009543520169,-11.65697122022685,0.0774507889852696,0.5416214542559704,0.118209610264496,0.13019813462685778,0.783367752322457,259858
track_07229,Hip-Hop,86.90088189283907,0.7938298581622785,0.729310521345797,-7.304644080906025,0.30787133459402294,0.04326855488072002,0.029670845904545853,0.1566340434432179,0.7812584562278171,226764
track_07230,Classical,83.37996462361593,0.1587034012512584,0.22602232355944696,-18.426025411387442,0.052592206296869004,0.87348037526954,0.9343263079396976,0.20039563430779622,0.5524450986458347,355432
track_07231,Jazz,119.89296719836976,0.4069817437980806,0.3753582097603838,-6.811061530977581,0.0625420968809951,0.8447025611503818,0.8841552115353555,0.3415815094207926,0.6332875190059215,283226
track_07232,Pop,121.00615328732128,0.6439072986969879,0.7341509199106235,-6.018885334442789,0.0780099086551761,0.38068116332529367,0.03279736347715513,0.2886081972622287,0.787340164460006,216264
track_07233,EDM,128.31379036709615,0.9018990619055365,0.9167700017077769,-1.845259652806253,0.03884231363099243,0.18200826030742157,0.1946753450462579,0.18354803641878192,0.8526687903885684,273748
track_07234,EDM,128.54472447875173,0.9221998833129912,0.8205064042282664,-1.311750174931169,0.04146080923740473,0.015185327955057405,0.26848947080428254,0.29447882553816535,0.5527378466895347,216882
track_07235,Hip-Hop,86.32206017394905,0.93706465898366,0.8657713088646757,-6.740988321879331,0.32103375995755457,0.18607595159523796,0.0155056232105386,0.27262132422522334,0.878982519140516,244113
track_07236,Classical,71.86569170217119,0.2250450216650154,0.3175773748104933,-19.753757274946558,0.042141948403908544,0.8612049868502051,0.9665968114277543,0.42336844650768146,0.3155344441848424,592350
track_07237,Rock,136.79419586731544,0.6673730027138918,0.9436713630786006,-3.5030872833068267,0.07195963142302336,0.15338666072373272,0.17464293560147934,0.3687330193007081,0.4993919949741595,296425
track_07238,Blues,95.50961442064892,0.6514830507128938,0.6812846487621056,-7.389581693731582,0.05545733118187984,0.4345956419058252,0.17241259732579564,0.26210250756411857,0.5551342395432173,206742
track_07239,Blues,97.82153831158917,0.6353398400558002,0.5424710357119035,-11.129939411241072,0.08578569370431381,0.6152316168568869,0.17774348687698252,0.29282627396661476,0.6132229605439449,256041
track_07240,Blues,90.25043082287583,0.7582109659783225,0.5844218719202479,-8.20946952483035,0.0870239490502292,0.5180538090707387,0.022011982475589754,0.21810697229443748,0.5353432729215976,184901
track_07241,Rock,147.75590673288252,0.7121566036200456,0.8106961882933289,-6.804308018566173,0.11572588314963614,0.1442223095536049,0.21361401300211544,0.38546558412289944,0.47026895800106816,285549
track_07242,Classical,82.81172202652265,0.23012144652213123,0.30018534597341356,-21.59472506463148,0.023307795636908834,0.974541453920386,0.9074022802393529,0.3392103572988221,0.3207761097672124,584740
track_07243,Blues,88.30929033091529,0.7745906203319748,0.7020406953365792,-6.981438845422328,0.04397833802908213,0.4426168085585984,0.023599558776222773,0.21231329913519587,0.7512887242643165,238897
track_07244,Reggae,93.4637402041379,0.6848141852402747,0.6042622416569478,-11.323543816713105,0.04887605761030309,0.6969348480995303,0.14696513703788888,0.21971143913846058,0.5910849461814284,196470
track_07245,Rock,131.83825600800552,0.6008431530291046,0.8427642564237425,-4.63613238676271,0.08001448771438441,0.34632367552480114,0.14158043739022746,0.11811354898053364,0.6521389910391733,254208
track_07246,Rock,155.63261539126134,0.7435216307252248,0.8815783334273297,-7.327341478457695,0.09511455179987124,0.30842715778750956,0.06405380167100704,0.202433525311633,0.5002041905390211,246445
track_07247,Pop,107.93603137608244,0.7946810275816981,0.7280080872364841,-6.278063001897289,0.07924529336381902,0.44547216644699417,0.009910467775399263,0.16352428270571046,0.5794076359336514,190263
track_07248,Pop,95.16531621904373,0.6870270971079836,0.8368524431644699,-5.398864744816228,0.11087665706285782,0.2077465122595565,0.030618474776545904,0.2526489673806525,0.6686347152892079,258915
track_07249,Jazz,100.59029006835826,0.5119864047052154,0.4959751251874202,-11.592911977593271,0.07363764027779443,0.7116854840443118,0.7270691968461062,0.23646427318753005,0.6341285722806491,367838
track_07250,Reggae,94.6271824275887,0.7893560765589759,0.5525978829143606,-6.15439120271356,0.06936507903235449,0.5647248517994892,0.05474937591405951,0.11892262060726476,0.7333118119656387,227373
track_07251,Reggae,88.51042732855969,0.6420736698831013,0.619881794358091,-11.138509639084713,0.08933717146014977,0.3811525773245878,0.08226763215914626,0.26033592541461026,0.5350177182569064,273929
track_07252,Jazz,118.58357351854403,0.6454493357401634,0.3435809287152166,-5.803043070421024,0.09059344691479246,0.9594266491166679,0.7856933220735138,0.3006709817439363,0.4879701738176836,319616
track_07253,Reggae,89.5749280429264,0.6663542849980839,0.7391477879039066,-9.639987315938363,0.08018950593270055,0.5240777367978767,0.1193986010195681,0.20222832799769286,0.5406382257557067,275148
track_07254,Metal,151.5798742463769,0.43381121131159006,0.8173931206009147,-5.676070223550182,0.07217192594786759,0.0817304175202724,0.01080320927548708,0.2326108548395304,0.5049907201444906,280373
track_07255,Country,98.16444118088177,0.6649005405535582,0.6424534101287621,-9.025110481789866,0.06855792734635922,0.45440329020235753,0.041718120067618394,0.19639501005849636,0.7021621032174428,180277
track_07256,Blues,88.89774185742803,0.7280834035462483,0.6756524353151643,-9.1541370334688,0.059771515560586436,0.37192318635619626,0.012028616981424989,0.22689952844118225,0.733760135337362,201896
track_07257,Pop,115.67692777969849,0.748791772088721,0.6081569588960483,-4.281104363790517,0.056751784426674244,0.12161413164840768,0.025358089057328177,0.10964956627546285,0.5802699239074322,257855
track_07258,Jazz,94.97494254693414,0.5173138289223242,0.5244299205752011,-6.6380002026016705,0.06865383079849897,0.6470144575613832,0.9335212604482801,0.35113050574730553,0.33441183647919726,273997
track_07259,Jazz,105.58237321236643,0.6442116335078355,0.48888475354602945,-13.782937060275156,0.04217645440237532,0.6538586155220139,0.7334032752674684,0.3475883808548153,0.6309597216678466,385036
track_07260,Reggae,86.81931460080261,0.6036732351148045,0.5499494190138288,-8.681758402343403,0.07952081590958882,0.5860503798384222,0.16324865259370427,0.10984372293201712,0.505544960003968,228756
track_07261,Rock,134.68483590996485,0.5541379596793254,0.9926350630120993,-8.207065719321344,0.14455146096676325,0.3539131629935407,0.09978455463777654,0.2646406273761186,0.5351861119438516,225129
track_07262,EDM,123.26824071250749,0.8159449654855824,0.8183934367691369,-4.776023264272228,0.06738627714408676,0.16507996572457695,0.11846287780305682,0.19171874582673037,0.8472450236122794,278584
track_07263,Hip-Hop,85.01461980312047,0.7555000018474132,0.7701416024417245,-5.185897982354596,0.5336660665415922,0.28073081120440274,0.011073511256764867,0.29624126441273335,0.565963590773754,172211
track_07264,Hip-Hop,86.45972377263989,0.8938415480687426,0.6466354546811488,-3.0950132305788314,0.5020468971761117,0.241587351235177,0.05634317489699933,0.29682905060321974,0.7371749328663018,205563
track_07265,Jazz,107.24879189081953,0.469868353214887,0.5521261619255895,-18.74895336360709,0.0543495659103199,0.595517068199364,0.9860175186045652,0.3882062486258693,0.5864860840246698,337342
track_07266,Blues,80.30960990000273,0.7581984135419289,0.5510488923115026,-8.042753137840958,0.09738528566589424,0.5101911174227886,0.16134028207568143,0.15122758620037688,0.5174070438584852,264499
track_07267,Metal,164.43596028077516,0.4855467987124089,0.9742623439921736,-3.8766686847285774,0.05559604446906738,0.1521168916729283,0.10925523814047691,0.2143968373530276,0.46600169622079624,276340
track_07268,Blues,87.67710461079892,0.7611393982261301,0.6455634925231494,-5.694438178565055,0.0885169987617426,0.5769760225756471,0.17973170131206775,0.20741866218423785,0.7465522801171491,187522
track_07269,Jazz,109.74121347190489,0.526022859835761,0.36147420545439657,-9.609888771722318,0.0822417405290274,0.6413601356598618,0.8431877608367522,0.335512123700721,0.6111916466392917,246175
track_07270,Blues,93.5274941353385,0.6251873002472838,0.7718509833911018,-5.131807253660545,0.04379163457403482,0.33122712265366955,0.11311889494176289,0.2067800897673998,0.6765963973333512,199146
track_07271,Pop,122.26115516422936,0.8709395888852602,0.6767960778274743,-3.985403709767417,0.06775167684699639,0.41279677612323384,0.008405313162028106,0.16954076299932658,0.5343774247749815,198787
track_07272,Blues,91.22883285866992,0.6636309967896988,0.7006031469397515,-6.993214725135058,0.07528223478002707,0.6080329992844324,0.09031454406112471,0.22558280166991987,0.6077775221384722,294255
track_07273,Reggae,89.07636297900795,0.6536581295802356,0.5560168433059727,-11.156309718950391,0.09892491493873515,0.5698895818685162,0.1574061463269518,0.18029739834745728,0.6243832644084086,241332
track_07274,Reggae,92.35766593371083,0.7115297409902368,0.6172597907340507,-7.917619911088566,0.06971829352496148,0.5986310352789586,0.048052372498686394,0.1972439182930038,0.5948683896258113,188329
track_07275,Metal,169.30142964106255,0.48641351191808724,0.954192104258571,-4.381770039266447,0.04846524178415446,0.17764576883878558,0.14991563784729753,0.17685212190227584,0.36460747367616864,299285
track_07276,Pop,111.25374467150465,0.8370994199704259,0.7109585011334124,-6.8617989939696304,0.11554302777619024,0.3848216024487895,0.0431768587833603,0.12321729126670858,0.7819617842926687,257429
track_07277,EDM,122.23220506800385,0.8036949834576446,0.9235373529147684,-1.6126379275825977,0.034679243048023646,0.08876499888122265,0.12765554545214117,0.2572488996767364,0.5164834749452736,298949
track_07278,Rock,139.48340806705875,0.7350571216727552,0.9091280534034377,-3.701725185393104,0.08582024384243514,0.12882712919443506,0.09945008385645392,0.283374813492486,0.5291582893506219,235833
track_07279,Pop,113.51899405348404,0.7707289763030021,0.7402202415763566,-7.403469143001645,0.07484597754246541,0.19663416709555503,0.03415106205553164,0.28672936737406507,0.5849678617190105,236147
track_07280,Classical,81.64014866488625,0.2008126758137207,0.26042268959619885,-22.286323005599122,0.05517367940617575,0.947217014342771,0.970012256391654,0.2090624070477179,0.43731856978663186,383523
track_07281,Country,91.01080388890446,0.6662372029393508,0.5861223336919008,-8.55424802064922,0.09127282601502887,0.6419743141526042,0.1478013397036319,0.19191144025894064,0.5680676868520618,241478
track_07282,Jazz,123.59013553102123,0.4388454948690881,0.4346508789515542,-14.799071731564105,0.09207309210389825,0.7446930058845596,0.8278826899425763,0.2731644715583517,0.6829883709535958,413304
track_07283,Classical,57.05696619712185,0.1565148541608467,0.3627464565211098,-11.03758125158452,0.069574046144475,0.8052891291887725,0.9607798398106606,0.36478173634044864,0.5099058026675953,481315
track_07284,Metal,153.93793756574644,0.5144499833243596,0.8062793020718264,-3.7083274685851,0.03390454702501078,0.18572848927022118,0.12252371454930154,0.131306454608959,0.46818275518184216,191273
track_07285,Classical,94.83852825045354,0.21670711319406233,0.32581222998875503,-28.18192819835186,0.07327112570435307,0.9582092605114355,0.9850165587013762,0.3456139274013777,0.4791215762028836,363606
track_07286,Reggae,89.50489813447554,0.6260713218481266,0.5906017488055093,-10.05112633377696,0.04996212638596243,0.39652639882780594,0.09970279421985924,0.18444253928127247,0.5987492531764619,239096
track_07287,Blues,87.4361036570935,0.6592267685686972,0.7840191320327095,-9.237305548982,0.09832676698893292,0.5604059674696981,0.1671102145520368,0.17877106655109434,0.5570229042005228,231910
track_07288,Rock,128.99557756493314,0.794690519548368,0.981022072520404,-5.538480052144829,0.08495809415437656,0.3044745885534864,0.23736049754946592,0.38292130873360397,0.7014067448102446,244318
track_07289,Hip-Hop,88.88155417467163,0.8908534132479593,0.6248468852375048,-3.143501439417948,0.3784297704381733,0.17712680053021523,0.011540296194053258,0.21162494019504607,0.8625671446005017,152471
track_07290,Jazz,133.21200023006205,0.6210781062441589,0.548679237043107,-16.1921351339186,0.07226046898745463,0.9992474585769259,0.7969642608018972,0.4958572974163494,0.37530314203138826,342640
track_07291,Hip-Hop,75.31253721623507,0.9130160914899883,0.654973234565521,-3.0976464658195306,0.3622437076947532,0.011729586749687536,0.09438514746382148,0.22745968161137978,0.7521915649744807,281543
track_07292,Blues,93.4751996943385,0.7483775558161293,0.5529863075302408,-8.18048347062488,0.08827469169404023,0.4933076063298809,0.1773718608755721,0.18576189710150348,0.791212797778756,183169
track_07293,Reggae,86.81223979223739,0.7615916678474419,0.5378850608232012,-6.692914893664416,0.07334102508183012,0.3470478419941738,0.12315067779994755,0.13848171015771532,0.5582359211647258,271036
track_07294,Reggae,93.43075103396234,0.6783135786120332,0.5649551784073508,-10.819578559805642,0.0967820670535288,0.5699324861088058,0.06031699087429392,0.2356703175365732,0.7409121157546458,208747
track_07295,Blues,90.04948139965498,0.7080922377066776,0.5875840858710891,-10.807475885218558,0.08081761763501336,0.4446847443724178,0.06048895108241947,0.13246846827467065,0.6605388142938956,252754
track_07296,Jazz,121.39012225643258,0.6939704420635104,0.5811825536460447,-13.995559123343984,0.08086629849909116,0.8796489616432864,0.8648564150428115,0.35690892265267893,0.38940061187377273,248235
track_07297,Hip-Hop,92.35417627406139,0.7310600423546625,0.6647427321951672,-7.943085006908197,0.5945709225454865,0.06336777521019034,0.08147044176440019,0.25624693428178613,0.7820046056497992,166027
track_07298,Pop,130.7764543062337,0.6625627045027955,0.7088668482491775,-4.479309560665433,0.06880597001158431,0.19144934583910184,0.044913578690537054,0.29920151962388264,0.6545633273140685,186727
track_07299,Reggae,94.91674841351856,0.6459260595169051,0.5074296069911779,-11.645286003228644,0.07493424516897335,0.6569349350892413,0.11285539487330393,0.18183880002325442,0.6731205783883363,272675
track_07300,Hip-Hop,83.1653510989426,0.7440051756026208,0.8634124905183229,-4.219827411164637,0.5784396574429564,0.2814501210666323,0.01691633446271107,0.20263307766751243,0.5781842660205075,208967
track_07301,EDM,133.92671924336182,0.7826874263139865,0.9198159122898703,-0.36516495734327226,0.04322464746345918,0.013661785532270532,0.2622033130705473,0.15471030757417265,0.8954266376503035,195440
track_07302,Hip-Hop,78.18205916835306,0.765715187093049,0.6314354016517012,-2.019078674426403,0.42442032266595464,0.08966220958338068,0.0926772001569501,0.26224828357982344,0.8507863569183742,218881
track_07303,EDM,121.58619735746242,0.7417832468423009,0.9204530797646419,-3.2056005218967014,0.035249728990704346,0.15945277786421927,0.10493638451634184,0.18903369397736133,0.7447142651493415,252280
track_07304,EDM,131.4492977187672,0.9085490410519201,0.8303726240730607,-0.7903794800761457,0.062263476305716194,0.09549760114867203,0.12086398752173488,0.2865117104087409,0.827767159565139,259872
track_07305,Reggae,86.9520546345292,0.6821431192068532,0.5691722254909135,-11.088630747251624,0.09645415642770261,0.416412216460522,0.09881139883829215,0.22240892520183816,0.6886880685602821,277263
track_07306,Jazz,120.55627899652828,0.6648356525663672,0.552700226526468,-18.580899671315652,0.04810263196900152,0.5677604064028183,0.7775248762863801,0.22186545945535466,0.6926261341663308,396888
track_07307,Metal,168.54448306005668,0.5142293899170686,0.9261001745250694,-1.439028320622496,0.031814358103947914,0.032257822780086175,0.03796331955931609,0.11192953616308038,0.4854862931655478,321291
track_07308,Reggae,86.30768582807842,0.6965272908310869,0.705630147421377,-7.83209648824658,0.057408018501583655,0.465670625441937,0.06796471681338105,0.2704925992029906,0.6259796846697049,279972
track_07309,Jazz,106.99056822776299,0.6138220109163915,0.3378171652429528,-17.12325505102901,0.06362580356789228,0.6723966209108561,0.9609300967073064,0.49910203119163765,0.38124052718751256,294317
track_07310,Jazz,129.96190346110293,0.5034606059993326,0.4417414153426464,-9.95571009445773,0.05197133374608911,0.7689403922884721,0.9438970062408856,0.2667474596193661,0.5062124865064409,391351
track_07311,Classical,75.85974331317564,0.26525098793076507,0.38408146171040347,-12.129289807890583,0.03471196524911219,0.96306168842253,0.9594185270413416,0.3209950144418218,0.20305181360784827,321019
track_07312,Blues,88.45303270973943,0.607879550165187,0.6001574940474044,-11.172665682409106,0.0934086415137244,0.4815530282370089,0.08850697054990425,0.2647736244861616,0.7086106742215971,269680
track_07313,Blues,98.95440909454055,0.6962518925195611,0.6282962207685174,-7.638931362549223,0.04146397141753576,0.5892844678760147,0.06293370261053124,0.17452748587768965,0.6842665443370469,181473
track_07314,Blues,102.66923846715578,0.6584158072751425,0.6661244417600758,-5.269580203694657,0.06474547775860703,0.5412739357338776,0.028228729626800453,0.1926036961628182,0.7747353655057405,220847
track_07315,Country,94.09599329207765,0.7391260154605241,0.6366808694560202,-5.544267502465727,0.07978468331017129,0.4331471522923318,0.19012708333079187,0.1584974598433037,0.5433119222996391,220984
track_07316,Reggae,83.25761125504911,0.6367763837974592,0.7140819914771747,-8.06795425159844,0.07470786056313522,0.3059240763830191,0.08841080094832564,0.2572870675717761,0.6990674467107885,222511
track_07317,Jazz,118.68684166959356,0.5140172202502139,0.43889202577477104,-16.476526933782335,0.09307411046313269,0.8678795789233542,0.7084432164341962,0.33159729821456696,0.35511022643225754,375206
track_07318,Classical,70.81310490044426,0.25178644879648104,0.18218245687002738,-28.673875378944537,0.07367419055932632,0.8136153785531696,0.9927280367766613,0.3492481378843437,0.22251347052808035,568883
track_07319,EDM,126.27849144105242,0.9287827167434037,0.9592530299981958,-2.4772410934750044,0.0670498192312747,0.05194993999394198,0.25602304700285605,0.26102511695307673,0.7327278017732421,287623
track_07320,Metal,160.23431775188752,0.4596870762668507,0.9065848096567674,-1.12791931314118,0.047961416468399645,0.07925807333572524,0.1393237407184032,0.19864096517036964,0.5306644718489639,248711
track_07321,Metal,170.579156531804,0.4928474402752794,0.8404371132088596,-3.4188074825368906,0.07832371640853841,0.020849643580255317,0.14103706801084379,0.25762435134777684,0.5025080217595068,213977
track_07322,EDM,131.6994390470789,0.704660001163894,0.9974289767544029,-1.4191172897440159,0.0594185290904376,0.13259173076274294,0.04312154088842677,0.1413388846070241,0.6542670548448482,240775
track_07323,Hip-Hop,87.79729643720093,0.8135972300259892,0.6248256055761998,-3.9878585846825647,0.37901073914961597,0.164903089488016,0.022176746947787096,0.2755705099952006,0.6396517890417136,278864
track_07324,Hip-Hop,90.05574598060979,0.8233819372993004,0.8743006832840043,-6.632583248788753,0.5865911541362678,0.22570179199119275,0.07010493973309688,0.26811681819646216,0.7606707377619473,161874
track_07325,Blues,89.47353220062666,0.7214590274594811,0.7833771290071275,-9.027855238335158,0.05440749979829304,0.4537992002452469,0.011411760827461516,0.2797674634057404,0.5100268777764808,292825
track_07326,Reggae,88.4256479657746,0.7247286835523447,0.5572820115551176,-6.363386913593605,0.04877581260695339,0.4775847518209132,0.09314851818607844,0.22402605109975823,0.6206820416149424,271367
track_07327,Country,99.07555158159435,0.6290373114373295,0.6874230206254017,-5.950591719746601,0.04045605252372642,0.5795660718512496,0.04504432722642911,0.1619334889568598,0.7514450358707503,249255
track_07328,Classical,78.14474220293799,0.21743642879557423,0.19197985605453396,-21.23881108594219,0.03676760178066994,0.8863048717801455,0.9049783610278975,0.2316938035337258,0.28688762609447366,585949
track_07329,Metal,165.6261707654233,0.5475258362190031,0.8932378701868466,-4.622062761850341,0.05535879847537573,0.15058541755002577,0.002148836954875555,0.2225132272798146,0.5130382416340064,279128
track_07330,Blues,88.24026775379639,0.6437936771163563,0.5201955322998115,-11.980010379030666,0.07679582086120482,0.546790314140846,0.052987649686105434,0.15601338146142726,0.6014572067848275,223376
track_07331,Rock,122.4969188478837,0.5884380834511003,0.948846732645982,-9.369436995828403,0.08198239421448116,0.2995900309228757,0.07516653628928563,0.1403690125840625,0.660716841525238,279181
track_07332,Blues,97.14997081996614,0.6512810939837872,0.7995567090322404,-10.614974332891492,0.05413460224232975,0.4335530580486564,0.09940040415586993,0.2738222015778029,0.5529181875034448,266383
track_07333,Rock,152.01462732698258,0.6805638714870432,0.9385279771447804,-4.014363496794386,0.13945561965777906,0.3987030085492196,0.1856592720647335,0.29126080449203917,0.4562314759736035,278742
track_07334,Pop,109.67982662461782,0.8565554413667902,0.8052533825741861,-5.791503621332448,0.0750210934348506,0.4141836038235662,0.010692854677014502,0.2881877638718055,0.6271874175626703,202376
track_07335,Jazz,117.30565183007211,0.4631641083057219,0.35216825034277877,-15.602682466561635,0.05673523174831826,0.8750986712403722,0.8781166788225054,0.40472819504703955,0.5521181572115663,396943
track_07336,EDM,131.8318411854929,0.7268074464254508,0.8685255504007088,-2.7079123151339424,0.04040251932909674,0.13647853485413822,0.16843140193867992,0.2961878691497647,0.5730865573038073,195690
track_07337,Jazz,128.56785393404107,0.6466251111587299,0.3707887366385959,-13.765472217694128,0.09016667529486341,0.8449039653624453,0.810963428015283,0.484741837550294,0.4369366722330619,373484
track_07338,Blues,87.5889384895909,0.7648956271212113,0.7007914357661871,-7.952734260238452,0.06013113998435771,0.4183306583887967,0.01959184165270178,0.18058951765571732,0.7367494541723518,273499
track_07339,Jazz,137.31231425712176,0.6037629060394253,0.5065819585154967,-11.989172728817987,0.09064633142654052,0.920720257989228,0.9546405642074263,0.2804654517294515,0.4027622097216714,289174
track_07340,Classical,48.55909215980073,0.2652798652156825,0.1181980911731021,-27.293890656636272,0.07557260476054926,0.8250226744314976,0.9121282628002527,0.47273279889339614,0.3240415127716749,360453
track_07341,Pop,105.3903446126645,0.8755868122582964,0.790421750175407,-6.87175316443728,0.10094583956097392,0.14147708154167044,0.02619054326143846,0.1508534229169723,0.8402337706650902,190833
track_07342,Country,96.67154159293379,0.7303028887655563,0.5755493756471721,-6.976138513688529,0.07857542179107738,0.6351913907067887,0.003051553731103796,0.20445671207149085,0.7327152186233765,284701
track_07343,Pop,122.3899230651191,0.8082959684592127,0.6493492785805383,-5.264548980634035,0.09524213053486677,0.32086575657775473,0.04723459819454197,0.10325734298267744,0.5858770409309376,257855
track_07344,Metal,174.42557670194893,0.4747175975817227,0.9715601775556362,-1.1127012915790013,0.06442451810302555,0.19003281899121996,0.08470434574929675,0.25790884237915057,0.5812808218410822,217828
track_07345,Classical,81.31701573457227,0.16305398090321863,0.10510971158338052,-13.859495194197564,0.029883372581839256,0.864173747078089,0.9910575580639918,0.26265802513406944,0.557903903208649,564130
track_07346,Jazz,107.10151079584962,0.5727929113465515,0.3502153043676585,-15.146457245732407,0.0685602411278512,0.7103493907776506,0.7193239915570955,0.3074700233281197,0.37507014293462193,389582
track_07347,Country,95.8083003187159,0.6722340034584762,0.5822142230456484,-8.691093109340875,0.05585911062026097,0.5640249689331707,0.1823782557400713,0.13685853665129596,0.6031147899289557,222248
track_07348,Jazz,129.54540312387184,0.5606404344505151,0.44043584030318805,-6.012650675081449,0.05384201549026723,0.940802621035926,0.929948296230314,0.3429513708770784,0.6495090292127247,246775
track_07349,Reggae,82.93991395223367,0.65699201548128,0.7369481047800195,-8.512663932756068,0.0569761378546807,0.6153827147507209,0.004362046103320316,0.29907026673829795,0.7666082733405948,231301
track_07350,Reggae,85.53622626130294,0.6420489851629703,0.6555628431362173,-8.533848257991838,0.056511619151254966,0.3204733078937083,0.04111386182229522,0.21015631094574505,0.6606857676158647,192758
track_07351,Hip-Hop,74.11868028263532,0.8674904798225878,0.858103845763218,-4.937326193963849,0.5906930573596971,0.12107090207222321,0.012139558754232161,0.1029137350412053,0.7316132729330256,182367
track_07352,Pop,127.16946465997427,0.8545366677711396,0.8409321860609565,-5.368483933068498,0.06471376834567866,0.37130402560440723,0.044646006316335356,0.1371372743768547,0.6391492521878722,216243
track_07353,Country,103.30111774445338,0.7236884605928245,0.409110056992882,-5.435195058685931,0.07361418001847293,0.5822647346514513,0.17506428702321924,0.217959621093553,0.7147768268478123,250624
track_07354,Reggae,101.82141308053598,0.7300866128049861,0.6609408805806116,-7.431542095769346,0.04138849184320941,0.6524327845169582,0.10656134452312505,0.19684460491390493,0.6724078615595094,246637
track_07355,Hip-Hop,82.89409155155607,0.935188372286984,0.8822076340865604,-7.924765957212914,0.45724826950336467,0.21985086598753345,0.027971513287019967,0.22782220674422135,0.7623873822559404,238353
track_07356,Classical,72.33749829375422,0.23746840165460184,0.3891299766223397,-12.204218673114532,0.056745647560667384,0.8170745146321791,0.9979701456904332,0.2676460772265191,0.3443030812450635,494746
track_07357,Country,96.45892823092808,0.5473438564311749,0.45144732189457587,-7.778880455861403,0.07862803179480796,0.5931510899624652,0.1449391045391763,0.24536237551554352,0.5009002117266905,180069
track_07358,Hip-Hop,86.40877184430454,0.737666446873122,0.7885924661057705,-7.692829381207174,0.38213333058054855,0.051987923363216205,0.08387168980371272,0.17295588256718525,0.8973854604214428,241526
track_07359,EDM,131.27825928089695,0.9421866685377005,0.9466789829412053,-4.371103127948828,0.04658234861040123,0.19922794057582882,0.020824836339703223,0.15707660003245433,0.5497589928468593,185443
track_07360,Country,87.71313957589422,0.5452786271155037,0.6336336113743104,-7.919840142015101,0.06542508733974223,0.6229121867366132,0.020224067303617123,0.13391074999674402,0.7905679478378846,236348
track_07361,Blues,84.74413123854991,0.6149315598428066,0.581010029909304,-7.896339840141638,0.0887988697619159,0.5929651497957585,0.1095060810161753,0.23222177645208872,0.661230384435071,274214
track_07362,Hip-Hop,85.05260525899745,0.7675723329484888,0.7078866885224793,-7.622044672425043,0.4936792297533279,0.1932351742112855,0.07770389668508042,0.28925201947730583,0.67126664263889,255261
track_07363,Jazz,121.03934256316495,0.5491704026875847,0.37077058982698985,-16.677051590512708,0.07488210622507407,0.5534426391420624,0.7407685700699599,0.2746364731747499,0.6538579414177114,265088
track_07364,Blues,87.68378767819748,0.7799369432889395,0.6352050096597507,-7.080731429731614,0.08336085744435992,0.40432540428818653,0.1801315176217575,0.12492223197315022,0.6770213363456885,277944
track_07365,EDM,123.9863104981908,0.9453146153063287,0.9839836004264009,-0.618566563957688,0.0372462945886514,0.016772424318665057,0.28924985431707423,0.1871462031119428,0.8503019133854428,252447
track_07366,Reggae,95.25434129552195,0.7298326276796647,0.7266268529277274,-8.257175517985718,0.09622397974663707,0.319198375659649,0.1669873924566881,0.23755979139585878,0.5991981811209123,227010
track_07367,Rock,139.49935516822478,0.6484619755657394,0.7806482252816777,-8.033679710065915,0.12977107471474947,0.3300820603110367,0.09325385035999546,0.20346626773957743,0.7878692060337059,271994
track_07368,Hip-Hop,84.50432415788448,0.7323452539240926,0.7118315419685837,-3.9134670513233356,0.41214155474676034,0.0722402281377378,0.08149184267432859,0.13747256653196532,0.6346058094430543,185278
track_07369,Classical,85.0328745742083,0.17226634690310533,0.1452212814393587,-21.229475336875964,0.05104248897294599,0.9755620288987965,0.9401600490216832,0.464905645366413,0.3270071184634894,447426
track_07370,Hip-Hop,93.88939367910729,0.7097338550664203,0.7575997480548564,-6.070450732585368,0.3883239179169917,0.023817755218716985,0.06812884353971195,0.17850975733138932,0.87962122778779,241492
track_07371,Rock,129.35663409098615,0.789876732229031,0.9162068339575031,-4.134155751936066,0.09873679024637405,0.2434978324464349,0.02352569488490579,0.11858690481589784,0.6328359253238061,201745
track_07372,EDM,127.64955265853814,0.8687349541827127,0.9914238960608774,-3.220746485858207,0.059478541488112074,0.18226440657223894,0.25309541823794196,0.1167874101143211,0.7709566587346068,232252
track_07373,EDM,123.42019994038974,0.7509138616370601,0.9825259124628062,-4.864104821366322,0.0621386495661001,0.0822139681814948,0.2508340094825333,0.25919302334497096,0.5484149527589361,191413
track_07374,Blues,83.37923886123494,0.7327961823023057,0.7079317781798826,-7.586921751818581,0.053634836609235216,0.5489315434654009,0.11259207218051515,0.22751916131984612,0.5747300094033126,231333
track_07375,Country,91.48206831821427,0.5926670095267741,0.6058307309985638,-6.8064368021033825,0.06784406889268663,0.6193863027534303,0.16243213003668144,0.1319748994601659,0.5324091534596332,224380
track_07376,Classical,62.69053705925567,0.19544693503909302,0.18967702435346745,-15.811185964520913,0.07400021366644104,0.960755966452165,0.9561287420741981,0.2179020358367546,0.5676685592345603,586135
track_07377,Blues,94.24308259389635,0.6747353202552155,0.5660132915334938,-11.925021409811642,0.061908016306659645,0.38441667355612336,0.004740526930122413,0.20533721995940407,0.56975273602938,232773
track_07378,Classical,58.90870293572643,0.22150809976198524,0.23804145904181775,-29.010917935373556,0.07038190718318253,0.9819869098573817,0.9449653265396738,0.2666787574676198,0.45886219014823204,443178
track_07379,Classical,80.0196150253227,0.2628406464155757,0.147056449803106,-11.077016457022772,0.05312458539753412,0.9850516615751722,0.9149789404530999,0.33739267926474303,0.37232367789502574,308912
track_07380,Rock,128.31069856563485,0.7858260918768014,0.9629525999596957,-3.899582020917033,0.030517916088439775,0.23451638577722644,0.25110952733490616,0.11056426106280048,0.6776346623262376,199944
track_07381,Blues,84.6315403063016,0.7859708501133184,0.7348131082134295,-7.917339908641889,0.09150631605407941,0.6797782993226782,0.17227425243845726,0.2809038274508502,0.5813715236064708,245433
track_07382,Classical,65.58824197392235,0.19442237287058284,0.21980126692210106,-15.850690656626295,0.03553137328751891,0.9024154756893875,0.9755428623701676,0.24308307296828668,0.3167340766177687,344642
track_07383,Metal,157.94103614917128,0.5251078413838464,0.9995618383680641,-5.587991919639942,0.06257914000251459,0.1112216170275683,0.12204931560458064,0.10456394168708079,0.58670215805424,226881
track_07384,Rock,162.8394886519402,0.5356911166924394,0.8751779145709374,-3.345614931495529,0.07463585764551492,0.30348051204172966,0.13591591078722962,0.15438448857989484,0.768387081337285,291704
track_07385,EDM,126.9715297453677,0.8313935108593347,0.8745220971016896,-2.113214344983692,0.0551189814849522,0.10365897084283207,0.11670671633118118,0.27595659273577133,0.820767043942445,278810
track_07386,Rock,144.78475894893708,0.6413498343811025,0.7918880418808985,-6.757477853003188,0.07718276093908565,0.2834705798405058,0.14073352890543037,0.13906010660435708,0.4335690215728822,197896
track_07387,Jazz,100.76357133295657,0.644237158603878,0.4091221100171978,-10.93164595462249,0.07070000302290344,0.631577353971263,0.9363347317566886,0.2894521459938188,0.6149261988681806,393879
track_07388,Jazz,111.33988609493306,0.40902557986154475,0.5302282099759912,-6.510885454226173,0.04718723536429956,0.7926174443762815,0.7215272663994952,0.4489662628872906,0.695183587340781,356677
track_07389,Classical,81.50971364919124,0.2410113016009596,0.370436327024514,-27.840274831230282,0.04783911863479469,0.8952722958304971,0.9460832696041584,0.4524464774021756,0.524541065919574,541235
track_07390,Blues,84.10711646063838,0.6320704248227554,0.7704335944187488,-11.479633996449914,0.09272552732895459,0.5111536707490539,0.13306427821986094,0.2846499413513522,0.609615980572223,232269
track_07391,EDM,124.89079572519965,0.770711867969573,0.8896576470962704,-2.926891111226565,0.05011465142007931,0.0032981156791209946,0.22144571725290785,0.16307202330130824,0.7807199091586645,245902
track_07392,Rock,144.04977758897354,0.5841033407016322,0.7371162779746594,-7.000793829164003,0.14274268359036715,0.25378521808345356,0.13425245098823133,0.164727249431374,0.6485744958528641,270131
track_07393,Blues,89.47331941530247,0.7970392821529152,0.5291764142729662,-8.04490795720028,0.05589255517840456,0.6446525306235282,0.10144136901052295,0.27071088411602184,0.7788813534005394,252150
track_07394,Rock,135.9503205394298,0.5724061771098629,0.8494714806566016,-8.891883191315014,0.09590282289759969,0.389930053205108,0.1911696583417721,0.26931686818390405,0.7152184108984585,235589
track_07395,Rock,127.6156546069551,0.5103757026403078,0.80239656140715,-6.022392986079902,0.03132030079352634,0.28349139601271744,0.10635727774989691,0.39793250876044994,0.7131164297731915,183535
track_07396,Metal,162.98476504935928,0.3868161409456151,0.8677402843212383,-5.428653638501933,0.0529377858440825,0.1338969599954676,0.1519101698981182,0.23907737729599546,0.49815401498573125,246127
track_07397,Jazz,112.89306843420728,0.5537019739063942,0.516514537108778,-11.128773933344522,0.05560011472366615,0.738018949257273,0.7649460369958231,0.30493619158920415,0.41423237970355375,299748
track_07398,Rock,130.29858346883998,0.7364219822639428,0.8594803525195656,-8.780568560860774,0.10123563069795086,0.2063695426826783,0.011179624300976743,0.3067561047697628,0.5022732886628575,191208
track_07399,Metal,166.60673497143702,0.3384191042528209,0.9895925116204531,-3.0468837065347047,0.06990789063683758,0.15275985735272202,0.10381459188925063,0.24949832442074463,0.37133929959096773,281762
track_07400,Jazz,132.37077829609404,0.4684647001521499,0.47176133204810927,-12.90840834590636,0.08018954392833641,0.862152524829424,0.7245408788561596,0.24608963022228353,0.6158714216909675,327327
track_07401,Metal,160.33666649794367,0.46957896293054646,0.9355279180685506,-5.881661789452613,0.030621278751626575,0.03562477684437557,0.1436610100296807,0.14808427951747286,0.5760530387268148,205940
track_07402,Blues,99.56953109232089,0.6139515140353273,0.776262937543274,-6.703559675779864,0.046765394902379735,0.34187136169563886,0.17999698363699826,0.19322989587540193,0.7996548991934984,224697
track_07403,Country,96.69028386593028,0.6092230128916538,0.640554376503396,-7.307564003528226,0.06488642329448442,0.5172722834430126,0.03925755016791868,0.26978127440069954,0.5662137421622662,259369
track_07404,Jazz,149.03804780709305,0.660216080232257,0.4742189377385142,-8.204386790836919,0.05857255399400747,0.5909630164541946,0.9086616713429096,0.4778578129326247,0.3169987252717818,315067
track_07405,Reggae,95.92415429452753,0.7333383581121331,0.5185946135989218,-9.076706593425161,0.07148033975565658,0.5893272655317665,0.07633689362979608,0.13415352858327345,0.526885578580329,219061
track_07406,Country,81.25631084238883,0.6346562755837658,0.62559725916975,-4.114241817377462,0.08837626976397531,0.5835905387653715,0.1332954781057155,0.20441395387573374,0.6303721507247374,293405
track_07407,Blues,91.84170287324216,0.6512163623849798,0.5102611181998187,-7.1766038947584505,0.05589468919521079,0.5972007386744614,0.07339855928129223,0.14387655649477485,0.7729936223895654,260800
track_07408,Rock,133.04878533729152,0.5158932527478451,0.9969544722764487,-4.839515284857954,0.14169184212532648,0.3495661230308296,0.12842232284645322,0.3584322954085426,0.7146797646237992,245288
track_07409,EDM,122.94509587055545,0.9154256109782224,0.9128100351717077,-0.49212777826336396,0.0467532629944165,0.05265343500382496,0.18246290695299724,0.27800232279756776,0.7005421407083037,252047
track_07410,Blues,84.45497748308449,0.791181421610011,0.733359031638196,-6.3628702984726075,0.04022208345786002,0.6913748876861501,0.19805887814320766,0.20144409648040001,0.7955049294065528,262105
track_07411,Metal,167.82855537923854,0.5184126903669944,0.8067121019099501,-3.791657364510694,0.05965132799703516,0.0511945272859194,0.011258362050365567,0.1567952835539559,0.5601388433917461,331407
track_07412,Metal,151.9734069705817,0.4896402346790333,0.8993918906185357,-2.7400370553657063,0.060448564839372707,0.19573666891691965,0.12444931421174846,0.23820774748518128,0.5677153808014497,316711
track_07413,Metal,158.55041119096055,0.5828307564228705,0.9919538185772435,-5.0498377649557336,0.05218522126070209,0.055730056449271426,0.158147270973394,0.2704334802032001,0.4407737224605459,183571
track_07414,Metal,148.73081635862331,0.33994442195437763,0.859612167938827,-5.0018323005577034,0.06340107452571106,0.15323629999003877,0.16072397478482942,0.25043390740980753,0.4471021325657747,210499
track_07415,Blues,89.11303748376889,0.7988032452059239,0.5767133733106894,-5.148522528872293,0.06185314851004339,0.6840043889527327,0.19122068762856123,0.128579519048367,0.7486157690080153,217142
track_07416,EDM,120.32708916639955,0.8830711023624989,0.8344808545352155,-1.3022838859061068,0.05163040870397463,0.19532704994498815,0.14007151663087994,0.14794292833456218,0.8358623584647926,219356
track_07417,Hip-Hop,90.90916877229537,0.9236400197832281,0.7347306244179133,-5.646974285742626,0.37265709606960834,0.2441517065614341,0.09670137581779627,0.13906432668583216,0.6831369526985813,204961
track_07418,Metal,164.67823242531367,0.5031142174513108,0.9102197167501314,-1.8973114559000228,0.043366588917131514,0.19805749812923634,0.13277748293500863,0.10810287039840877,0.301392095375494,330021
track_07419,Hip-Hop,89.2747853148512,0.8343515350844554,0.8694605118528063,-4.034185371573538,0.3237574807894496,0.13043600355056542,0.01763884875323236,0.1130266572654807,0.649527572441747,153081
track_07420,EDM,126.60571314577777,0.7294174836564759,0.8013544199881797,-0.32455439413631915,0.051204219637211015,0.11171605799401207,0.27853590293397357,0.24003575278543768,0.8307251347532103,249479
track_07421,EDM,129.85265911948073,0.7908807731432895,0.8049719502857288,-1.66281609664289,0.057861617557985925,0.19859050118029412,0.21331100816330972,0.263947909455802,0.5669256141287664,180816
track_07422,Country,111.79959598878145,0.5879961525124463,0.6939997803514144,-7.2895960051254445,0.06253869595960601,0.5492574101122523,0.06155551160522495,0.17592411167712046,0.6176980768910985,228196
track_07423,Jazz,124.285789106802,0.5617057424832451,0.5946767712984492,-6.883467964592089,0.06775001509073084,0.8490400281751028,0.8966842762179099,0.270454916611655,0.43318546689327214,392301
track_07424,Reggae,84.74637966378685,0.7910787732835406,0.6498776047892454,-5.280747529516342,0.08597449736999466,0.5783755241758717,0.1161515598990603,0.18135551861355662,0.789134033999483,253638
track_07425,Classical,80.82589568877823,0.19008928976378786,0.1672474426566703,-20.88003464173541,0.03955727283005727,0.9250909215465988,0.9551187392272238,0.2248103318227984,0.22885695096846492,428039
track_07426,Reggae,83.22903528723478,0.7610746522270079,0.5119400838551128,-6.514675481074527,0.07017853505364777,0.39226627412408926,0.1707004637224643,0.15410635947837564,0.5961233435750419,202230
track_07427,Blues,80.88153250671274,0.7579030620278444,0.7687542486702273,-11.504874331077708,0.0606585508729789,0.6274440196967752,0.12142613357217645,0.23645651487548294,0.6678699275311413,247948
track_07428,Classical,77.51941182039079,0.23988341815887823,0.13545079284538875,-21.372135564204978,0.07080437287964039,0.8016115438123486,0.9480700544118539,0.33040897023045007,0.47639938997654097,348666
track_07429,EDM,132.52116283887787,0.9307587799453292,0.8237249221679326,-4.298788895945495,0.04745604277143649,0.06810247879916087,0.2316740964494761,0.21766467305715165,0.5384053303852693,257327
track_07430,Reggae,93.87076703180921,0.6571120776546442,0.6221913864782989,-11.429936871681532,0.04210187443509983,0.6861012438198816,0.1483440518091998,0.23063787403791916,0.7029006587922504,247206
track_07431,Pop,111.36987040712249,0.7658554671524509,0.7670027568393109,-5.187934398979481,0.1133875604256283,0.24411642629047756,0.03561668251868735,0.15363621808730116,0.7727039880649991,191652
track_07432,Jazz,105.3628725165637,0.4996808289998854,0.32871137722513233,-13.466992570931486,0.09728997499366145,0.7194736598551132,0.9253554639921052,0.37100641080726604,0.4270660891357754,256320
track_07433,Reggae,89.2607434889738,0.6933808432854344,0.5445053560137298,-11.744829645966737,0.06670108665652386,0.39295421783866147,0.18705836084161753,0.2625394626717813,0.7868513407323388,290377
track_07434,Jazz,119.28473501795698,0.5595736862598875,0.3076440198666809,-12.6608821304007,0.04221679401359285,0.5065938409818003,0.866847080889003,0.4692766934455133,0.6859760943173412,355398
track_07435,Hip-Hop,94.91544505565614,0.846027591714536,0.6209606142216066,-7.726225621027982,0.3436248163503814,0.23843075965319105,0.05612131339505347,0.2182471152970717,0.6396895353104803,203418
track_07436,Blues,81.34005909443245,0.7453742622785176,0.6536717412181271,-5.263329191468695,0.08725406422977916,0.534119292982863,0.12072357612526133,0.1357824185006445,0.7680882380192018,236330
track_07437,Jazz,97.27952248975748,0.5755363505982,0.4643382786688615,-18.031453664403024,0.08983739890716265,0.5612449654882492,0.7529582396208856,0.2812127379372478,0.6253987181966294,331767
track_07438,Hip-Hop,83.81729778040925,0.9366893638894324,0.83739614150612,-7.903696550467477,0.3373003845008528,0.07432612326018284,0.030392055621070037,0.266812447245137,0.8079634389002119,152744
track_07439,Metal,170.18919454504055,0.4905285250534508,0.8472486588987524,-1.3640197997802854,0.07961238554333219,0.11112398492666707,0.044757300243885446,0.16345635168165856,0.5218945089060625,337516
track_07440,Hip-Hop,92.20562809491035,0.7239914443505187,0.8443851048563257,-6.484498755585885,0.5951794218445245,0.25446094756194076,0.09966455383328952,0.28742325454991996,0.6438916953450515,277880
track_07441,Blues,93.76985324717559,0.705842646035507,0.6562685419705523,-11.387256404279109,0.09571923066822371,0.42515538741640874,0.041979759246964225,0.21933910221569192,0.5070883964050821,275312
track_07442,Country,107.93305690893854,0.6279083124655753,0.5720190255988769,-4.877046399490615,0.06269085508271849,0.5677308642630257,0.003687763670845512,0.2902237432188485,0.67003346903331,200289
track_07443,Metal,165.05353911020686,0.47182529224461095,0.9505270348675104,-2.9376076448646855,0.03577266210292977,0.18514946857648085,0.10006027577907627,0.24808961642003444,0.5625403482832818,283831
track_07444,EDM,130.74661908834102,0.8221990118420823,0.9312854865899418,-3.7625616925481613,0.03886797733296189,0.1446653251560892,0.2928615613357827,0.28926888443633436,0.8167944829430815,284010
track_07445,Rock,145.10208326594068,0.6893138378019019,0.9171569266772791,-6.887542354495946,0.11829186655846886,0.2397001404939116,0.159823239707123,0.13818033189611675,0.41457308398306764,212694
track_07446,Hip-Hop,81.60232678006855,0.7890960523683642,0.8871471077815778,-4.973749495438676,0.5201517066555749,0.21061959281245587,0.08350923402748012,0.2727828234934093,0.6865267969416748,264615
track_07447,Hip-Hop,78.8765043543774,0.8474718398847367,0.8120465000981826,-5.920498385086745,0.5074278077460087,0.1928570162282288,0.09873134157804049,0.22293016200369103,0.6101413684084834,160857
track_07448,Jazz,128.1089696385022,0.5691268227838167,0.3387047859358597,-14.283278149396867,0.06194957673950656,0.781044302550865,0.9247993658161857,0.20546991939244594,0.353024495499038,416404
track_07449,EDM,127.56840938547398,0.8277216467754154,0.8818416652287886,-2.924276372398207,0.06910227689764786,0.17972817054487178,0.2177602060072887,0.16481664676025426,0.7054748148971406,269360
track_07450,Reggae,96.87659256392584,0.606810212723278,0.793607454429134,-8.960293456763207,0.057091052425016456,0.5055734073141507,0.12203497403212955,0.27615459589654506,0.6327912731276192,252531
track_07451,Pop,104.17200500901004,0.8475732403582008,0.7141617101480938,-6.057700795026708,0.07306172234289393,0.23220498802442277,0.03317205059614304,0.20812962890397502,0.6870566494654757,211551
track_07452,Classical,65.69941542562032,0.1284002111481425,0.34836314107993016,-11.463045082968279,0.06813237929056683,0.8902534064581531,0.9972193603844224,0.38559331802890245,0.5096331418284027,353205
track_07453,Hip-Hop,80.75099695230344,0.8036696841692877,0.8627932373731426,-5.310870476724432,0.5654505154881494,0.16470466635188408,0.026409856642134133,0.1972665095411808,0.5354974084814558,189723
track_07454,Reggae,94.77706391951145,0.6416468233896067,0.6515485716613232,-10.244311742804074,0.0924091118981687,0.5560671888324324,0.09804676158322603,0.10008872322066605,0.7575944680476101,241978
track_07455,Pop,104.94086140506903,0.7241505792829143,0.7348505675014294,-6.715465922982091,0.09840880944232361,0.44318959337688746,0.0006090272699586397,0.15785294100788386,0.7848771682575194,204390
track_07456,Classical,75.31308340901616,0.18127052896687895,0.30958433079058567,-10.999777646725594,0.02167873016721155,0.9342760279641947,0.9522618095817511,0.263776556720876,0.3230848782744631,551818
track_07457,Rock,137.69379540067976,0.7896083991036594,0.8998552789358284,-6.901500652158029,0.11548001051477118,0.1613707089243551,0.07814020510386688,0.1456378790480913,0.5588292091118483,208699
track_07458,Jazz,120.61920892819391,0.6197171912832343,0.375925816494418,-9.470526087630859,0.06415945226085436,0.7896382258990114,0.8557797576664128,0.4795450768727173,0.35188326313291846,350290
track_07459,Reggae,86.24824899096421,0.7724472747398015,0.7623022092998726,-7.258362910119999,0.058173122904282434,0.3666835151569229,0.13976096680818825,0.12061773708619475,0.6233324931069018,192111
track_07460,Jazz,119.2974851134788,0.5705754095907287,0.4280174981083592,-8.480635356286445,0.07215663393575,0.9409243262100737,0.87771964767428,0.37771085614595046,0.5638723256511431,403323
track_07461,Classical,73.80444099204475,0.10317523045919269,0.35899490125977884,-13.198217188074693,0.07282813163309741,0.9757490794221041,0.966751541928095,0.45422927313140654,0.49213210109595534,546388
track_07462,Country,93.74118167107338,0.6887818106538672,0.5846729252056468,-9.835060371019813,0.08504516969606794,0.661250520605741,0.10349451595516168,0.19740534791726494,0.6281810987787639,282055
track_07463,Hip-Hop,88.0410885411967,0.8389657218180213,0.6968065586113386,-4.876931986398142,0.5193503245216586,0.18550305139990222,0.09335915366401801,0.29259590143921177,0.784584448514398,224696
track_07464,Metal,157.7918645264706,0.43579011935046275,0.960010900771166,-2.6668139212041666,0.05473912122645945,0.051463311810954565,0.14515886659771968,0.16266357288579042,0.39928463695846805,276238
track_07465,Pop,116.91680201322167,0.7208589959413936,0.7128666914906079,-4.459659278356407,0.06387877337840747,0.1817615140988691,0.01735175209757958,0.10596288128376306,0.7675763210313093,233552
track_07466,EDM,132.57863864752053,0.9234288651464062,0.9294057820064919,-1.4764467753405572,0.056874387237184076,0.08358321988411553,0.27981476619433365,0.28287254715935034,0.6930061810211815,223995
track_07467,Blues,90.41660765734711,0.6468861857426963,0.586044926724332,-11.386892804612113,0.053859740167762765,0.5020907852846336,0.015712685162398345,0.2779387489346482,0.7326208941074566,193930
track_07468,Hip-Hop,81.93434011240967,0.8687662380379206,0.8341227091714136,-2.8744157598924636,0.32298437302479577,0.05536961003833833,0.04015020147205635,0.17624359547527008,0.60157312905753,295020
track_07469,Metal,172.30022713801745,0.4631652272938076,0.9667284828413718,-1.0757963437248073,0.04959596582656532,0.1287368626939635,0.06339917339678738,0.11380048069477436,0.30812175783267975,303580
track_07470,Blues,93.8681030932932,0.7545114638839895,0.727711652343562,-9.093744946692002,0.07847085798089133,0.5684862377696819,0.05145580324442187,0.24773590033520818,0.5438350899272122,265992
track_07471,Reggae,95.15164235811882,0.7409162936188879,0.6748741258765724,-11.65319581815837,0.0986621798274703,0.6053955830465672,0.17608623948320165,0.2607856318144912,0.5637181082329861,180079
track_07472,Blues,101.67793185643572,0.6004730820418651,0.5175795825094108,-9.552368766747069,0.08848305314345384,0.5018248596592683,0.05925355377763908,0.11100095670542579,0.6187537597099861,220825
track_07473,Rock,144.80683299655874,0.6801603287332763,0.9753727822999714,-4.532870121638468,0.12296827136545817,0.1974213663831374,0.03732438644622647,0.21071669494261414,0.4833728867354755,217737
track_07474,Hip-Hop,79.72964952971854,0.7949802071960961,0.7673818459337972,-2.9018986974067653,0.36563436553425266,0.036745532418419734,0.05820322228842456,0.21480859437732192,0.6172592915567929,203966
track_07475,Jazz,93.34503292724357,0.5183582950271632,0.5665636505137529,-17.087855812183054,0.060882021767736286,0.8279211454463804,0.9174326866498038,0.23447522365868467,0.6744949167397196,388119
track_07476,Country,103.99879419010539,0.7421813608461953,0.6166719483482045,-7.438462953054536,0.07164504458476806,0.5523676272965776,0.16094755722379284,0.1125685689449064,0.74401759214421,220768
track_07477,EDM,127.75950600582186,0.8176319366485051,0.9582777237098747,-0.034756022294822664,0.06585625953367699,0.05949573167329445,0.28608523253152857,0.1395936904862827,0.6685783549067469,212444
track_07478,Jazz,127.39195906898658,0.44623003225053653,0.3415924482470002,-9.603222534645425,0.0780343650807531,0.8539353756139203,0.8016272372171976,0.474509312586844,0.3455047857247089,289941
track_07479,Metal,169.1412142222219,0.5972636874621224,0.9002132252509788,-5.124838966347261,0.03252383544865933,0.031904962120537776,0.1492918590650668,0.2188631663872515,0.5246364328333339,247734
track_07480,Hip-Hop,85.73624441042527,0.87670634322476,0.8332649415393838,-5.437132184012043,0.4533967265588247,0.2469861605466463,0.06390659905068648,0.2070998301436125,0.5884794024148682,193669
track_07481,Country,107.03670382138155,0.6159724371643299,0.43051679206013965,-4.857127132057387,0.07069212599452,0.6708843695115441,0.18539908346877476,0.20351587572014038,0.703415300179347,222782
track_07482,Blues,81.85433575451862,0.7360309777253347,0.5731808320369658,-10.190647722728281,0.06513302587462541,0.3150701608972818,0.07419632290083136,0.12871189347744097,0.748142511193626,283219
track_07483,Hip-Hop,86.31037983406729,0.7708248365110673,0.8786569682867329,-5.141901058455783,0.34144792280794506,0.00713731368882351,0.02322800731492948,0.16398461930431996,0.5827870160570066,153659
track_07484,Blues,85.04291586740388,0.712499686895258,0.5854022772191894,-11.089485596056283,0.08109839145502068,0.5576550957751791,0.08227641383864011,0.11771932417886961,0.6397534920860074,223161
track_07485,Reggae,87.778662954869,0.7957610219763274,0.5635537785739348,-7.581715223658929,0.09865059270401913,0.5755677983922534,0.13255246198932932,0.22430914937295837,0.6666369046977982,295654
track_07486,Rock,130.62964436173738,0.5593324829870987,0.8142093308194629,-4.767484350712114,0.0663018174717219,0.24097529177603266,0.28180416007965337,0.36183721586004247,0.7788097608585048,206984
track_07487,Classical,64.95829590419626,0.1663545769762354,0.3031450704694938,-23.17966085718425,0.07140560075399996,0.8496949847473281,0.981828954742649,0.3393801052768399,0.38134922000220184,512717
track_07488,Hip-Hop,87.92833147946853,0.9458428087169167,0.703449294492804,-6.772273057345757,0.30973251673485824,0.14805322894406053,0.0032259169343358375,0.19107215852192116,0.8610577262374728,161160
track_07489,Metal,159.85026971439748,0.42169125343893493,0.9854158251556592,-3.3458110690365626,0.04407265542418897,0.1583940790626125,0.054356688610599724,0.1885653722165811,0.5409513099672466,239312
track_07490,Blues,92.70425553538779,0.7211796232514527,0.6514432848372054,-11.466788136668013,0.07702115251081458,0.4306386133873952,0.10289970569592025,0.2489201212503597,0.6920608689149662,220191
track_07491,Jazz,118.5694258602923,0.5109078701238009,0.46215200324435424,-19.2546210526656,0.05147004069947117,0.9063467901501967,0.9381624300177216,0.24254641756665946,0.5358751327825542,399530
track_07492,Reggae,91.27240815949054,0.6289390445867507,0.7342158573857009,-10.588395518856402,0.04609578039938469,0.6443971916381186,0.04570803762519356,0.2004836628418642,0.6018414410142588,211438
track_07493,Metal,167.23943260302144,0.3227567796328513,0.9058941896658116,-5.740769982007282,0.05777201867757954,0.12138605595104664,0.16149918169154165,0.2596362032838186,0.3030279715343006,280872
track_07494,EDM,128.45740275227092,0.9172796813483114,0.8311826440436653,-2.874786126310671,0.05111644304743951,0.09282766406922408,0.02013085189664161,0.12957058315804362,0.5614258981485427,277953
track_07495,Classical,57.567010689154166,0.21782221307851798,0.3004310521549721,-27.246658174673676,0.022955587233348635,0.8986639441007597,0.9158299683451201,0.22690103418244054,0.23561931000908864,416557
track_07496,Reggae,96.66161679987134,0.7810533584614097,0.7795518665639717,-5.448609000708899,0.08025972375360618,0.6703463606950526,0.026369221879218308,0.22030188798734704,0.7279993893280886,222052
track_07497,Rock,152.45445308722086,0.7555522279520825,0.8609054026117968,-4.6393609156834446,0.047988769277652554,0.32302389105573337,0.0013617069905521916,0.15845358956085792,0.6538550342645637,239627
track_07498,Classical,74.76908370885735,0.29093160839469656,0.10558528414234564,-19.979915682808098,0.06629103365494206,0.9971942431714578,0.9530521101120345,0.4157025035148668,0.5733396258215588,424661
track_07499,Blues,88.31971510282845,0.7450916179884939,0.7867732709098842,-7.461870819336431,0.06257242747892727,0.3311763419342993,0.04013414816613934,0.24585103581540774,0.7969029883309164,260469
track_07500,Metal,165.53016901017568,0.36336242211940994,0.8664508223812727,-4.755086931076223,0.0634859545631564,0.14152256894856202,0.055347184836422585,0.29672261928895494,0.3852677473226485,284798
track_07501,EDM,123.72851738715083,0.9431515203904396,0.8123001125368762,-3.90260116354671,0.04690243032996858,0.024856853829096373,0.2990827270216902,0.21468197256305585,0.5648566820723253,267317
track_07502,Pop,132.65219874011595,0.6128840209459212,0.6618372237801086,-4.656098466213522,0.09116777629295458,0.1826834309872763,0.009311137365480426,0.18886845813985037,0.5054023371567422,185615
track_07503,Rock,124.52385629085784,0.5071746749586566,0.8379423540082167,-3.4511049509959832,0.06058980664702564,0.17531900551101837,0.14039541734273678,0.14453824633428303,0.6551757304000108,275728
track_07504,Country,110.3504510762857,0.7083121187882973,0.6860612362445886,-7.790652548312934,0.03225304926347357,0.530903359248229,0.09301323019309925,0.24130500355239454,0.7204113768074225,270226
track_07505,Blues,86.63217039494677,0.7005101912218002,0.5964626224992474,-11.599138138598352,0.08304795809092694,0.30793988565346697,0.012822643624141894,0.1668254099699072,0.7793193575030848,223697
track_07506,Pop,137.91225912106975,0.7154960078340292,0.7296984197516907,-4.578736693721607,0.07962146316384452,0.3587569824329674,0.030877170876086348,0.26259413172301443,0.6659501857113139,257961
track_07507,Hip-Hop,84.34251564133483,0.7798992662714629,0.7815458768885435,-3.267243357777918,0.5704513010333492,0.2281583235942743,0.03417493078963304,0.24547315525660113,0.7119544810237755,208950
track_07508,EDM,122.11206917981536,0.9301594795787351,0.8413853960487803,-1.843616288971322,0.045224375588845636,0.10961655134713966,0.08443708010337557,0.18148504018434025,0.7013793956500961,250134
track_07509,Jazz,149.6481994663857,0.4828257291464444,0.3909007884423961,-17.931533724508018,0.08977638474727288,0.741684486475514,0.7292717621344647,0.33329157786136576,0.43620023720458484,409900
track_07510,Country,112.26779053341879,0.659621851866281,0.5557222983284975,-6.1721804984885615,0.04541747955535157,0.49191696760390535,0.14253914023564246,0.11674374806668797,0.5907768765554652,191598
track_07511,Metal,174.07306796681493,0.46767834941982633,0.8916917347016166,-4.8823819403025315,0.077546515581708,0.11964036625658986,0.1350716658746828,0.1282155580536061,0.42925530785997035,189296
track_07512,EDM,128.01895485775594,0.940315438728164,0.9114492235821698,-4.75289231554121,0.04964951129748624,0.12910285346430403,0.245260015225398,0.16210310951042647,0.7705981061658433,196492
track_07513,Classical,67.58162544251086,0.23029690737793487,0.25034186367218814,-24.998638458978352,0.07382594864235406,0.8462127777021733,0.9624622731400165,0.30060676899485567,0.5304431320164824,540005
track_07514,Reggae,92.06701213088617,0.663522930459926,0.5804679808504629,-9.779433863603277,0.052891073070555995,0.3982039490928178,0.0758201307798049,0.20412911366622596,0.7177071023146054,211790
track_07515,Classical,79.47643390655097,0.19020516629832107,0.18620707569476935,-24.69379271136799,0.05011364484600428,0.8421690552109808,0.9345638369487911,0.2118136532060675,0.5161211417938375,562954
track_07516,Classical,53.74731747355053,0.20817782561819642,0.39158895920376935,-17.786728613350746,0.050884015252067274,0.8477439753799882,0.9382936881072476,0.368622354246932,0.42571439948718603,374240
track_07517,Hip-Hop,98.82168305693,0.7333085169409971,0.7425293611080568,-4.458366074081766,0.336691924263612,0.292300519605368,0.08300501908335937,0.1634930134121838,0.7253547711695317,171830
track_07518,Rock,163.41248527746976,0.5914178642033755,0.7766953761238989,-8.900775272739407,0.06040090024461124,0.3286369255420629,0.27234586302486846,0.20532695069962148,0.514156558133021,254644
track_07519,Jazz,134.18990940414574,0.6532185632566914,0.5122581982578667,-6.351996506782125,0.04192537123607531,0.5320842382922577,0.7403619828706536,0.2129940628460118,0.3479791410590508,260504
track_07520,Country,105.33651174951162,0.72411435616704,0.5007951329339846,-4.2568947680479,0.05929089053895515,0.4515939261545811,0.1362603716947268,0.1840631051366024,0.5058302403127702,252108
track_07521,Rock,136.52540091919886,0.7157599807441204,0.7755345576446371,-9.362891677344848,0.13128786237674456,0.17277166760024454,0.16301150520593646,0.283679669398505,0.778005483708464,190051
track_07522,EDM,127.68582583659864,0.7642799111109355,0.9550744269813424,-4.4170193572931895,0.0388126885912028,0.10108650752707984,0.21108358219106163,0.16907976157380228,0.8493021956655487,219623
track_07523,Classical,82.91486024051362,0.20104888995276432,0.3785793855952445,-11.100103733008996,0.06547471672431504,0.864340710501965,0.9041156160916926,0.3647990107010225,0.20362341996766176,582799
track_07524,Hip-Hop,88.63066563870805,0.8103758338616127,0.8222867972081683,-4.403282654564374,0.36074569207247703,0.150093799486169,0.007741872521209326,0.24174904870863323,0.7075766093918471,151580
track_07525,EDM,135.7584003688641,0.7583052965511189,0.9020957325831906,-3.2167441501033194,0.056166862719568326,0.11341106078606769,0.195017654408685,0.2964572662563454,0.7027957105611131,285773
track_07526,Reggae,88.4322561027096,0.7971969158125245,0.7178832301133327,-8.907591086139998,0.06770008030144399,0.3117118175032969,0.03198121427602627,0.1456338278651005,0.7970977042167737,208611
track_07527,Jazz,117.59766474315737,0.41721095117971285,0.5793315797245809,-18.662114075804553,0.09757304367380046,0.8654105174236204,0.8483616981608727,0.29378122649506133,0.5148322361672887,414117
track_07528,Country,95.975698113676,0.629105834136715,0.5021985831990019,-8.247167775255466,0.04512693781082572,0.6887103130535526,0.12058766395760762,0.16070465716787213,0.723534016174969,291503
track_07529,Reggae,87.69100780360786,0.7693140633381125,0.7869655952298302,-5.93971263735525,0.05026682330654562,0.6301085465030676,0.0694014098262971,0.28725633738169287,0.5897233691431875,243597
track_07530,Hip-Hop,85.01869380826096,0.7106761508675673,0.8638489859923271,-3.3523087855531983,0.5051744797288207,0.1217199610699435,0.030054060182645573,0.1383886080624722,0.6366437258222166,167919
track_07531,Jazz,97.51606663720854,0.48966874431851726,0.5708226938539906,-19.91010289558938,0.08810332649264191,0.9619647903061519,0.7750164089364133,0.4466007559776122,0.36443597512295023,330671
track_07532,EDM,127.10138076978384,0.7395776939507626,0.8919203343244527,-3.297707195860612,0.04746869515940298,0.05927171420493445,0.04297396058084578,0.23335660932233418,0.7676080889021517,231516
track_07533,Classical,67.52895042686936,0.21019903650451993,0.19101706440894556,-21.278538508928136,0.07360841207113049,0.9339908502824169,0.9148878591234032,0.4658918067013178,0.3491333957456177,495785
track_07534,Classical,71.38631114017745,0.2003072844242235,0.1615881979651583,-11.715280292524216,0.04807334173541799,0.8787645399550016,0.9170967752798949,0.4408044358510411,0.5811342253072453,473195
track_07535,Blues,86.17110965905202,0.6077668786641829,0.6453415149838864,-7.307335704698647,0.04745725375346182,0.5422075826742127,0.1687291000187419,0.14180208944094586,0.6283368139065418,272034
track_07536,Classical,76.51311937061939,0.1677258936035808,0.3177437836782112,-19.669110064308697,0.06540484980301782,0.8427877658870655,0.9644966322994885,0.2940034069931924,0.34125537727244976,436975
track_07537,Pop,128.93787147452508,0.8410520226473359,0.6354629359948716,-3.304572886795757,0.10657497489616526,0.41584639535358425,0.04622456575627326,0.17057654843474887,0.8546752911114078,248233
track_07538,Classical,64.37048099118745,0.19939197187326235,0.1505510101946473,-22.063351853370875,0.02756876887864721,0.9726571706068049,0.9581129780045374,0.24079453765748077,0.5516262308798114,498178
track_07539,Pop,125.59847757379758,0.8412520424678389,0.8025342316279316,-5.373676829684472,0.10652255355964527,0.3933435152468727,0.0262380377480391,0.25455131075601367,0.6507444156446166,192249
track_07540,Metal,155.5776145353275,0.5585635445776618,0.9784666552701731,-4.056333677267672,0.04439261985310071,0.05601688303004149,0.06522357321676245,0.1101411685292541,0.5793695843119345,262880
track_07541,Pop,116.47015212606124,0.8289410521842933,0.6574043242867877,-6.188430561825277,0.07899253054326377,0.33453899744888016,0.03014738632978056,0.2575801466953066,0.8438692850207186,256966
track_07542,Jazz,120.98452325441305,0.48194699402240665,0.4030986576015435,-19.799529947745285,0.06505507327250545,0.6793993277348098,0.8576170511453629,0.2300544472148487,0.46559711209601434,256552
track_07543,Reggae,86.56164098427786,0.6934466591549763,0.7959725880388899,-6.313287993801353,0.054442003555288,0.35497766099097255,0.12123955012243247,0.2752652123884666,0.5600788061678675,241842
track_07544,Jazz,106.38445903129146,0.5841637783142228,0.540575735935271,-12.46209915263716,0.04903758271148902,0.6784452505807383,0.8350087232760525,0.426173642608094,0.6250770380297759,306746
track_07545,Reggae,100.41356303449706,0.6591029562855124,0.7963405129900256,-10.822559837320323,0.08341615390917272,0.3619722298145951,0.0561732283144522,0.2497651620113476,0.7187347136037902,256823
track_07546,Blues,88.51447030956257,0.7357085482867181,0.5611517147746684,-5.1892689081278,0.07618310407060794,0.3013917699936913,0.04169091023357903,0.14592109918410304,0.5741294333317127,288247
track_07547,Metal,172.11616748723398,0.5874044094383529,0.8708847309155798,-3.1490955140923464,0.04258370042916316,0.006728914331508196,0.1035393586744397,0.21813237997214885,0.38257633298360755,313089
track_07548,Reggae,92.47460320200366,0.6116150130047558,0.7431048114396577,-10.86476375338937,0.07988711404233786,0.4895184972199452,0.16780511268416434,0.24621822012255526,0.5517007690998914,278050
track_07549,Reggae,87.13721939092387,0.6103271664442361,0.6731807569719613,-6.757899635082919,0.07261085644012166,0.4306161155575285,0.16694942967365262,0.11152712670372394,0.5746203285955147,233790
track_07550,Hip-Hop,78.34272621042639,0.7669324349481781,0.7813637053601904,-6.700178369168244,0.45769125687753953,0.06260055907146458,0.006400532687399197,0.11765690706165886,0.8905209585081045,230206
track_07551,Rock,146.8925682711895,0.6181111171012663,0.9124344530265622,-7.557788958412884,0.09347578219651123,0.38070965358963893,0.012700521688765154,0.1801524877705733,0.44239542614863825,243512
track_07552,Rock,143.38419747737447,0.7310383560593734,0.8242755747808509,-3.0046695538749058,0.12004048887842658,0.21247420192885902,0.29196198277641644,0.29220389571814753,0.7677650847052708,190325
track_07553,Hip-Hop,82.13357759151975,0.7872687709532632,0.6434434868131842,-2.154077127765814,0.38553680954583913,0.0807585692676135,0.06344027806338681,0.10332326397821678,0.7614150497506271,213780
track_07554,Classical,73.55264066168347,0.24155252575723565,0.22820832544298314,-17.739940885578974,0.0762067144778645,0.9195241791314112,0.9227673682084266,0.4008090288861158,0.30647706804137836,460617
track_07555,Hip-Hop,83.61829904019638,0.7741485884281056,0.879150038245448,-3.8024335346825398,0.3194696386060867,0.03648390675379731,0.05795482311350983,0.25975099225133624,0.8171227282076768,183952
track_07556,Reggae,91.74995498106163,0.6517018598096475,0.7363124034081258,-5.391523097792084,0.06664784257738997,0.35491053591784727,0.12194586934984092,0.11432700284527159,0.6834501804975752,191671
track_07557,Reggae,92.03212294766183,0.7815363994937028,0.63663883692167,-9.909448335893735,0.056163591066762567,0.3763285591122647,0.07130982125332777,0.18685827684429618,0.5406648106375708,292565
track_07558,Hip-Hop,92.8102398743608,0.7606762728428503,0.7449864471224096,-4.069051969414921,0.5780158268406995,0.18399786029806658,0.08361164171927317,0.2392146898829108,0.5406092156133028,153674
track_07559,Hip-Hop,83.89224080081792,0.7796818674360619,0.8564635365736772,-6.314985499801705,0.5598666907471929,0.07150192667308515,0.06949364058523748,0.26367711834665375,0.847238298705574,278440
track_07560,Classical,76.18758247684335,0.29820716723858876,0.3412686158958923,-24.00437161974825,0.04148903877003214,0.9236115643610024,0.9686637983840346,0.2269885825520257,0.3374712976338128,428941
track_07561,Jazz,138.88877069735156,0.6434983475075843,0.46838493228099454,-13.456877238609962,0.06055234550637881,0.9534461476516785,0.759267190991189,0.4052383236239592,0.3563183100738712,354522
track_07562,Metal,149.25020061148982,0.3586201571776945,0.807714587722958,-5.826586397956755,0.03838103401948357,0.08678822885940243,0.11333970133979104,0.2591798572309861,0.4823076634763663,335199
track_07563,EDM,128.8484278043732,0.938956747003404,0.9393002827026166,-2.418999351771926,0.04368218350526723,0.14800790146757334,0.2963010808190586,0.2278453515678249,0.7018997333257535,204525
track_07564,Reggae,86.6442605284084,0.7722461328436807,0.615140227683466,-6.614353559449238,0.06086724556814767,0.3483374583769982,0.13373871947802293,0.20913666824976773,0.5452327075853751,201511
track_07565,Metal,141.3698843871151,0.5831083562151704,0.8330050427412629,-5.289961662067062,0.034865193019723566,0.02488686619250713,0.050557037108690396,0.23970082753795177,0.5015573440093879,325833
track_07566,Hip-Hop,83.97654136850952,0.8176889977894183,0.7977539811118187,-5.928449715738713,0.3112229813813644,0.19012413772233946,0.08798060334587231,0.12491003017952991,0.5740397905031422,197575
track_07567,Classical,69.93278383715757,0.2851775369882088,0.15319288231350342,-18.401966775522787,0.0330632695696616,0.9355290333684547,0.9465035041011426,0.4200613165437358,0.5424435238201581,415990
track_07568,Pop,98.1013292416688,0.713959313790922,0.701193140202057,-7.551223332560276,0.06272519175815276,0.3625804093393259,0.04656527054818593,0.11688814871125038,0.5483827023750028,254070
track_07569,Classical,69.23559264951663,0.1689802375970731,0.28379098078266946,-15.883813085554724,0.05241480236896344,0.9696951710706736,0.9058267084396115,0.3798912731878352,0.4100971506390604,546107
track_07570,Country,108.66851673323552,0.628683734708859,0.6300263627010503,-8.594645226687247,0.09440918329207006,0.5160594968853494,0.09881888803454673,0.1670090061404917,0.5346626063989522,213673
track_07571,Country,120.22510037406249,0.7005845347708579,0.6911935801325113,-6.03704046589474,0.08228511201622113,0.582255704754861,0.11300904536322867,0.11295637888722315,0.5465222762839157,226769
track_07572,Metal,152.9944436668216,0.34437630470731156,0.9549220861133847,-3.8952587938168173,0.03461142771437112,0.17247774417116263,0.14738638351400699,0.1374138661037017,0.40416751780616333,283180
track_07573,Rock,133.83102806280579,0.5321740609985797,0.7964294807579757,-4.736264227807848,0.10332008879930277,0.31167150947406924,0.03159884247840108,0.14753406653773732,0.6657279109552552,201035
track_07574,Country,111.02726359330237,0.5042289334706735,0.5644715288117367,-7.02971991318733,0.04474344111184611,0.508983436463853,0.05767794153743582,0.2423459852841975,0.6102945200565365,216350
track_07575,Country,98.06329119509812,0.516508245203806,0.5719790186344824,-7.5624980173043355,0.04283730407075249,0.5954941606058115,0.0320701869801479,0.17029628493208523,0.7383702987220089,194940
track_07576,Jazz,124.75762871570016,0.5371931149224696,0.4626622928622963,-19.420398645988694,0.044086461078060905,0.7347269658644787,0.9754586796530513,0.4227199200684414,0.5172112048390812,410302
track_07577,Pop,112.23322825582392,0.7807245124691595,0.6780024818626987,-7.583675285668758,0.10465891393213597,0.2559700502917337,0.02220100309207229,0.1748957398901772,0.5334521411564744,254572
track_07578,Jazz,120.00844648600979,0.4687706649275974,0.43696315639475625,-9.155599203280762,0.08646884251205103,0.6551234802819944,0.7049454593170275,0.38776231136781625,0.4288971438423619,272002
track_07579,Pop,121.30451905858487,0.6097098997931402,0.8143115868479399,-4.611797866480697,0.11783544801614772,0.48113211486355245,0.034646311396978845,0.1316088288639585,0.5888330146361521,213813
track_07580,Blues,84.02816255265633,0.6932276615066417,0.7543618396280707,-9.586639884639824,0.06046575215930412,0.6235770942544543,0.12561539832804539,0.18105960345331576,0.6555961125866642,244631
track_07581,EDM,136.21165028383646,0.7238618748693332,0.98662082254194,-3.0839679668609343,0.045847930088010705,0.04861739391216,0.23421509862342593,0.10155228682788749,0.542481642836165,246167
track_07582,Reggae,80.66459322645753,0.7936597882499558,0.5106763224588713,-11.566057136092816,0.08289355749558433,0.5941782450550079,0.1793873491695721,0.2153258971032515,0.62106504886561,285556
track_07583,Country,90.30768805240784,0.6386059248626712,0.6142697422804424,-4.956877823401399,0.06897392602358145,0.43027462581713655,0.13877160997549384,0.20021222626137408,0.7082307638025365,239474
track_07584,Reggae,94.38935471585033,0.6705901801639095,0.7618374002882409,-6.7997647525446645,0.07605217449903684,0.5815266958015755,0.15389051691793576,0.20540997522299576,0.6193402784324088,231204
track_07585,Country,103.07686809084257,0.5734183824581356,0.5565609696989393,-9.787945013182217,0.03299325746930585,0.6643661714129285,0.010216096929919273,0.20978267406341877,0.7785940550569268,183102
track_07586,Jazz,124.66115070201865,0.46059476161605023,0.5143493026069524,-10.460477483067509,0.09340931461615665,0.798669169797122,0.7509411515506313,0.4048500911580606,0.6515174449133633,262943
track_07587,EDM,122.28625557135967,0.8413454506005845,0.9029967881672087,-2.440106884329797,0.033144795264193505,0.0389091737925559,0.15723482088330398,0.2596363749182339,0.5727145675987123,202986
track_07588,Jazz,135.07268773697993,0.5028972486254318,0.5533372849759921,-15.835289640153778,0.09607185842858043,0.9076097513462662,0.9904509667341084,0.23145599740137496,0.4178799632269335,282725
track_07589,Jazz,136.9950920010359,0.6617293784284259,0.3816740452502846,-5.414375666766386,0.0855688251244824,0.973917600390519,0.7326784841077263,0.36736399967856037,0.6265588226496466,248608
track_07590,Pop,122.4473132496863,0.6721908364119027,0.6795043554113962,-7.230920149035776,0.05541811034254127,0.16474313428530585,0.026389952397407896,0.2193504987924258,0.5861022574281175,237816
track_07591,Rock,130.09556512862127,0.526521397330109,0.7020670130672486,-6.13848604014719,0.1267859253659201,0.35696312462073554,0.17077119140330932,0.36615034389136447,0.7447918060826149,227056
track_07592,Classical,69.57721335306923,0.17543398792011006,0.16238550132630533,-15.963411272812413,0.03045854109671612,0.9047485808701442,0.9637097000538697,0.4007150661200727,0.5062991564786778,473480
track_07593,Metal,156.0160294772702,0.38929870356787794,0.9423835674313279,-3.2867396289474042,0.05033657374731091,0.04268099227571218,0.12108297748811754,0.23482003629822676,0.5352512036753313,187356
track_07594,Reggae,80.69703485823906,0.6040866125096805,0.7624437317589936,-5.867823105282255,0.07978671413243035,0.4114166118167677,0.17849640958886617,0.16950119483398057,0.6743108705979588,188094
track_07595,Blues,89.71673123515616,0.7450644363927061,0.6649563425956062,-6.6526624263562315,0.05904193132438862,0.6507579156417729,0.1097844791353823,0.16183217970680724,0.511459607627045,286021
track_07596,Country,106.50690797102014,0.7188977065558851,0.4676690069191913,-7.213951719432519,0.06408718681856423,0.5704840682196372,0.1836944094632964,0.29612063102738995,0.7403401662851962,240690
track_07597,Jazz,110.68198368841483,0.650515480037656,0.5881729022632742,-8.904121572705876,0.04123337704769812,0.7192066285830994,0.8262107114555354,0.4805600891185881,0.5982273044254631,391454
track_07598,Rock,129.3194772516356,0.6601361607717934,0.7036466232966665,-5.075905443055473,0.04703043182422738,0.3682850417006651,0.25508029469153576,0.16797934682975962,0.49402279488321454,245819
track_07599,Jazz,137.0312126164509,0.6483941677502507,0.42581707577980255,-7.402757351075804,0.05130028371709702,0.7346008500784327,0.7696834980799679,0.23731946331772996,0.6578411848755605,254654
track_07600,EDM,128.45630186273945,0.7307322920940508,0.9350696479903142,-4.569606760735708,0.0690237585747367,0.052178796742449234,0.03288876143052479,0.17447422657986375,0.6104302372324861,275285
track_07601,Pop,127.53015554153326,0.7950191304135055,0.7139952588302666,-3.5554101375648743,0.09005773685004353,0.43607302504862633,0.03666670557067001,0.20651484231580247,0.6305681266691243,239028
track_07602,Blues,86.54602291968926,0.748287629923949,0.6451633189016424,-5.3369214740307065,0.04373279199039856,0.4917758655077509,0.05019099740795932,0.2009930893098425,0.5127638147249052,268443
track_07603,Classical,54.217073336124834,0.26261539462649286,0.25047685118473195,-26.617917054304925,0.050540765960657215,0.8472032931931064,0.9017113124803945,0.3633635106963884,0.34416308845546295,502005
track_07604,EDM,122.59721188808719,0.8134233830314344,0.9739241651234545,-1.2093535654947147,0.03018519792330523,0.14623002982968988,0.021816623840185446,0.20960027482169605,0.8120185583225275,239911
track_07605,Hip-Hop,90.00930519546593,0.7263161920556167,0.7620031895622046,-3.706645747855532,0.5439755355259124,0.26544528314336885,0.008987524017838366,0.2478555949991881,0.5392607268222553,299311
track_07606,Blues,92.98174665796913,0.6938127390238662,0.6692264704853008,-11.17357979682693,0.07688935067639924,0.5783300493375227,0.058943611938832574,0.2792294503432806,0.5611714567868004,231041
track_07607,Jazz,99.49457881470843,0.6529589460024707,0.5549046041706724,-9.80928499271272,0.09515805918011355,0.8273519214174295,0.8857017242800972,0.22810413967148988,0.30417608843813554,384152
track_07608,EDM,122.43112997793277,0.8983052432290801,0.8553214966195766,-3.3603846196222413,0.05197354113119926,0.05239366119441127,0.18185208450156648,0.15640871074480703,0.5483501045728378,251223
track_07609,Classical,76.9404971386925,0.23594565387717284,0.29199277086191744,-10.491066548338726,0.041545861552910415,0.9451817114191197,0.9580988397333992,0.35618006184833445,0.2593443465257484,317758
track_07610,Rock,120.78617095468397,0.6192697779799986,0.7387816275266362,-9.920116452493058,0.047824745708052556,0.30711752910622503,0.2246268036633488,0.11376146419661808,0.46190641292672135,204058
track_07611,Rock,148.73622445063182,0.520581891551922,0.9631763157152637,-9.54849497132551,0.14796821056890014,0.12517646119966244,0.1103899656956529,0.11639440909429354,0.42270915668964326,232427
track_07612,Reggae,91.19137342721214,0.6403439820760592,0.7683061930372302,-9.99246360102171,0.0483611871011778,0.5835416223527304,0.19608482711786673,0.1480753750380776,0.640691869698335,243514
track_07613,Classical,71.76166517510947,0.11740570149933044,0.18780568566507078,-17.238470611200448,0.04988100657417073,0.8272450998981877,0.9521535404971422,0.30219880009665506,0.4343756855415766,488041
track_07614,Rock,136.97441379844264,0.631364098912866,0.8237644863058267,-7.958256736206475,0.06818782226086723,0.2611399805094396,0.24144289241609887,0.3925353447186981,0.7267408207163413,258983
track_07615,EDM,125.88386179227736,0.8844754496816969,0.9739213929557189,-3.671754771713403,0.04473463387683937,0.11811635989165709,0.26047268423572423,0.2815588934875003,0.7137702523020535,243303
track_07616,Reggae,91.6467128357912,0.7390142975343922,0.5848389802082566,-11.951542259927836,0.08023328330897735,0.4997597771316885,0.041469541094698005,0.1351523094050509,0.667961967200213,187335
track_07617,Rock,141.92892331799925,0.5213452580380548,0.7031585513236281,-8.171020114884127,0.04443463857659661,0.28853041188832496,0.17901470355092633,0.3522643043711199,0.6053445309228942,214945
track_07618,Blues,94.4927229307572,0.687552909627978,0.5562554404374318,-7.982431363460063,0.05533477864169144,0.4743935301875911,0.041610665313576135,0.17735303182696263,0.5277577635683768,197889
track_07619,Pop,108.49342781344122,0.6476792840493727,0.7137387995171323,-4.820473823186713,0.09943825844753496,0.23087943594799404,0.031190565737487352,0.10047373627337566,0.8553092627952201,185091
track_07620,Hip-Hop,82.2768176881943,0.915121000155966,0.6196190474406711,-3.910633997370563,0.43476727860564346,0.24248945567821123,0.0623364429694721,0.18256184920978283,0.6745654944546249,244722
track_07621,Classical,61.58697450972569,0.10940674412047585,0.10238335476490479,-14.145543694229827,0.059684575624945474,0.8764636975635798,0.9069898291745216,0.43274242805666135,0.5705422450648476,433945
track_07622,EDM,122.6657091885175,0.8565284461761508,0.8840497494809586,-4.233036929163033,0.044404047867874066,0.1324287671581404,0.2627065634657759,0.18761174948345255,0.615988970627686,259803
track_07623,Country,84.21068828918546,0.6117984644398332,0.4302234187340425,-5.587119791941558,0.030309601608988587,0.6098736895598706,0.06132677892571814,0.17184887046480304,0.551349469754498,218034
track_07624,Jazz,109.33835362634211,0.5370808297089393,0.5135053804883084,-18.719179129572538,0.08668118736845282,0.8778284995257799,0.823181419513345,0.294037301813002,0.4520799683113663,343511
track_07625,EDM,131.52781735588323,0.866431552973153,0.9161041253885517,-0.04647939774699328,0.05167352523900269,0.06916622275145948,0.21139841010735783,0.20428552097180175,0.8888357815232952,205232
track_07626,Rock,142.35406876412785,0.6222632183436491,0.8679964825533821,-8.687685442421747,0.09648472633411335,0.16077434414994402,0.23835412783125876,0.21019430543844025,0.5697339344718573,286177
track_07627,EDM,137.3350578514815,0.8950941028694347,0.9392177549930188,-0.9399836051757484,0.06789007589603512,0.020502261196550943,0.27192583971093115,0.15470375917499973,0.7255076944171113,262460
track_07628,Country,96.03933077753675,0.5346334010736506,0.673402618804955,-7.874527789686887,0.04673437828275841,0.4781609775396314,0.05665943897956301,0.1573803675088035,0.5762124476725581,252071
track_07629,Jazz,119.62310233595426,0.5005630388169028,0.4602805076811359,-19.71315668168338,0.05450038915402366,0.9870181264232669,0.8809390849805216,0.2519973928439012,0.5033271237481798,336437
track_07630,Reggae,81.35942870089117,0.7153299622266355,0.5187183961435281,-7.879903762276443,0.08964847718396199,0.41537530645805926,0.08054726210155463,0.14102254644972004,0.5628938528383396,241990
track_07631,Rock,113.27103559560902,0.5769538545542146,0.8771546804304983,-8.248769554683134,0.05595852101915365,0.28666539951953507,0.2834826789781809,0.16083235218043446,0.4731288935430104,189228
track_07632,Metal,150.34258615311842,0.34791711670034703,0.9768552009673238,-2.0282296318277773,0.035363156959803216,0.19648016647416755,0.007810717859900263,0.25896433184306844,0.428562865934525,252698
track_07633,Rock,149.8308881381805,0.5556385351121349,0.8398858903775075,-8.610454670858667,0.14082840806408725,0.2672246928980786,0.11707778137985339,0.3754056074611014,0.7615844173217258,227964
track_07634,Hip-Hop,91.13881913432067,0.7228439675397759,0.8061450771663596,-6.482145996049194,0.5053981964652885,0.05258086512977928,0.039623567161828216,0.2850908971712574,0.6536006887678548,163113
track_07635,Metal,165.48400005611347,0.41117887897447664,0.9871318425375726,-5.921206752781127,0.05253945300786336,0.18150507398538462,0.13920122004226762,0.24079833503521553,0.3469411370950862,284836
track_07636,Hip-Hop,87.98009192615271,0.8382110602538082,0.6903837856908467,-7.042363971746818,0.48588805583556505,0.250939968287694,0.08213983746398218,0.2668204579272472,0.5068920180371091,172686
track_07637,Country,116.83650987843204,0.5604852256659929,0.5659374257117594,-5.557802924004625,0.0785068493495247,0.6502838605403508,0.19123210776875244,0.27079376596116966,0.7814615782494864,276867
track_07638,Classical,58.37473461194898,0.2947893792821935,0.11846132338283735,-22.589196591228948,0.050530496605800675,0.8002508968826663,0.9294677254524494,0.23325234841752526,0.48221719142023733,582936
track_07639,Jazz,108.50073329409577,0.6190814897963993,0.3223923929827547,-11.031284227850504,0.09505761436275668,0.7095551721851656,0.9310495278336504,0.4399432690745979,0.304136408424964,338631
track_07640,Pop,113.65123815240116,0.6322653968381433,0.6690357876619295,-5.107381080434671,0.10737401774571377,0.4093710195179521,0.0342548318534641,0.2864962523970495,0.5972099094579584,206973
track_07641,Reggae,95.78599855076796,0.7263087031106567,0.5976767756990569,-11.619948455788972,0.04892911831444724,0.5263395121845493,0.18977159708463565,0.2851536174403109,0.5340418370202636,245598
track_07642,Pop,101.92049492452585,0.8098645900945577,0.6072122493942662,-3.525753805097427,0.11808938903576485,0.3905773533634199,0.017152610321188467,0.145144249104373,0.5440923467164392,183737
track_07643,Blues,99.5782396234781,0.6752718430938104,0.6314588448765066,-7.2034056296266185,0.0645420127776397,0.6093661989011829,0.12846851606391907,0.23427983814879136,0.685793266587229,295611
track_07644,Blues,85.4711900349897,0.7788907895745028,0.758547813278956,-5.237059645206805,0.05634701993989012,0.4978129297109673,0.016192678266852358,0.21818335668156946,0.7196967039545031,201849
track_07645,Country,103.53878993097102,0.5624062891921545,0.6986990580556488,-8.93442615250706,0.056461887104833165,0.44384852542473224,0.08384678002854869,0.19681086103483578,0.7230078520927816,266052
track_07646,Classical,65.95642831177285,0.2423056814533531,0.3194303399397187,-24.673583269028395,0.031081772421536383,0.8107985473973167,0.9418886136172533,0.35271349879453984,0.5597836937782061,379658
track_07647,Blues,87.62570508407741,0.7584729218666516,0.7128622931051503,-8.10898156551154,0.05046970974712586,0.3192061970412035,0.043429577526797616,0.27538887705984005,0.5808866386278371,263621
track_07648,Rock,145.26408102254305,0.581666961306874,0.8085211385253641,-3.9383071186207737,0.11084693651947455,0.2659617451114957,0.21744221299778604,0.3267469253075006,0.47768430974667947,260090
track_07649,EDM,135.31316515267454,0.8424503055676108,0.8070104434829664,-3.756240367248189,0.056898350273027726,0.006598768827860791,0.18202488349466053,0.11004633520697629,0.5033905843859116,284614
track_07650,Hip-Hop,93.36172855696955,0.771849191395471,0.7415454297290729,-3.5246878624742237,0.5601864317243985,0.14103459882345742,0.03210036566588516,0.2823185300954374,0.6343703250538629,249933
track_07651,Blues,91.24426861278218,0.6253311776710254,0.770117772819759,-6.418374857619765,0.056964044753928515,0.38010249654773437,0.023299884042689747,0.18474465096116416,0.665040876130644,222316
track_07652,Country,100.95682986861262,0.7319330897494227,0.6023038618684208,-9.07301847452609,0.047080390572934804,0.4013956372850288,0.052801546744845766,0.1633242779283876,0.7049418421282196,194513
track_07653,Hip-Hop,94.58349417039435,0.9454465696718949,0.7274921287780124,-5.025674488187116,0.43564744879767336,0.07793509985260773,0.009434708050521046,0.2281193031654378,0.5288417400884271,193250
track_07654,Rock,149.48094273531802,0.6585556254037039,0.891913054005478,-9.877667338534307,0.051749789020242576,0.1187684743318429,0.08711076897884276,0.16162148904594337,0.5947201211207576,210168
track_07655,Classical,72.23145793921866,0.11488684423328402,0.3741677031006996,-20.05359190038567,0.07602062994754412,0.9284859539583216,0.9401194274501323,0.4348487871891234,0.22723230016448512,318789
track_07656,Jazz,111.16147427158268,0.4879943182739628,0.4167343950142138,-18.83223309491149,0.07396778134427395,0.980405760650511,0.7851550641143955,0.47877492093056806,0.5916829601093438,293951
track_07657,Pop,122.57443958203982,0.7099874654994645,0.8386787906609987,-7.808047682128531,0.06542398081674787,0.2649821832255671,0.021222594574066157,0.2586797337108645,0.8548739126351725,206986
track_07658,Rock,144.10209734119542,0.5972383260103058,0.7477545579186684,-6.987079521696602,0.11364162533822864,0.34126245905409086,0.026748698883811994,0.27649433785411126,0.4216388997387328,230182
track_07659,Reggae,91.50147688228651,0.7985649850394106,0.6739654850117319,-10.596602387038729,0.09308051978900911,0.3833579026978299,0.05339541008314972,0.23174542770201315,0.5388804395970991,226657
track_07660,Metal,166.6475987962762,0.39193780191871075,0.8431832725198043,-1.172013945946393,0.04497306950177587,0.19428051759455411,0.1275877450864625,0.135312928792382,0.4661528165271339,184862
track_07661,Country,117.01564119454403,0.6849510563294127,0.5598624204653666,-7.2681379261975465,0.05648945564709639,0.5965240701907786,0.10289425012843285,0.1583431667742159,0.6598688132777654,193533
track_07662,Pop,109.46774666120606,0.8983415444446048,0.7465494279098172,-3.8305879312314968,0.0808930305614244,0.1674549318655995,0.04234038247192341,0.2526869040246795,0.6319235909009802,192044
track_07663,Reggae,84.64227525242326,0.6744213548537481,0.6764270118071019,-11.456465971407162,0.09868466463576547,0.34073212658551727,0.08071070275611064,0.2827071092740763,0.5045708833931735,248663
track_07664,Jazz,125.91253184667033,0.5971158185341496,0.3309765898821648,-10.323340818594685,0.07065146055681931,0.6892497646261814,0.7785208597891415,0.3913758370564977,0.3667035692535824,272276
track_07665,Reggae,93.2206953061993,0.7879308247927483,0.6389873262707634,-11.554190650549112,0.08066092129963004,0.41304899569113745,0.018545312416124473,0.2711531884438234,0.541921212059267,281303
track_07666,Classical,75.51196754414791,0.12676041094736987,0.2106262561658634,-11.080241665745461,0.06631652533929971,0.8855974262899421,0.9581225016202729,0.34106548274560233,0.3535496577480918,468915
track_07667,Metal,154.7686974139084,0.40956020548735084,0.8503329421770147,-3.1132981197016503,0.059906277136442365,0.00916735348501716,0.1299308642425349,0.19351363941249486,0.4641088525702569,318072
track_07668,Hip-Hop,80.89120846130585,0.9298698801236914,0.6945557722548752,-5.821867220767339,0.538431645760311,0.2860927120097454,0.09389206851219778,0.11112529001978014,0.8485712862641777,269040
track_07669,Pop,118.10246580484936,0.816378400978521,0.7836902615623549,-7.769306487384893,0.09821102258005815,0.2985415820235875,0.01567969174701536,0.23790073615217436,0.6002856122503087,198961
track_07670,Metal,146.33991902134952,0.3018100834164587,0.9305253395305941,-3.4073527554841756,0.07987080256363599,0.020903119744436507,0.14100381789082755,0.1434064149422034,0.36190262761905123,295031
track_07671,EDM,128.15445974883048,0.7990363696222165,0.8207588595672576,-3.330508940594065,0.048823577766276015,0.1996095701430234,0.15317986058889266,0.10390167670827553,0.5830966269609762,229474
track_07672,Rock,158.26080494137338,0.6367779442291888,0.9022839476064813,-5.865849374399377,0.09111180002817845,0.3513683143081312,0.058874711576443604,0.12336384041166865,0.7352818130887437,205918
track_07673,EDM,131.1784093699898,0.8147720104936775,0.8504715093255054,-0.8858009497725767,0.060196190340752354,0.12348633413512083,0.08595139448909135,0.25243816199565994,0.5077619485659068,277378
track_07674,Rock,135.6411944709872,0.6325477217028651,0.9827635330721389,-6.57107521290029,0.11649440063172926,0.13017775363256634,0.0656582922180113,0.22726165139260707,0.6325191959675572,234315
track_07675,Classical,85.82874877046861,0.1852764336615684,0.37142738137792863,-10.147181805608675,0.07254782191365622,0.9592287672720881,0.9717002947293968,0.3682470898557336,0.5147438538704108,375331
track_07676,Metal,156.21569880300925,0.5885710516257852,0.9778939483813793,-3.117849471406238,0.051247184379471934,0.03938878672937001,0.048948536985964665,0.14375912088417026,0.5674831732437766,280950
track_07677,Jazz,137.56268180106585,0.43739909347047984,0.4684272559853641,-15.50882883899202,0.09703457380500671,0.5680300214705237,0.740525460772839,0.43138396075395025,0.4247753752538403,312717
track_07678,Blues,84.78474848302766,0.6429894286536366,0.6770337281814773,-6.138481706948594,0.09560759549755285,0.32349160686212114,0.0837469817149808,0.22088426816632362,0.6013973079400947,205743
track_07679,Reggae,91.91347231217676,0.7105411585106273,0.608589019399565,-7.005968053169877,0.04199706991962126,0.46682667735580075,0.0868300273827159,0.12490548479442794,0.5045862037867657,223978
track_07680,Blues,81.79843317667813,0.7175533328871324,0.6632462991748143,-10.949088789971007,0.04323779288893176,0.40235072867703886,0.030195891671263644,0.21216420971884153,0.599764879001731,220416
track_07681,Metal,179.74403499594317,0.5728450514141424,0.9352095847344475,-4.078821743605547,0.03451024498929362,0.028841859294447825,0.10956561836131869,0.14766913584772115,0.4348734972717854,213184
track_07682,EDM,123.78506278859788,0.9246822595046938,0.8283544604979002,-1.994081718451656,0.054700451666705285,0.007461478701359803,0.1829142260578494,0.23884331690387295,0.864052934617471,227425
track_07683,Blues,93.81494831237275,0.7744513077199018,0.5310475452326082,-8.072028842476286,0.08031272244060281,0.6661063578900637,0.16668592935284904,0.17783180898429876,0.5935922198249983,237591
track_07684,Country,107.06712137880108,0.5730775096457525,0.47675408045029377,-7.052497100793974,0.06023832409148214,0.6562662752002117,0.022520442596631773,0.21080938074595595,0.6210219582825919,217876
track_07685,Blues,81.65106151923334,0.6299885923275552,0.7375859366631312,-10.30749797450013,0.04477140248137105,0.3634258214816146,0.02282606838486774,0.24296973416389758,0.7235627226072237,193162
track_07686,Rock,148.1687468169616,0.7856471794056392,0.970681231107777,-9.759695899933257,0.1323403392675233,0.3328497853218818,0.1496343139021389,0.19762781360997944,0.7022353770104957,196679
track_07687,Country,92.91085661772455,0.6101310729117985,0.5423530352364044,-4.146286681449715,0.06327366213106576,0.51146035065948,0.07214174079401332,0.27717788005241795,0.6154765105369722,233665
track_07688,Pop,104.90182321941583,0.688275160452426,0.785301315838335,-7.971279853065606,0.09569140925639104,0.1993093299256318,0.03364972239036681,0.13738757745938504,0.6505755757786829,186521
track_07689,Blues,81.53675589971333,0.6601067742351913,0.5385800596382602,-5.6301436788476025,0.043892881606117325,0.31509257562052273,0.14497837441462863,0.2409690710272236,0.6051583450823934,197968
track_07690,Country,106.7938058792232,0.5075683472449767,0.6761413836365718,-9.026830440204172,0.035154734412368896,0.5415176207706404,0.1882366393261604,0.29287716803735786,0.702920847768582,197328
track_07691,Metal,157.8420556232409,0.5781851613453055,0.9224424256421171,-4.072834434796459,0.034579368185170184,0.020028552298215253,0.1356587013790259,0.16230613841662128,0.44901921386123056,345644
track_07692,Reggae,83.06063119059039,0.7261632087570706,0.5977321820206295,-6.1748181534073305,0.08613383821953816,0.47808521840082496,0.08419354491348152,0.10215671674992599,0.7530332948108309,256988
track_07693,Pop,115.48815740492596,0.8635545689904762,0.6870424357589647,-6.35894643576644,0.09860201308123814,0.44861401676011015,0.044357218017855395,0.21685508403663076,0.7376085692534479,227879
track_07694,Jazz,118.39754785613265,0.45847947562063446,0.5326831598525859,-18.554478426127126,0.06841963886438641,0.9326644877414578,0.8238801467724782,0.48898426320866983,0.5524158137532353,373668
track_07695,Jazz,133.31275980160746,0.58659456697095,0.5337970969938571,-13.062548680569932,0.05872568800363906,0.6000519575839611,0.9547650140028152,0.411953550472715,0.3711583060377298,382411
track_07696,Classical,71.21371598632862,0.12042580799713168,0.27446093388207604,-28.609243936913714,0.04680984952366257,0.9132399524962075,0.9228184943024221,0.43263328951356883,0.46993905562930427,463109
track_07697,Blues,85.79139481496188,0.6328173518574507,0.7408605575936508,-6.2288497846188,0.06172618176146272,0.3904989545081943,0.1863386852368798,0.19377899411083876,0.7208637342342761,219725
track_07698,Reggae,99.75622335988396,0.7514860431844477,0.6238509029564561,-9.227027309062047,0.06296800369754102,0.5386233292624107,0.1428429096009285,0.22952850137639666,0.5725285778392344,244911
track_07699,Hip-Hop,77.81210086804846,0.7006000054508698,0.6435866678312709,-7.5665618370492025,0.524960239776183,0.056293892202104845,0.011136905857073843,0.1570077449025247,0.8734496187868257,292519
track_07700,Country,105.25593346685218,0.6642213753382206,0.6500776551850236,-5.026485099812073,0.09605996756177078,0.5087289455589473,0.09759595282114764,0.14751354381957207,0.5194708620539777,296602
track_07701,Pop,120.96301048537062,0.7202173295391385,0.7082994934724793,-4.733109196830327,0.10895077448609725,0.22776362395429062,0.02660727447568295,0.2708350834215185,0.5671702134313916,197250
track_07702,Metal,190.3574937537588,0.37784390542796775,0.9865457212420005,-5.982759677798336,0.05624392368098646,0.00894998649942176,0.1309579559967445,0.10848139376005249,0.31700642114093885,294236
track_07703,Blues,86.3259860950485,0.7827948326057212,0.7781113872959768,-8.8590804850663,0.0761325294002986,0.6916271917703107,0.16434917577652638,0.1268638153079581,0.5213407687133906,247102
track_07704,Metal,177.46486572873266,0.3309048701285473,0.9711787801343023,-1.960452272498749,0.051260593397505855,0.07554377783861253,0.08550532828395291,0.18406922785838492,0.4288849983213302,254665
track_07705,Hip-Hop,84.37264422209907,0.7768592393155727,0.7144919360487747,-7.5508204193653015,0.41108607811694087,0.13893468609934242,0.08328410490899381,0.16444107440608627,0.5354176814045815,258070
track_07706,Classical,48.48241208577629,0.17614571886563818,0.22487233048461938,-18.192991037390783,0.07258845533131628,0.845904960116461,0.9245562425211983,0.4971330235439013,0.3956651577287961,386113
track_07707,Hip-Hop,88.18649988906441,0.9237575464256284,0.7856780575580863,-4.278320077816474,0.5240829323479371,0.22809009879972145,0.0909450265727602,0.13242244130761058,0.8938531444959876,298992
track_07708,Rock,123.04513244329898,0.794345135126042,0.7514330510268812,-6.449404598396114,0.04438171884379837,0.3817616089436563,0.2481934639155735,0.2611588097883976,0.6554912526085317,258293
track_07709,EDM,133.32829674028383,0.9481579252322585,0.9030424722373034,-4.106206417492792,0.06971774872039956,0.06470460390692923,0.02622427832378169,0.24337864347835628,0.6784196926543591,280995
track_07710,Pop,132.60310044628199,0.743147064667064,0.6042857547343748,-7.6406223364836725,0.08007088262767623,0.10304460075569635,0.010172946341348394,0.235917785512225,0.7515423552143168,204710
track_07711,EDM,134.545410521699,0.8028216661138052,0.9342469150491747,-2.29612094688393,0.049985137782666014,0.19694416940563697,0.005252334345037524,0.18292501848364545,0.8720711691011614,253363
track_07712,Hip-Hop,86.67047200328321,0.9433635345617575,0.6100849082885079,-7.195509015432929,0.3251133648744063,0.13148285930245093,0.05878833497767222,0.18850993523556203,0.5840566690749535,248523
track_07713,Classical,82.50920903885331,0.22416231728803343,0.3333043509145751,-15.725006711504502,0.04357805753387187,0.9738595446658898,0.901424944130599,0.2759706682320844,0.4077857149285312,344717
track_07714,Classical,95.57420489252038,0.1366680777056662,0.2777493382454683,-22.48930986745597,0.04274550525963735,0.8985843256346214,0.9677240849858801,0.4188857973111666,0.3708289325748042,332115
track_07715,Jazz,116.00643237392512,0.4702802392855869,0.38013677071605945,-7.95771648260359,0.058707158086924616,0.7965515229469675,0.9575067025491061,0.2956319406569206,0.35832295776055045,385555
track_07716,Blues,92.41004319971293,0.7677008070995313,0.5007057307790836,-10.337348780801019,0.06076850286433575,0.5594430412865656,0.022751683763393517,0.12574008344146287,0.5439071548080239,255416
track_07717,Jazz,132.43153550198346,0.6652921151146514,0.5545274161891728,-18.390195736954677,0.07999000069993296,0.7220449545146757,0.7293267464231806,0.2185424746667751,0.5791378163607879,368707
track_07718,Pop,110.18683722520478,0.7146423385078975,0.6532687029411746,-4.9893785755725375,0.06038762008207925,0.10162955625522133,0.0007035961670067315,0.17357101315483583,0.7875141544839184,184982
track_07719,Pop,108.05512886229576,0.843297182525307,0.8048990061953234,-5.838705451340948,0.10868602498708502,0.39620370527838933,0.006770760969021955,0.2719202730852231,0.8497114948256916,229759
track_07720,Pop,116.01910926342013,0.8324979243068468,0.8243403574023717,-4.271781237376732,0.05658086532691765,0.1378573709500659,0.04911956857590582,0.20827042662923562,0.757778580875409,224683
track_07721,Metal,159.8130648582967,0.4699198423778303,0.8004284552280241,-2.8779276947102783,0.07254688487248287,0.010981559510657402,0.16084511182137526,0.29550594219779747,0.5760862965127572,293148
track_07722,Jazz,118.11595896745891,0.5661200177530838,0.3327378849028869,-13.363117670528702,0.09823196533235183,0.8131603951589049,0.7053462622444105,0.4467592017015134,0.5002202051795436,409372
track_07723,Metal,160.27937181313422,0.588807623249808,0.8126296657545853,-1.632567101024649,0.034338151796549046,0.13071542561594804,0.06865211159205778,0.12002948913952755,0.5270817393112652,333848
track_07724,EDM,118.17625489318084,0.7506647483264239,0.8767232134414944,-2.1028985074282613,0.053950167725879815,0.17961153620878303,0.2790513560720562,0.1406034807406325,0.696130120453843,251701
track_07725,Blues,93.10381950527479,0.7475681189091467,0.5328892651756216,-7.59003869350312,0.06443462605512561,0.42751815146110356,0.10142169931486662,0.26094657925112263,0.6237710684120608,292493
track_07726,Hip-Hop,93.81299673877417,0.77140661140698,0.6348054325196641,-5.367751220844296,0.35434572507423157,0.050163591299899,0.029504848617446067,0.2932766966351706,0.6599343279999917,294671
track_07727,Country,83.38924716251171,0.7145666835305212,0.4749739720783992,-8.454260417377888,0.09269610238315001,0.5596480777315638,0.02102756989619832,0.16914498092105476,0.711615932808112,231783
track_07728,Jazz,119.5580822995486,0.4172346310835546,0.5919718522549156,-5.225034405756141,0.08589359421613275,0.9935132347618865,0.7768341847153272,0.2763897319116516,0.6475765904597152,332541
track_07729,Country,110.66846576264942,0.6488834684041472,0.5532785652838863,-6.31231723037438,0.05628631358083595,0.6698343134154756,0.11811207166822009,0.287318284926119,0.6213746155747364,240064
track_07730,Classical,88.91796109378163,0.2899122610166965,0.2888193176591157,-27.144317996689733,0.06494449513487797,0.9756737208317572,0.9366477234354672,0.35413104715103966,0.22547405645513485,467867
track_07731,Jazz,117.93685041932909,0.4834890236579442,0.35488069146117135,-7.20468890334994,0.07620667007345808,0.8390335612820683,0.8476969654666228,0.42424392880032635,0.44804547049762533,362686
track_07732,EDM,125.8957884891186,0.9497455982178731,0.8765010242457343,-1.399466465951809,0.03595567717601042,0.12701972117832033,0.0968663956471379,0.2733193925578081,0.6438558289429744,243653
track_07733,Jazz,115.1048597797711,0.47284723795524447,0.40144204317873344,-12.615814062041034,0.09046395838943413,0.5476858798278158,0.8214343993804576,0.25712109259611027,0.5548133113275011,364157
track_07734,Metal,139.64206161073005,0.5398761829225628,0.9284195967506716,-2.3369975710815485,0.05886111742036758,0.1580081033495116,0.16421328441634606,0.17737935205068528,0.5702884638167378,229493
track_07735,Blues,86.33898135506946,0.7823627021644566,0.5919795947728153,-9.360778032661361,0.050932238595845,0.33086952836402905,0.021597225984260907,0.21873219110979125,0.5140426887513057,220867
track_07736,Hip-Hop,79.43612620549669,0.8294352419553556,0.6480591195266675,-3.549273889587403,0.417838791694056,0.07038752785692322,0.08500251245025514,0.16140600822100784,0.5793662224652257,299557
track_07737,Reggae,87.70845794206424,0.6952256488532873,0.7367933438345823,-6.015564217139011,0.05772217000706781,0.38877537650620897,0.13789382122466062,0.12775337832244663,0.798202725690117,232549
track_07738,Hip-Hop,85.86805543036301,0.7839557475398724,0.703903392088953,-6.730616272530554,0.4306850650598054,0.22439857462424567,0.0099341163247477,0.23433024296170227,0.6043054018833167,187646
track_07739,Hip-Hop,86.93819219655852,0.7983869561918447,0.8604642274062266,-5.075265669177551,0.34188288385610877,0.24985036910423822,0.008266547025239058,0.2656488366940185,0.5165982551559378,296183
track_07740,Classical,54.83543779248268,0.23684723638822863,0.3984192860724457,-23.399417517331795,0.0679748017933731,0.8582245880916903,0.9487731071103861,0.26398586723802,0.4051138815676528,433607
track_07741,EDM,127.4491785271809,0.7156806037268122,0.8901251320070581,-0.09914349561109326,0.041719076404853714,0.10312794338462586,0.03905890081081156,0.13079452556773496,0.6421877852432097,274073
track_07742,Country,95.70242072868263,0.7427082894396204,0.4142533491328941,-6.921772836548743,0.0483173638505274,0.538821522946894,0.1409186406700935,0.27536016110932093,0.766004514059999,189210
track_07743,EDM,132.68241888660225,0.7894892094616252,0.8123131750821945,-0.8187439642598617,0.05800882029359211,0.07927440905529115,0.20307209611260424,0.15491738500939803,0.7111471215873569,245140
track_07744,Reggae,82.86203385875085,0.6040624083693044,0.628984413698823,-7.567405339182626,0.051769630588189154,0.5542702332549596,0.14894292097525444,0.13848394059106608,0.7265813715155631,256334
track_07745,Classical,65.3149432907927,0.16668139632604603,0.1572147929580933,-14.495075718037144,0.027969569202162398,0.8045067335677241,0.9351809449573272,0.4354185411968897,0.46051906909530266,376467
track_07746,Blues,88.21891283859243,0.605029698398631,0.7017230718943576,-10.437724877556592,0.06324913104244753,0.6536446030927974,0.07250552799347461,0.20909024958604489,0.5268924366988058,185140
track_07747,Hip-Hop,85.95554878954955,0.8149466490431422,0.6793730060077017,-2.0022607028333965,0.3459823163178284,0.2476444143120491,0.003576100986964481,0.2693674951919731,0.690797179503242,167639
track_07748,Metal,148.87473542597067,0.33221793639776703,0.967498497028104,-5.895144314633063,0.07915153669771263,0.10498556022725712,0.059764509653011055,0.22125696303675757,0.3851373198842124,184610
track_07749,Classical,67.05732203649248,0.1247041914567864,0.11986642795248917,-14.98438961066701,0.06049976283460434,0.8240916788739482,0.9530142291501856,0.24580866711094101,0.35342885073056873,435127
track_07750,Pop,120.01094471604783,0.897615311058989,0.6147067998120839,-4.311177157113811,0.10038955001558843,0.4787413097670147,0.04122136448406526,0.21511733798560403,0.5929752565637325,228537
track_07751,Jazz,126.47622959974285,0.6257546399398474,0.5878106920449051,-15.491727731382818,0.09466426647431367,0.5908799507608362,0.71231798976016,0.43774805007387996,0.491445664940215,294488
track_07752,EDM,119.68531764195183,0.7117618368400374,0.9666556954586782,-2.671735238048245,0.061713284473229456,0.07281455049710554,0.23036150336191305,0.18106148778487968,0.7685519579365023,253316
track_07753,Classical,56.4773117539509,0.14443333882791792,0.386869955794103,-21.61158115158288,0.049208401117186246,0.9673604371195257,0.9963864142655594,0.20131800549799847,0.5960973036005996,394800
track_07754,Pop,108.26743168776119,0.7977386351753063,0.7754889003007087,-4.930178457457066,0.10451951204702217,0.1932564874560055,0.005484952164006041,0.10965120519072323,0.8904390307260008,252150
track_07755,Country,101.26617156325358,0.6735176538345178,0.49961565509004174,-5.157948748747669,0.05449448778784145,0.40892834430018343,0.067380885663923,0.2700651802307241,0.7627665417160017,292736
track_07756,Reggae,95.09787154687768,0.786558312921939,0.6940638414545206,-8.31774770100229,0.07482659406389987,0.6077798858345655,0.01037597338648768,0.1656240549470333,0.5154386083052751,261326
track_07757,Reggae,89.06365633746435,0.6504155891798321,0.5121751475938563,-11.95215025520867,0.07271722521764079,0.4333687683738952,0.19282095150527565,0.2634903553164375,0.6352722360050419,258177
track_07758,Hip-Hop,88.86518855313233,0.8268916099942878,0.7360472405067777,-7.6503683497285975,0.32521193742406035,0.2074945772485734,0.07769338747885594,0.27340130200661605,0.7011239537882303,241731
track_07759,Hip-Hop,81.370423849109,0.949737204318047,0.8889436237658603,-2.877336265461108,0.45116638754155697,0.15232633787226618,0.09321523673005311,0.15946513441895843,0.6946778266941693,164181
track_07760,Classical,76.91269782545878,0.2523864900448529,0.292227107044693,-11.146587770520778,0.04286523637672984,0.9862737984539206,0.9605684502625921,0.3737892098606569,0.4583805668084601,342751
track_07761,Classical,62.36040103998538,0.24969437284546908,0.20221011619379525,-24.428936741140024,0.04829243506934486,0.9565876221191287,0.940902914724498,0.3635646923243734,0.29539454827043066,414555
track_07762,Blues,92.16993660056917,0.6650044753275033,0.7751903487421764,-5.530313900015031,0.06848939749083341,0.46012595006628865,0.11503881800033067,0.14003688007705148,0.6488628792842621,183131
track_07763,Jazz,134.6548777329154,0.4350802934686603,0.5489312729121524,-6.988903969701525,0.05740455918874941,0.8126207089234847,0.7165060744364061,0.2940236831651387,0.44905354097306616,275524
track_07764,Rock,140.38934037952706,0.5153763207048146,0.7344879947184045,-8.858997653838339,0.1273731176286512,0.23067581308654234,0.05557882430873057,0.2595406617726178,0.7053360925900092,259502
track_07765,Country,108.92517954956594,0.6770188450461172,0.629904024022422,-7.173470256093055,0.08215180116713645,0.6016494646665729,0.026741983745612808,0.11822630331068062,0.5529688659596331,299345
track_07766,Hip-Hop,84.35345410294329,0.7556407004184258,0.8521135500786221,-3.717473338238098,0.4989917965499864,0.23437840826081674,0.029371818826489884,0.19072975859642272,0.5346282574242405,173409
track_07767,Rock,149.90656908397992,0.679299514591974,0.8273530609326534,-3.2310683323151936,0.08306033904510983,0.24066378198627195,0.2977589032245636,0.1394088141669325,0.5022455676227717,252296
track_07768,Rock,134.75401502263958,0.6713876348113788,0.7444247395935221,-7.698241969047931,0.05643165701930046,0.3549688135116571,0.2503859788662275,0.17195116463358692,0.5739704814587838,182604
track_07769,Jazz,103.78367544989368,0.5439173203544442,0.3827724651845818,-7.559328724601592,0.06824930376581369,0.506275167789596,0.8168565435829002,0.37789007460151247,0.5637011208484031,372831
track_07770,Metal,147.8228120721122,0.5752464707880521,0.8420880055880116,-1.4662819141158323,0.06316068506994063,0.1005545377329683,0.03478986384498406,0.2347200790648004,0.5659191933413208,243118
track_07771,Metal,140.10827901710385,0.5669389944469849,0.9737421667197096,-1.3770869194592645,0.043659527441756406,0.13243314395522163,0.13435115341090315,0.17200082388851157,0.3283658649886028,264645
track_07772,Hip-Hop,77.51237083119156,0.8983709537291799,0.8932554610261508,-3.653377880585496,0.373790673061351,0.2689457309305506,0.07932227655714012,0.18986188430186823,0.7290270645028024,188603
track_07773,Pop,117.30398581996475,0.6682842480122403,0.8480463740001156,-6.258481213498232,0.11313731431933134,0.27161572001857615,0.035810880674864785,0.2810816005376987,0.7484816571709128,191772
track_07774,Jazz,93.79657359100784,0.4654877410233393,0.584497234208782,-13.019209431275273,0.07248159952797033,0.5780305521304416,0.9754050697485592,0.3551391076933888,0.5115442566976155,416490
track_07775,Jazz,126.38822837822555,0.6565860513793045,0.5562693563045896,-17.44171440462677,0.06406717405603121,0.7299278841497066,0.844262849203434,0.33735668408550723,0.3383807569382439,302904
track_07776,EDM,119.62832858828808,0.9323285095048303,0.8644906974305422,-3.284211011554819,0.04168393479031149,0.17644621440461197,0.029485777265922008,0.21681720496176698,0.5745210081284078,201039
track_07777,Rock,136.2530209347043,0.7034811245607787,0.7670103984342711,-9.214377667462424,0.07630962366498344,0.368637525112134,0.17315390686361104,0.3237143066087359,0.5140059807292903,246004
track_07778,EDM,124.36502091194254,0.8075937907412079,0.8872733240632534,-2.1322024742103936,0.0659295491596904,0.028386500890909352,0.1673090095075369,0.10367583946546942,0.7792882521864997,236098
track_07779,Rock,155.92103861781072,0.602750000775289,0.782505264389696,-5.167932263276084,0.12730387453565215,0.21587381848374412,0.04326237366777613,0.106448787283348,0.6319000341329428,291492
track_07780,Metal,189.80458822874908,0.3402653003027168,0.9041845046837271,-5.821179146931513,0.07522400625927089,0.15543639317532557,0.19958381341927017,0.2986369524558599,0.5186958134851,259796
track_07781,Hip-Hop,82.91309536425784,0.7206880938418359,0.8107086947627968,-7.104273498804046,0.5989581847135952,0.16307849265104082,0.031249336647039286,0.221049678762125,0.5360426657215224,259541
track_07782,Country,98.10625495231577,0.7358870255520259,0.5452016983464381,-9.274134558176076,0.07338028225269164,0.5024238738021218,0.08382111265820241,0.13032503241946997,0.6877362907411376,258318
track_07783,Metal,161.46549001024982,0.5768690244837522,0.9492344002537213,-2.4932673169762483,0.047700265175985,0.11382808741725932,0.13923078319928894,0.20107797406775785,0.3691880155562954,238208
track_07784,Jazz,108.09000828487565,0.40501439090496455,0.5218155143781318,-6.5902239984522915,0.05116267055699521,0.5172100032371947,0.7732311825581092,0.465100468625464,0.3064733006035174,331594
track_07785,Country,112.82727738265876,0.7374561412921234,0.41676563225780044,-5.501906940038266,0.05253234272927097,0.432203972547901,0.15114650788704934,0.1941947450365591,0.5621258522811516,293442
track_07786,Classical,67.64601112258374,0.2015991422848335,0.3972942157743241,-19.644569257756658,0.06910845900785753,0.9490193829531923,0.9401102648350803,0.43659061178850844,0.26198715403862377,445349
track_07787,Country,114.82443564583107,0.6609572111384638,0.5528331395260775,-9.174356062116242,0.05609321381519808,0.581467324498106,0.04521402688568332,0.2275671969142197,0.5702842357431357,261895
track_07788,Country,108.32997242309555,0.6456863755813582,0.6450785367326892,-8.058459364900923,0.034756095214582734,0.4603906245470987,0.03034763010675754,0.19447092751963174,0.7713436087247897,242962
track_07789,Metal,164.6570850749079,0.3764805813232739,0.8290368918749867,-4.70788236993163,0.05882307367635982,0.04350864502708243,0.06809412299441546,0.23161097178468926,0.3349439867451966,195835
track_07790,Jazz,120.61510337166274,0.45153998840659126,0.34450572735751683,-14.627493517957841,0.05388622678074273,0.8727380316193118,0.8947820523145541,0.48871302719575277,0.4608084375284986,348093
track_07791,Country,96.34760423792152,0.657599925996442,0.538478431152482,-5.848714663773542,0.04356507079935948,0.5756458320382314,0.09080798459061859,0.21745223722399337,0.7645980758689457,219027
track_07792,Metal,154.0397153542503,0.4470797264745885,0.9058621551753341,-5.389657651556,0.07547567460067897,0.04621639401223803,0.18851775247031194,0.15137515894040826,0.30077817598842593,234552
track_07793,Metal,156.6163056845196,0.5998885724969627,0.8240656507689785,-4.643995074515106,0.06414312918020718,0.1353340689154166,0.17495603317258687,0.2221342709020202,0.3797419727222252,266728
track_07794,Country,95.2594319740242,0.6100208812018877,0.4137755127946603,-9.760505624970722,0.07915431755630568,0.6846488700933955,0.16945343910976413,0.1244368098620837,0.5363680625902328,284231
track_07795,Rock,148.52239101586213,0.7161329481876519,0.9320427989531328,-4.323418937213366,0.03232972089504643,0.378658611331982,0.27186909607322207,0.28039049817629613,0.5395305562027564,259652
track_07796,Jazz,124.51485860325745,0.6208662454826732,0.4770151137374294,-5.26952103904787,0.06952019868101629,0.5062344920951201,0.749002763030952,0.4892475047709677,0.4878081975058045,403437
track_07797,Reggae,86.00847259534707,0.6049437779580645,0.6828119881152628,-10.256822360294263,0.043484240137153296,0.6020243694413336,0.1953340465936032,0.24943081433748238,0.5336329513704726,200022
track_07798,Country,112.35467728235686,0.527491687328032,0.6956794091478435,-5.498576437343818,0.04814515392809644,0.47835879022225136,0.19199944686033943,0.13852730346370934,0.5682762674832622,240343
track_07799,EDM,117.74056216977169,0.9144635306881073,0.8336374927574757,-2.765723536718788,0.055061648352818376,0.02849700640650399,0.01637798025790549,0.17943163217275776,0.6399569676257364,269963
track_07800,EDM,126.86697670901319,0.8741058277583523,0.9855067804793934,-4.014365005525867,0.06677449907685708,0.07222611319236026,0.24071783703916658,0.27936040554020913,0.8845458155287156,198899
track_07801,Classical,69.34006314698858,0.24091260515846816,0.25336550777550537,-23.833693758863582,0.061815823219708924,0.8950758809027337,0.9635799208044028,0.3179241345331852,0.5989403932588714,563723
track_07802,Jazz,125.91512078801479,0.6312699478487114,0.5084205374332603,-18.83773056374433,0.05107798195948947,0.6776203000792045,0.980043288036489,0.29926750729807794,0.6255086924226665,306433
track_07803,Metal,171.44549889483966,0.4628765343901194,0.9533691841413234,-2.3816738849221477,0.05384903668622823,0.17310381424234067,0.06832586369523766,0.1850817814875751,0.46195830474535804,276148
track_07804,Blues,93.32163635719446,0.7173434593011703,0.5899480655583353,-5.923155763770202,0.06502540822781697,0.5130349437284558,0.028537457966070903,0.2760632655173232,0.763486611276204,229017
track_07805,Hip-Hop,84.72181430127108,0.9205192619907283,0.7483670506230803,-7.73941011793396,0.4646493100667768,0.2546319137387121,0.0396649451047174,0.2102000095380565,0.5562457220292684,295490
track_07806,Pop,115.84813009113388,0.8664647454922428,0.660348307889754,-7.678961227329136,0.07449135863142538,0.39848253004215606,0.0022998270042813964,0.12922144762573556,0.5181506303564984,218577
track_07807,Blues,90.69882514108669,0.7704486557147812,0.5169086333367269,-8.77173131916403,0.05068534754615614,0.6350163978661113,0.1942382499114812,0.2861398640768873,0.6510045356062382,226700
track_07808,Jazz,136.44585642353672,0.638652939889346,0.3567247302571237,-8.101096070415695,0.0930573188342185,0.8338613508333357,0.9687789694202454,0.3177408870772114,0.46070373873572,372701
track_07809,Jazz,110.06577639233815,0.6699822715377177,0.30395138921071574,-6.380746497160855,0.04235573572709858,0.5477015462601589,0.9586826068245604,0.2745259179763011,0.38987797572481186,292921
track_07810,Country,92.18135564270061,0.607281989496562,0.6274810932963021,-8.048922328014722,0.054905651708559676,0.6092307408066883,0.18265418577097653,0.1520608076193109,0.7206944458444842,229236
track_07811,Country,102.62167420365678,0.5079846035330431,0.5024712231875473,-8.967904069713462,0.06928445442978523,0.4573278449171455,0.15782880416282521,0.12422921871683693,0.727348703470226,185195
track_07812,Blues,85.4348555938246,0.7556571743523985,0.6443363697049043,-7.483574180824489,0.04220875565067411,0.6569183139604663,0.10360057558626129,0.169888678193361,0.7480752709735101,217934
track_07813,Metal,162.832455891741,0.5109858302896418,0.958493366835397,-1.4589814772289804,0.03624019915234166,0.11804190685784006,0.17794642074505326,0.2551778108154312,0.37468255263456846,324315
track_07814,Classical,76.90821496386627,0.1654784817905776,0.1313131393735551,-19.33526498293277,0.07650136048431395,0.9749362708524086,0.9560491591648079,0.26199327408227435,0.24585579845550287,575671
track_07815,Country,104.88532737747491,0.6943712325364343,0.5807835909271896,-9.539643761094478,0.09902247997087255,0.44317990407778757,0.19601759539759334,0.20153804449668689,0.7516590432875015,184469
track_07816,Pop,90.89851129786237,0.7866099332153431,0.6285241978790894,-5.5403243716776736,0.06378429123003794,0.17908855039302096,0.026149713723250836,0.211077935558877,0.5013917260588184,207156
track_07817,Pop,126.22509057626422,0.8048696857315603,0.6786393450485549,-3.352326422078109,0.07379426146841228,0.39239491285117445,0.034632134857312306,0.12640734852716276,0.6712054996090624,250586
track_07818,Classical,69.99597218299431,0.15564298210483013,0.1298360037045344,-21.522769399549812,0.020028954961859094,0.9107149031580573,0.9049479289765465,0.4792896809289332,0.5479731968136037,443853
track_07819,Rock,137.76464254718994,0.6788958664541379,0.886524513979311,-6.415971336204485,0.11278598974134674,0.17408486965757652,0.07839291162797475,0.3771501700504801,0.671652522143408,262599
track_07820,Rock,141.19672441290845,0.6078838661424397,0.7346525015270017,-6.786739482615614,0.08864800618858232,0.10272502850302491,0.1423350012329659,0.29424342368828527,0.705864658186398,249581
track_07821,Jazz,132.46944215764242,0.5269822013189553,0.4322398270412514,-15.545369908859822,0.07747909143813632,0.5077021088026927,0.8632357973925582,0.21742826800698745,0.5895954491923758,369029
track_07822,Country,119.57116895809301,0.5462999603322556,0.48232769086228033,-6.7679446510812795,0.06429135273217546,0.6448805179246313,0.025135130295392296,0.21063580839417223,0.7766616261848646,201657
track_07823,EDM,138.45063473204553,0.9294992974643412,0.9846021674278431,-3.7637056158212747,0.0677261896358517,0.06627786938346596,0.26847641309739045,0.11864076571905767,0.5793402153503286,257937
track_07824,Blues,88.30076480733113,0.74585344388936,0.5809671078782968,-9.343195191659863,0.06617630640783004,0.5587940729146774,0.10246204625770186,0.13824584784907218,0.767759946936028,255882
track_07825,Reggae,89.77617246519783,0.7626680143705904,0.671428854535632,-11.895819444941363,0.0751304747783457,0.6786054211853257,0.1107021115900493,0.205586583428636,0.7010676421840225,212617
track_07826,Classical,74.1069821160304,0.23881992185824563,0.11148834915407657,-22.004478568273765,0.057046074618875425,0.9242783302794715,0.9071374018631417,0.4158875597395616,0.23390068924106058,311304
track_07827,Jazz,143.28284660984895,0.4701472978717211,0.41235204220146005,-19.81678745205225,0.08787737779020958,0.8447861087359131,0.7773894471992279,0.3470311597194842,0.5913624565310953,388993
track_07828,EDM,131.75357259848036,0.7350151701283091,0.8671196898367186,-2.647967183804859,0.06938877169419194,0.16759297014008168,0.23789447280688417,0.21196412883802918,0.6440359458489051,235008
track_07829,Country,95.44201392596872,0.5863145631871666,0.6756415540942766,-5.236875406748066,0.06456811579064874,0.6867350225945564,0.04309679294273954,0.18690829275987703,0.5003085892691447,216760
track_07830,EDM,125.86241624152572,0.7626770130504549,0.8658566191162168,-4.393829051137485,0.032957606909856524,0.0901132546980875,0.28556193587655476,0.12459552507423342,0.8610896820896007,231630
track_07831,EDM,132.90025756421926,0.9215895701047697,0.8577691318413427,-0.3658318305144945,0.0376248363709383,0.1653106422801381,0.05061766908428361,0.24354356012724135,0.8902469955234387,241424
track_07832,Classical,66.18210645112715,0.1959020170514975,0.26551515836952405,-15.753135776501031,0.03481681235826704,0.9694096974981965,0.9420948347380199,0.4125468048512412,0.33043207367124344,459714
track_07833,Jazz,129.60225328337097,0.49716464327601995,0.552776259435952,-8.48471070030099,0.06718506913621176,0.5987249171977325,0.7526542017207487,0.34645877151190696,0.6133632381108542,365596
track_07834,Metal,171.14378089603906,0.4480692861122183,0.8408854493107768,-4.8038475673051035,0.03288187360077344,0.03535922653406427,0.002551864156035877,0.23489895213670767,0.4764718655363046,357345
track_07835,Pop,124.0866651205575,0.6218171902922369,0.6991830416250447,-7.535687603572099,0.10003880517937594,0.10733886992833064,0.021901117823466366,0.13048464647027008,0.7659471060326697,182433
track_07836,Blues,94.61990652048563,0.6597837945918253,0.6188439183050428,-6.025093086641976,0.09400069583390382,0.6658388172519324,0.18957790500484636,0.200108411160479,0.7584557121082598,261502
track_07837,Jazz,122.0564041282585,0.6505346244759513,0.47154374078318084,-10.53843361590737,0.07544548872106711,0.7282247392415745,0.7441889877515162,0.2607102844448231,0.4311030621165543,393160
track_07838,Reggae,85.90466844193867,0.6841625773111226,0.6910650928884413,-6.11767938135625,0.04294666361500629,0.48496238055435703,0.04312932835064052,0.28204514775475686,0.6633351116017439,184550
track_07839,EDM,136.23635724046733,0.7234996710843957,0.9045248319468598,-4.261991689221686,0.040425284656425226,0.03326091428130664,0.049773617522923995,0.29834150661222736,0.6192981437150367,286116
track_07840,Metal,164.48262858080852,0.31821149517614855,0.8904460918998512,-1.162698265901665,0.06947997101723347,0.1263089359343947,0.03026031892684249,0.13663154636111913,0.516705396060354,218661
track_07841,Classical,68.43164390665021,0.1351998294762694,0.2895430137838994,-26.506818377030662,0.0796168923185362,0.8871625762425849,0.9148316679875158,0.22215019763798186,0.3682241428075006,343654
track_07842,Hip-Hop,81.32670212256781,0.8865311496683118,0.6115590828830307,-3.4919803967158938,0.3988804027528404,0.22830918096423572,0.07770791231925579,0.15531689025147125,0.7860710585225361,203385
track_07843,Blues,91.61513852278007,0.6710046009386654,0.6345374083256065,-7.507641767326513,0.053189710927596535,0.5807051275917661,0.12995795250990114,0.23129742398440184,0.5999980785009256,198734
track_07844,Blues,92.58682556581968,0.7739026623930514,0.7180107761689185,-6.613367524894733,0.0433787055520238,0.44083749218165513,0.12846021695843665,0.1457839358387217,0.7495907331553104,275594
track_07845,Pop,120.04887901793174,0.8563335734803177,0.7028449073940248,-3.9551634497529076,0.07421540815351974,0.12100720839289845,0.03446687646384267,0.13979188365413225,0.6805888249166611,241584
track_07846,Hip-Hop,87.20837128565867,0.7978840680607469,0.8654598897919671,-4.3210869441609745,0.34444173121270855,0.21765034762421673,0.08478434534703902,0.13327852070002477,0.7976386410578016,217777
track_07847,Country,119.29707699923551,0.6295170944906576,0.5034332083497031,-5.945782253611705,0.053393369039366825,0.5057974102047006,0.06864660833156018,0.16080145084212527,0.7101524619605983,281397
track_07848,Hip-Hop,83.67158951177937,0.930936850932152,0.8819055473563906,-4.999418484734865,0.5930698820294704,0.26769374594981804,0.00976631961727783,0.26254180555994205,0.7849776743169412,166188
track_07849,EDM,133.00433167117572,0.9492359482754467,0.8706716504973128,-3.8561246193077108,0.04319094928362344,0.034029660687216204,0.2774932094895979,0.2393784057736302,0.7419800269680095,238138
track_07850,EDM,134.81886147491136,0.8238951543641168,0.8008469256621096,-1.964155876850623,0.04681521490890619,0.06650547207216095,0.29663110797477393,0.24007328108685272,0.7159539110952696,219697
track_07851,EDM,124.59188966766095,0.8258108054491216,0.8338564233833338,-0.7785501988198948,0.06829515519220597,0.01677353679007798,0.16014102901722374,0.24082460178358225,0.5261349419904804,273444
track_07852,EDM,127.47830640429942,0.812362544865715,0.9551714130141197,-0.41641098927694653,0.034197808005683165,0.05992588492505235,0.05673842107058656,0.1870971654792669,0.7121936612493126,298199
track_07853,Jazz,96.21531409560647,0.5174130569892419,0.4073797492140969,-12.97350322212165,0.046766071460491096,0.5754343598610625,0.8135307678270935,0.36858444494793274,0.5471785092858598,315749
track_07854,Blues,92.30827040758084,0.713783481500102,0.7189371179061664,-8.62794905207635,0.0714017670925317,0.5359695663609189,0.10442724484038811,0.16188638380335027,0.7931957103099934,275568
track_07855,Hip-Hop,84.81694800838665,0.9118194776843638,0.7108438566159992,-3.6596102659940675,0.5307892868611468,0.1644249152726032,0.07902265359354589,0.236481567677597,0.6439378147278425,150906
track_07856,Blues,90.02128574142024,0.7272110920509438,0.5480614234169844,-6.5902312143548025,0.0805712207645745,0.4138603872507939,0.16839562582328413,0.17480150391433114,0.6658217872885587,265699
track_07857,Reggae,95.05585162060842,0.6059311545942621,0.6639052980102288,-5.051285145802111,0.08513294575617558,0.6339275156892399,0.09871563662932692,0.2663990689498006,0.745086843257768,243221
track_07858,Hip-Hop,90.38585301468665,0.8087699263699225,0.8807885215849547,-3.1283269292227986,0.3292415972067255,0.2576782114076398,0.014973556059965844,0.1349604670718309,0.530139018611686,269620
track_07859,Jazz,112.84297810965585,0.6202881456018804,0.42548218036710017,-11.552925450218169,0.06142259710680702,0.9653169961696635,0.9568654006766004,0.23382354920769569,0.6910729418957122,331890
track_07860,Reggae,86.04182129232078,0.6316743692372083,0.5124876397593825,-5.748839757045441,0.08546543407371673,0.4102245259902412,0.19040072778634254,0.28122874596306824,0.5639680570264641,199381
track_07861,Blues,91.28261376951436,0.6840774585854656,0.5637884426507718,-11.908237483615107,0.07076703660018525,0.6970818423221812,0.19675507064834785,0.12027056666368546,0.7449221065694448,228230
track_07862,Reggae,90.27205957391853,0.7181717750569455,0.7977745127384721,-7.572194166078123,0.07903457190271976,0.45232203321621317,0.10007596388296727,0.17905469242739108,0.7734373456822752,238181
track_07863,Pop,94.33768035501758,0.7385405233446332,0.8475237447638893,-7.16173689913778,0.10117265669829424,0.35812387695417003,0.0331849338355926,0.16914285246584004,0.5865881458389383,201955
track_07864,Reggae,94.99651930736289,0.7453504009734462,0.6018191217839438,-6.877577629935955,0.056312966984038794,0.6817481707004973,0.1340838652997842,0.1956932399502388,0.6817971173965053,243684
track_07865,Hip-Hop,89.20886054939056,0.7706685400819836,0.8059463417233583,-4.467509011636928,0.3985113266658155,0.07643449950159918,0.08037882999930751,0.2021001761786428,0.7445852728446778,189545
track_07866,EDM,126.26419206667325,0.7995041035791717,0.9628557939339386,-1.8061856059731412,0.05374138901261928,0.01091228502581223,0.2737073633128554,0.14571996612370505,0.6892752632307371,285800
track_07867,EDM,127.12354792766163,0.9372594934133414,0.8040970217653788,-4.550437769871884,0.038965304166015624,0.11979202788362958,0.2913412009905779,0.2845317160545875,0.7605345371064207,263518
track_07868,Country,100.07894619551506,0.5453480700252251,0.696737042859824,-7.762736522597313,0.08418729002618994,0.5431556490535767,0.11534711472339404,0.22730891115755406,0.6808317869164864,185440
track_07869,Blues,85.85545070679999,0.6511581321796107,0.797782544584375,-6.62324891132896,0.06553956223171103,0.38266025279362625,0.008085633068777987,0.23386252345874609,0.7339934544798945,257349
track_07870,Pop,121.92781338526102,0.7734600752645504,0.8312484762769663,-4.883911949863721,0.07175282750029655,0.3279146786914365,0.04304187025447437,0.13056176873155254,0.8294090341206304,257526
track_07871,Hip-Hop,88.16061283013583,0.7521875713894501,0.7925529542638526,-3.5761221927404723,0.3113614052201411,0.1782560132333599,0.07600116378114341,0.2939435583489697,0.5555074362370831,291058
track_07872,Hip-Hop,84.76278761991829,0.7506989315699456,0.670588536696381,-5.485300492911018,0.5118909553976884,0.050118767298249135,0.04679333725801254,0.26816977304721223,0.5936266478994434,299829
track_07873,Classical,70.69711755125525,0.23976149456290022,0.12619907021010557,-12.01333360681468,0.038315929351331865,0.8422982427594001,0.948749879863993,0.4768398732641195,0.5978217603968479,559850
track_07874,Rock,140.98634927907008,0.7866524762540026,0.8360002987095096,-9.792344880665615,0.06307819393198201,0.1905482327463831,0.23481227333661403,0.1372732917003698,0.4699617386365634,230669
track_07875,Blues,99.12558590793229,0.7914589137361446,0.7520444154788863,-11.837414403568108,0.05467865565787161,0.5199486347246702,0.011066004024451948,0.21911479101157236,0.6287282184962726,207203
track_07876,Hip-Hop,82.14483492787636,0.8525962561751261,0.7717375811647611,-7.436987701867473,0.40795737358232087,0.09499569826808778,0.03424638968682301,0.16663812362155878,0.8298624968576376,286662
track_07877,Metal,150.14494275308434,0.39950759364010574,0.9282520050702671,-5.832184003985162,0.04232784258270263,0.17146471708129818,0.06228815070423217,0.29116639863456717,0.342968782826781,313765
track_07878,Hip-Hop,89.4741882125279,0.7928103137086505,0.6889300328787858,-4.345289906885741,0.4580093345587274,0.12027743357667575,0.09223525347414573,0.1725964304903101,0.899349480479634,168023
track_07879,Classical,90.10518738025732,0.10531745712494606,0.24890922699689202,-25.749792409928897,0.026870434162319844,0.9992932559124879,0.9997069226013636,0.26387564400835806,0.5589684365249921,566926
track_07880,Reggae,88.1978708958381,0.7315540536887195,0.6195238278634476,-6.404204997986188,0.07410957863115258,0.4669796309915727,0.02887357659312506,0.28540804906256634,0.6871663640172156,260476
track_07881,Jazz,114.30463789128403,0.4933731589752134,0.34876568336235414,-17.730687551608856,0.05280196327563451,0.9546659459408239,0.808765136556636,0.34928384509573507,0.3046621113620133,255270
track_07882,Jazz,126.53594998200478,0.5325695366506689,0.4133573059712272,-11.223976346435885,0.04549905263675166,0.9938301095041324,0.9942978251685374,0.4768862123019874,0.5648801833742898,271502
track_07883,Metal,156.12102387521313,0.5810532954012508,0.9766578065374759,-3.380788668860668,0.06022046866546568,0.057656148329625005,0.1339714966395059,0.14742502106972416,0.3007529429181475,351974
track_07884,Metal,151.7081098050603,0.5434092865473676,0.9881821863691818,-1.3150080479647022,0.07898598064754773,0.08267946377747258,0.05738851260788583,0.22658871349385398,0.35665535745786053,216690
track_07885,Country,88.4696432404536,0.6054077173802865,0.642889676098136,-5.758831922563543,0.056924888413567236,0.502450405594088,0.19286476192977442,0.15267534740215946,0.5924424635694265,192324
track_07886,Jazz,112.36342526499872,0.6045402164376548,0.4111433562267427,-14.275936609087093,0.09580558050008565,0.7039374778620751,0.9861034445022814,0.23191139937303654,0.4371908353378246,285695
track_07887,Reggae,83.08796296955218,0.7151736674483795,0.7173260072509132,-11.36937484163992,0.09995931328376503,0.6730993494542914,0.03058365245355348,0.1663894700286918,0.584445617037237,224215
track_07888,Jazz,134.9350550869694,0.42200843804026267,0.4193452570398781,-17.135103925680944,0.058542438243651365,0.6657429663821186,0.9310377354827255,0.2795482053499011,0.565505386265466,296926
track_07889,Rock,128.51109213013035,0.6518538279374242,0.8165618940417869,-8.772487627214355,0.14534300106064119,0.35779681380013806,0.11077100246533826,0.3432454262070339,0.4758413535869489,211263
track_07890,Blues,92.86337978397127,0.6692442380288511,0.545864822847669,-7.450189378196108,0.04706264866761278,0.6317171747077179,0.08954516429799636,0.22108373948024634,0.5233416744562203,219250
track_07891,Jazz,110.55720875417661,0.5497715841662119,0.3196080706511269,-19.052689837351807,0.08660303750272563,0.7137651490400849,0.92339868048593,0.2979794569918031,0.4400685138115691,361594
track_07892,EDM,125.7681858038225,0.8303332993844378,0.9830070831761423,-3.6706112670566506,0.038523845540692554,0.19498328523894048,0.15735441146541967,0.11250175332648969,0.6105964473156774,185468
track_07893,Country,105.58437540754983,0.702443431173431,0.5845446252295126,-8.003929137807713,0.05271038054971157,0.6259820191445962,0.1857199239890058,0.2971241862170619,0.5787005744476897,180052
track_07894,Classical,71.17889631055691,0.10148345038592975,0.36647393050724464,-13.480530066903814,0.04925776896744401,0.9410683743886483,0.9105076984427931,0.42909931461433515,0.5135037549070807,469210
track_07895,Metal,166.61699238818383,0.5853426762882962,0.9969029445570401,-2.7166746896261036,0.037055783523034534,0.08257796085846665,0.14538734000740275,0.15676678241628575,0.5430431548926155,321804
track_07896,Rock,139.95927024288045,0.7538474815269165,0.817800595630935,-8.220825499368392,0.1315240449359563,0.393921160702151,0.05809014014661587,0.2909410725418201,0.5318508008682113,261630
track_07897,Metal,168.1391597470266,0.4654197024242286,0.8824982936433563,-4.942968676861241,0.03982204057152104,0.03178424635849524,0.08860400898179742,0.209584101454333,0.5517141397755967,183552
track_07898,Country,103.43659952347193,0.5738254184931659,0.5312988356369224,-8.954113067633557,0.0700796005409529,0.6218388430431337,0.1158641513570228,0.2824064333357427,0.7578115306713848,196484
track_07899,Hip-Hop,73.83309364687554,0.7689140329501247,0.7521453569799266,-5.260548342589401,0.42039333814453694,0.25494501710767875,0.02706452669852736,0.2194952118309242,0.8456859994056918,276820
track_07900,Rock,159.9063310724435,0.5157053363026,0.7984728757452554,-9.269995850927188,0.08001902696193669,0.3181822472755119,0.24158164335791424,0.3289735513831882,0.5086683126181694,197384
track_07901,Pop,118.75292989340349,0.637410609957904,0.7684638036376039,-6.525928563097098,0.06738555430410169,0.36006180927407927,0.0053380826036278865,0.21492448087437163,0.8698090366462534,184834
track_07902,Rock,136.3835891507625,0.7553346001955863,0.7908770611791692,-5.0910209228820404,0.12361297758259596,0.370421347688241,0.07923986809380183,0.3282581146071169,0.4929096947119263,266847
track_07903,Country,108.19084057973075,0.743757684183064,0.41840781729354337,-7.190512506345341,0.05804513465018142,0.6210921810166982,0.09868320065860735,0.11571614406094144,0.5501828216901661,183398
track_07904,Classical,67.4559109024756,0.16500985292681405,0.37635836997706285,-12.223122749982707,0.05624524866500838,0.8715175172931631,0.9792334427049371,0.39912006961884544,0.42586814828033737,425089
track_07905,Rock,141.5353428518773,0.5551556117227394,0.9623355634982493,-5.650762650164955,0.09444107901677294,0.10482066484025832,0.1687111189606599,0.3747374002655638,0.4895639367700402,229889
track_07906,Country,79.67342620591232,0.5651485173304656,0.42828917987502146,-7.613872408246719,0.05538352788482234,0.5031884969604266,0.06978902036147809,0.11241413018791313,0.5557925672456129,224274
track_07907,Reggae,92.89919667100239,0.7142705251056097,0.6543423191327427,-8.405451313001253,0.054062472957152954,0.3012371771202789,0.19195453222970188,0.19228086793752627,0.5130429679239221,190970
track_07908,Blues,95.96219619671784,0.7280046796397417,0.6525445219974149,-9.92377443316538,0.09499521294800026,0.6383312536553962,0.05288026953777605,0.2548386741964159,0.7485213544543972,232001
track_07909,Jazz,125.5474381329679,0.6176537292378879,0.39364962163256395,-7.944909908507217,0.05877813410496488,0.6360294673857079,0.7225290427734717,0.3756473087558067,0.5129853910373323,398392
track_07910,Reggae,84.54032418840158,0.6936006861451159,0.5616979791132279,-11.274864326727531,0.06995456310089163,0.514907919912739,0.18645094957302874,0.19892528776269758,0.7798148343907327,278599
track_07911,Country,95.2908616093077,0.6180905475496882,0.6121017937446849,-9.775436549735474,0.07646336058138656,0.4360285161618671,0.05761483305159792,0.26195684685006604,0.6906151888489286,180291
track_07912,EDM,133.09715898070806,0.7163782988244911,0.9301864872394167,-2.52314708636324,0.05922541229867774,0.1555420074652085,0.203343350053015,0.13927852052472728,0.7537944769018645,212136
track_07913,Hip-Hop,82.03380522790827,0.9075943959198216,0.84314091842985,-5.232355154010302,0.5840470190119524,0.17463279001092138,0.04428800777937417,0.10264707858867027,0.8811110544863414,200066
track_07914,Jazz,126.79460931015083,0.641753393328611,0.5170758911880188,-9.05860993951418,0.07346597263630728,0.568393339063627,0.9840316966679805,0.2920971415378135,0.3457579839318341,419434
track_07915,EDM,118.24166304294653,0.9029378434339957,0.9855149475646781,-4.948695574279377,0.06622879240599808,0.047255623734350216,0.2384210002345484,0.26207188659881275,0.7247162425254073,213938
track_07916,Classical,71.68490658546497,0.2139911923179596,0.36074419075262854,-17.463800683980516,0.061964781050051154,0.9653898875067971,0.9353981159863815,0.4353615634742699,0.2827801481192402,462502
track_07917,Metal,158.33422542261061,0.46731630656249035,0.8622559778741772,-1.604602136540409,0.0548072620087014,0.16445204542216146,0.17858378372667683,0.2778561213824625,0.31972295744156626,270612
track_07918,Pop,97.70853648175944,0.8621410837591449,0.6366322461703766,-4.859057814935618,0.06590324019457836,0.3487119438272541,0.008565394442713415,0.2615931057998131,0.7643734331990053,214765
track_07919,Jazz,114.73798344701719,0.544928573536626,0.5366845647844779,-19.777781399884983,0.09552673157111019,0.7036153592001404,0.8893318703914088,0.49418417784909713,0.6530630481703891,276352
track_07920,Reggae,84.94734077119897,0.696902343542195,0.7309832723466788,-6.795109717754764,0.0822879904267568,0.30427708845608326,0.03980323177749201,0.14433559035924404,0.5751848229436843,283883
track_07921,Hip-Hop,81.95723032241325,0.7600189581058694,0.8130683919746979,-4.081609920575132,0.30758082670071357,0.2717640729714466,0.04864796347531737,0.27148838720655827,0.6562832688694836,165083
track_07922,EDM,133.5506113005827,0.8342506429592245,0.8625762563912164,-0.04975944742106542,0.04502848484801974,0.0078112454304605896,0.14188631038077013,0.16680441009506114,0.6480113903091591,264443
track_07923,Country,89.68728033333997,0.5784881082416344,0.6421237449180414,-5.564788694227645,0.0841738044483579,0.43382398560307545,0.02653397176766066,0.16064809070413394,0.5310331914891819,232618
track_07924,Jazz,132.43183398094448,0.5061439928359472,0.34720301705804574,-13.451630166023719,0.06894862998994601,0.9998517583267996,0.7058397015889207,0.396765183159426,0.6217794709532937,312940
track_07925,Metal,169.06889215957978,0.4695511332248859,0.9763170702698265,-4.949070656591105,0.05580613192850193,0.006719207613520762,0.16069669801322103,0.25545691133999665,0.46171197117241874,223521
track_07926,Country,103.139621719198,0.6242920893619062,0.61749255106101,-7.572791214530649,0.05826519669051206,0.4218586994208506,0.1557569560207178,0.13433439984043932,0.7695663098557783,228844
track_07927,EDM,124.46918059923209,0.8682532753844653,0.9450671659366476,-1.0869152532974127,0.05655039352687489,0.02452436683941597,0.013287744594065686,0.24285232191990863,0.8192930502190066,256389
track_07928,Hip-Hop,86.19968489052903,0.819422551523768,0.6667821514389362,-6.3574993326740765,0.4381550711107326,0.23129940737779092,0.07445257255529117,0.13689876017186517,0.7125776962734031,254060
track_07929,Rock,138.4742312205918,0.725837326910015,0.7977343617686283,-6.973705386354029,0.13860591279717827,0.3953928951037473,0.22716074931908303,0.17203773571695952,0.4972584448918915,204442
track_07930,Metal,156.47823469529524,0.5275606181335938,0.9141671853942164,-1.870497701466471,0.03004302250589664,0.03234868736933061,0.17080169519916436,0.2873596715877466,0.4532960853517545,332227
track_07931,Country,111.45664386370795,0.6820721957517495,0.6060940899705438,-7.7292888322473345,0.07582566393632452,0.4634040522282775,0.09874899608932773,0.2230555896432691,0.7233217582234567,235919
track_07932,Metal,140.16591157727115,0.33034238157838114,0.81477050030358,-3.267654864533121,0.05850273436970044,0.0022030777528759373,0.13134017756606983,0.2526649024667039,0.334982992328867,208074
track_07933,Classical,74.53327551971446,0.16092874710579141,0.32267286034973447,-12.254649286578033,0.03855920338576488,0.9368567394192006,0.9093419437213531,0.21760486952720026,0.43450292829751247,324432
track_07934,Country,108.47499712071881,0.7025220706523648,0.6340849781519188,-8.279826313874642,0.06585836847299642,0.6267329666313521,0.054190547220594736,0.1723922680745101,0.5179590441537033,291450
track_07935,Jazz,108.09969113252609,0.4291461575819343,0.32495968045431645,-12.8515066017546,0.09901668105258343,0.7659554634007897,0.8596533873732001,0.4588552875193708,0.6789309965056081,353074
track_07936,Rock,152.30617918047483,0.6534657004446093,0.9948860615845405,-4.589839478714239,0.14259954781447876,0.27338748103871446,0.22133440943651428,0.3685229722556139,0.41642840024668626,241788
track_07937,Rock,125.99001697160872,0.5497305996445256,0.7120020765557791,-5.264435142559156,0.050514726648460184,0.3684523200931349,0.13672609718141496,0.39187389618251334,0.7919327665478442,262377
track_07938,Pop,106.3002315904204,0.7319260743308742,0.7155917260981726,-3.2471218118582748,0.10093827411890313,0.2602639440886925,0.043125261519251,0.15436374844126768,0.8747307397779533,232245
track_07939,Metal,168.2462802667968,0.4758788486128199,0.8936239625391891,-3.2122684094947296,0.06462376258983456,0.12667707792690633,0.05531128219021835,0.1543382792500681,0.49473700571792667,181103
track_07940,Reggae,96.52186384538047,0.7936101538639981,0.708069070696119,-9.960915836133118,0.0954794484470484,0.5293913756383181,0.0683082976810203,0.19200758932351675,0.6218606058424788,256447
track_07941,Rock,145.63699209093508,0.7946940027397625,0.8457773672104805,-9.488323224539249,0.06000247014863469,0.3111258235162836,0.02090192854714664,0.2913487626025584,0.5801600052693257,295258
track_07942,Rock,140.44237838235412,0.577053816839106,0.7822038628525442,-7.2618806940869405,0.035705402364783055,0.38648750817706856,0.2742787882841511,0.33887957207407937,0.6274044391971936,208717
track_07943,Classical,73.0715629259222,0.1554578861061858,0.39548459663028834,-19.51677372412899,0.0785977450720156,0.9681939279243059,0.9864922354448978,0.4117392605217184,0.26953026099758687,358530
track_07944,Blues,91.70470788478023,0.6079149743917792,0.5732407210996339,-10.89172859382965,0.040400513182167315,0.6112035125736295,0.10864230331275611,0.23379061258436365,0.548915170611135,216981
track_07945,Classical,79.87346744489182,0.28090242162806844,0.18870203142694758,-27.84261932757967,0.03832219809228903,0.8367007089966227,0.9252643248673666,0.3698829491469695,0.38214563648441524,416410
track_07946,Classical,83.3810932264075,0.12635794493328928,0.1190835173840881,-28.70740877466229,0.06810677600340377,0.9314235152421187,0.998098436488835,0.3930524794526713,0.2997053683280625,457840
track_07947,Blues,87.22816895932488,0.6004512587612798,0.704669931000388,-8.827833262029484,0.08826602072859585,0.36572423200713955,0.10214111203771377,0.12320746280336387,0.6229142415267656,257828
track_07948,Metal,162.12145188694092,0.3255913622041124,0.9886181244603143,-4.9071355291376255,0.0546525407026266,0.1914188759100124,0.035872708131266105,0.10710139829899888,0.38911925764921423,194974
track_07949,Country,109.16688780790733,0.6932087355532485,0.47342601692607295,-5.501350355916849,0.0726568347885384,0.4509428454346085,0.01882263425515107,0.1733325230557214,0.6757092210982344,265369
track_07950,Hip-Hop,86.42264071404838,0.7093820215783868,0.6069681833955614,-4.195872708417837,0.32667653565462595,0.11147369386503693,0.0002141554021646397,0.17247597824863392,0.6272167136228708,276972
track_07951,Reggae,89.83227838366484,0.6253496884343858,0.5902928265821338,-6.63411758441586,0.05463148238698799,0.6269938587854473,0.16121131229707514,0.19384217005479032,0.7190216341693437,294273
track_07952,Rock,141.50396034084076,0.7349905037723019,0.9862854256765696,-6.120350270053729,0.04852648447683675,0.16421629033258678,0.12161146199960293,0.20972716012791576,0.4953080001521921,216455
track_07953,Pop,117.5394041510843,0.652713892935148,0.8399247939204055,-3.758205964083955,0.05888742561076985,0.42531173717585735,0.042220954715798245,0.25435983403156637,0.6404591276800806,252449
track_07954,Reggae,97.04424205025165,0.781836190036308,0.6631226127974637,-7.103332862809928,0.07664148042086275,0.6243299322432616,0.020644933786367295,0.18027440891922056,0.5759242191207804,242756
track_07955,Country,96.01597178923087,0.705608748501866,0.4929009687905238,-4.132580575884095,0.0870979291926319,0.40131163442939716,0.1635871045519742,0.207607203805801,0.6740148135884794,211985
track_07956,Blues,97.36996123143228,0.6474631320202078,0.6437600734762112,-11.338711878072928,0.082647278100034,0.658332532450367,0.09118726888857186,0.11664509544036344,0.7835224587011743,299557
track_07957,Reggae,91.44046233685872,0.634170826090983,0.5471532041772454,-8.775831229171512,0.051634046588975094,0.43872257756133726,0.15886301393215294,0.12115182216568961,0.5911055291123031,205378
track_07958,Rock,150.239089660801,0.6158135814088519,0.8287750267425337,-9.269399976122344,0.1108103441714844,0.18118260876802145,0.02395839376492165,0.12946926854908988,0.6889507786594029,243631
track_07959,Reggae,92.46147757921676,0.7878860882353027,0.75519309663523,-9.83850499132975,0.08830849674261526,0.5723154544449048,0.006674841621746009,0.19857201903898597,0.6267291225910132,234793
track_07960,Hip-Hop,75.40860257330175,0.8458985706843949,0.8974403583360536,-3.1304349395662365,0.5505313909365956,0.21794412300971447,0.035078902280952874,0.28716849005089795,0.6862680591121804,275675
track_07961,Blues,89.42404368044396,0.6610635504160146,0.5657735265640272,-11.745785934937999,0.058768228919669915,0.6727729826185322,0.10768175228402943,0.14828285313057332,0.7927236639977286,260110
track_07962,Reggae,84.4263090020452,0.7031599514291988,0.6636059208217654,-10.070552479719598,0.05496641674596743,0.419769376537355,0.1926705917925296,0.17190501660059365,0.6122427231480959,188427
track_07963,Rock,144.35808700517475,0.6998389817523587,0.719354478525947,-8.670383611811413,0.08597892020671889,0.35062522980322985,0.21970297963357796,0.3620353289080753,0.7404025544866296,297717
track_07964,Rock,129.73391360795537,0.5846644363305356,0.8336567124444225,-7.097733205649934,0.10860182704735695,0.3931502022229756,0.17103136487295206,0.26331046781361817,0.5352148811891317,226055
track_07965,Reggae,91.89674618591174,0.7738420549651294,0.6477645388090292,-10.465958553641174,0.08878302172466708,0.6022976859793389,0.14004344464213636,0.23494488228351115,0.7346822635384096,187368
track_07966,Metal,147.51112886549623,0.34421723685756994,0.8404848912506271,-3.409373134613306,0.07023297618698189,0.07981469887855114,0.04556143155873951,0.17579629401642058,0.3165885494780718,343002
track_07967,Pop,122.80499034874177,0.8835224524398028,0.8222899301139438,-7.9863730780367685,0.10454403281977553,0.33411466438286863,0.02177589461198234,0.1574358540454756,0.5784587522136466,210666
track_07968,EDM,133.05248097426673,0.7907668028190827,0.889636461795723,-1.4349327890331445,0.06143342635919204,0.1250730132386118,0.1258638879412434,0.11281738562280036,0.7446768553088445,284003
track_07969,Classical,78.20164790419618,0.11228931696837574,0.25088764328338786,-22.77191701655509,0.06668603573926422,0.9623552484697806,0.9167602447922265,0.3566732197030966,0.543975100692061,364062
track_07970,Blues,100.69786831424209,0.7710412271037267,0.5436814253733938,-7.126003423590844,0.044308988110098584,0.5856771921598796,0.030351780153557308,0.2470021400495611,0.6319191012855736,233837
track_07971,EDM,125.39229822977795,0.7519977938236029,0.8958723527110873,-4.807523440120613,0.03132858972697284,0.03102949625003575,0.13882605758798672,0.29480338943129003,0.5373657332113332,231747
track_07972,Country,99.11425225050506,0.611756370397421,0.4762831532809628,-7.279024569654084,0.08434767362124121,0.5343092687832208,0.10477974707244085,0.16771384560477395,0.6456487686465061,201831
track_07973,Country,100.25413970367774,0.544729478207984,0.419863330593343,-8.473382581028403,0.09558918544973803,0.6285277390810555,0.03424400684842297,0.11314059416835164,0.6479438278737678,258349
track_07974,Rock,138.78840205103563,0.5674884767921112,0.7771570700412644,-5.547433946247068,0.12202903112486664,0.20480626625848714,0.21951584046021533,0.1263997714006993,0.7588494065250951,212261
track_07975,Country,106.39709716179435,0.5014299929986956,0.4014037766921659,-7.717951378852878,0.09069535984536323,0.6942549640821346,0.12996706540832173,0.29005512469205164,0.754302032825944,201599
track_07976,Metal,150.4679487893679,0.385143536487123,0.9541514495369369,-4.7361887413519455,0.046789993015342965,0.1183474179452483,0.0016653468380229742,0.2683161317198474,0.32749148996198957,231045
track_07977,Pop,108.32968554715113,0.8061644367210881,0.6920379568479005,-6.813740278882314,0.09857064877237169,0.2685590101757103,0.042299631761339745,0.2097956361895561,0.8888706036369134,195741
track_07978,Country,93.55153510180548,0.6022614711562253,0.43047563577715997,-5.4594790320829505,0.07261969157448256,0.6768393345237891,0.006242138417096577,0.23009398126432742,0.7355654729366454,276488
track_07979,Hip-Hop,75.20983739972314,0.943386605917476,0.8870964319780077,-7.418574120378664,0.41794779821074174,0.06619710147045232,0.08299397211610685,0.2823525284679753,0.8541820089254772,165540
track_07980,Pop,117.54479478959615,0.6930518068588086,0.8169150243160337,-6.361490888083828,0.08422531086222979,0.11729103447065886,0.005904521949022007,0.12637918515929342,0.6376522019484544,259545
track_07981,Metal,174.88051831965524,0.5294375343750185,0.9501390478692969,-4.367154156646146,0.0309207057810315,0.1644892512019362,0.1854300975653165,0.21482259334788034,0.3361450031977327,255315
track_07982,EDM,127.05793052103024,0.9141927237377016,0.9325849879188028,-3.7697068098949065,0.03745987444491779,0.05841827670811475,0.09239666025461583,0.26347828067372225,0.8588683987225325,263550
track_07983,Pop,115.62458546076431,0.8190492007915026,0.7198684278794008,-6.070276140077195,0.06447038945131708,0.19463043983556597,0.029119816435038012,0.2711528594741015,0.6618280723948717,253068
track_07984,Pop,107.16961802929411,0.6156356621903335,0.8073026552154507,-6.306596879082663,0.11081372019286628,0.46776665338778967,0.03502042166197569,0.17101064537789828,0.6827737566223672,258963
track_07985,EDM,126.40113014001933,0.7084386221534167,0.9851115182230703,-4.405980067265709,0.061477121521100055,0.16998967777553942,0.16538552916727497,0.2679906820100387,0.5425444527330399,246976
track_07986,Metal,159.4226600914088,0.47686663179971284,0.9803592903211278,-1.9768368574517456,0.04796087410720104,0.15359677248236137,0.16653159814570836,0.20446748140991688,0.38881269270510727,256678
track_07987,Country,105.31620290521512,0.6636050767918418,0.5864519649187206,-7.525109335673453,0.09541706505872405,0.6888891155925507,0.07393225512852751,0.20524992850164248,0.7083185399967385,246147
track_07988,Rock,130.8982911290791,0.6034374589389226,0.9465477379475098,-7.650030311151369,0.10107643373221936,0.3042630008777295,0.21973106864762637,0.2463961165901127,0.45028487105542414,291872
track_07989,Blues,88.16068307569324,0.6742838424053464,0.6365378247876252,-6.11616342310085,0.04205585823971696,0.5031501021221597,0.09190651147399168,0.14433948773904856,0.5730257224131059,231076
track_07990,EDM,128.01973517108368,0.836248426453585,0.8387886729731142,-0.17521461471404276,0.05835249649706035,0.11924722131214954,0.24400908507741506,0.20648944279151915,0.5241039326073852,295516
track_07991,EDM,131.87097382643861,0.9350889834155232,0.9121909098294839,-4.642697190940441,0.0584727740476252,0.18549222621644193,0.2832693841470041,0.2821550524384569,0.7253563769742906,274057
track_07992,EDM,124.8611085140122,0.852095049887631,0.9599008597084848,-1.9892944011506861,0.05450202944197039,0.07658263534512261,0.07170009323362804,0.16967739334508686,0.6179440448920202,193334
track_07993,EDM,125.27613809584489,0.9226470257545663,0.9123148653902935,-2.0333114108573787,0.03600133404716468,0.012329576989721015,0.10882173512619729,0.11896308222936186,0.5399125777252219,298191
track_07994,Blues,92.80357015265044,0.6599816978991007,0.626778041063419,-7.293728870955875,0.09798817215171601,0.6244182422692042,0.011559919059312352,0.16114678489173023,0.5147231607358232,277965
track_07995,Blues,94.97006092145413,0.6006173286311316,0.7013049215499492,-6.527932854338959,0.04041299751297435,0.5642669449768629,0.10995129594180174,0.15657552685240458,0.5593914487644069,242230
track_07996,Country,85.57107943456566,0.6689306040883147,0.5152965056701343,-6.704441405239391,0.038065818151756914,0.5616439628728414,0.1483998918049571,0.27767431320367664,0.544177623877127,202804
track_07997,Reggae,89.75248361015366,0.7873282749316222,0.6895868170984008,-7.9545695037362325,0.09217966652879697,0.34887983462072647,0.15928242149920346,0.23951461526859952,0.6588396844269437,214119
track_07998,Reggae,88.03458196896531,0.6596057460240442,0.7783580793843137,-6.688001774362187,0.04123476354094968,0.4850532778339266,0.16849338912608938,0.1792288741966972,0.7961431169616437,299652
track_07999,Jazz,102.09260476493543,0.6674224058714503,0.44376509258416924,-6.54084563313887,0.07678023732342631,0.7845844919009702,0.8002616298356593,0.49137601498497663,0.693311752700003,251574
track_08000,EDM,128.21024692481785,0.7089156502297818,0.8180827105250907,-1.101117965919193,0.049532559211375726,0.12218031181130938,0.1838600986583575,0.17592394686561702,0.5117650480154714,239845
track_08001,EDM,132.62027562537048,0.9342286669110418,0.8052258670591131,-4.439668430635811,0.044792904303974986,0.09050293748299187,0.27844139243768923,0.10416852180976917,0.8396008647726899,291759
track_08002,Pop,108.06409494061486,0.8021871601374728,0.8058368757294705,-6.076051620767133,0.10028472861074877,0.14165128163868768,0.016396218090493127,0.23652752781271322,0.8727140163041123,237030
track_08003,Reggae,93.71092147495261,0.7320293611162151,0.5060080267181234,-11.512275462680044,0.06531127309948115,0.4537370674580356,0.17793858086731826,0.25605152207092946,0.5396457957359977,268544
track_08004,Country,100.84429234990863,0.7159186729545215,0.4071610028663841,-9.317431710542616,0.09683862867132781,0.43773441773735655,0.09757392132868062,0.13338990450840446,0.7435663814901213,208715
track_08005,Rock,145.65724856967273,0.6320611050088242,0.8684954956059667,-7.948772849190362,0.11702556573097281,0.22798987515561525,0.243936620721261,0.282427044631951,0.49738076054575275,262967
track_08006,Jazz,97.28832045093412,0.6243288001864357,0.522006458847158,-7.245157006588062,0.05214074394506321,0.611573979441478,0.8730013713567417,0.24668579569513166,0.4185351215720828,259418
track_08007,Jazz,104.00891975255196,0.4587497194012323,0.3049588879991206,-11.329519426416217,0.07371424788748343,0.5482179670186782,0.7151291916490332,0.3472508222294678,0.6125161670231076,269293
track_08008,Country,105.03396267130903,0.589489443367634,0.4025035866532595,-9.736418909216809,0.08968771407290033,0.5230035021933274,0.07248269852084117,0.22254245966874361,0.5419927337375327,195869
track_08009,Rock,136.58147273372148,0.783695702411807,0.9973697399242327,-9.997537621384653,0.05694188764002199,0.25040516089790743,0.20831868129464723,0.29702388039499594,0.5006043414524494,196508
track_08010,Pop,100.67623577986988,0.8700934946856065,0.7396300137841326,-7.6795542769582195,0.11680266477543007,0.23303176261098965,0.04069948522598847,0.21314086477407967,0.5977007055623553,200349
track_08011,Blues,88.4407953739814,0.6283729903520591,0.5588434553219673,-5.9255076043314645,0.0571723444837324,0.39254179942301404,0.19577661232081714,0.23400222276673716,0.749667512883621,243623
track_08012,Classical,75.18602542388163,0.15224676932992587,0.12800668968874152,-18.274939121578775,0.07843977808537926,0.9337684889526339,0.9887977078416674,0.22891166922733608,0.2243106786850525,384686
track_08013,Reggae,96.38414056905918,0.6961565991274274,0.5223952305298712,-8.823629986983704,0.07996454635552368,0.5066195901908521,0.04342574619776925,0.2848253013883991,0.6996198343022635,181921
track_08014,EDM,127.1150150874004,0.839023627107802,0.958486586231782,-3.544708473064632,0.039638862701784135,0.10354415385214447,0.14461678458534813,0.1959100034257104,0.6621107989733899,209026
track_08015,Country,97.32434901250637,0.5537134422374899,0.6887834316380979,-5.375419710941459,0.08431478900381727,0.5873389564326241,0.05643219283562147,0.13659782598973721,0.5335760919796083,191393
track_08016,Reggae,98.52768839184792,0.6155749278950211,0.6955817156472816,-5.610887447463477,0.08111581323589054,0.5270949788859147,0.14235772448380943,0.2932901688228634,0.6009481226556518,293814
track_08017,EDM,126.03598961649519,0.7923541828010725,0.9939943329566949,-4.792693262606906,0.06421060255635058,0.02504322127108485,0.29632192327367807,0.1385889151239444,0.6156417691648958,218656
track_08018,Classical,63.19638668886619,0.243741459187879,0.1086454383617664,-14.294079157101358,0.07288002864403569,0.8179779616346629,0.9770059729362699,0.2755187255304063,0.26948335759360986,528870
track_08019,Classical,77.12941936729104,0.29668877259165516,0.1274908413923135,-22.30776196680311,0.034163087938666584,0.8163459388521,0.9864688620960825,0.30290177557523984,0.2552202045701748,419938
track_08020,Blues,99.3140472047454,0.7154407223758222,0.7735825303036593,-9.142480099754819,0.07625771705902389,0.5776359385326448,0.19722259450421628,0.12254770145370064,0.5374342426176391,223490
track_08021,Metal,161.4765596525268,0.330908840128978,0.8086421531609235,-3.2494920989197187,0.06891494937224736,0.14072585199456852,0.15458939242276515,0.19693624163556717,0.5089578037636949,205535
track_08022,Classical,55.35012665213706,0.26702058115468547,0.20168096134416325,-12.52192007985483,0.0546751512017566,0.8200032898912211,0.9418832261295568,0.44136603820651094,0.29702915624897713,428739
track_08023,Reggae,84.3781489281527,0.7201754562744428,0.5431277678537404,-6.927503991306041,0.07499412808320507,0.3988774811154722,0.17487701716489956,0.2118080558233249,0.5386749405431931,265251
track_08024,Hip-Hop,82.84488965719298,0.752605253298783,0.6582385356162236,-7.425022613935699,0.40721936317281643,0.26022318816971546,0.06049130060547969,0.2558218686907003,0.5458283091482977,239456
track_08025,Hip-Hop,84.14965521596996,0.8344067336328296,0.7937389734919633,-3.9033486559771546,0.40479386767733755,0.04246535201741077,0.05594102631271818,0.19749308532987017,0.8976471700425495,200655
track_08026,EDM,127.73786036845752,0.886451703648391,0.8775204425476625,-1.8704127694942545,0.0509808700792818,0.1815434060706913,0.09210051030022928,0.18921168320733828,0.5259119045198133,180356
track_08027,EDM,125.81888791006719,0.8898149773534975,0.9664486480764051,-3.379344382436573,0.06832555159031176,0.14613462460429122,0.2488499200709885,0.23096796568499728,0.8277216510730372,269525
track_08028,Metal,160.17484207208156,0.3221566398058903,0.913033840766036,-3.9047611118771948,0.06804296537476665,0.06066771225394194,0.1848929938224026,0.2600151917915191,0.3979700922437888,182581
track_08029,Hip-Hop,82.31877945526966,0.7071553444838259,0.8088305591897206,-3.437726210136245,0.40631488625418694,0.29587511137196054,0.05879917765322268,0.120003102675875,0.6459491562794291,209030
track_08030,EDM,125.8431877371104,0.7377248370697663,0.8133474037182943,-4.459138636683251,0.06888210018129015,0.01775537857679186,0.19552103235935064,0.18811990887995317,0.8443189319242257,184760
track_08031,Classical,66.13515819859121,0.23821356831305976,0.3452389488395372,-11.06662551715732,0.04004392261777975,0.8414616825011367,0.9756623366038164,0.2292039029631666,0.4251061948316204,320078
track_08032,EDM,134.5160115361197,0.9060523289811151,0.9004399860516926,-4.110929169226994,0.03335723790055651,0.1114472144877191,0.006523829340210041,0.16798506590829715,0.7448229563963045,181664
track_08033,Jazz,112.66473413495245,0.4517405794800359,0.5086740420177792,-10.15302572995605,0.09472758203582612,0.6671266408366314,0.7606002923566734,0.3286488848998689,0.45351612109753714,256458
track_08034,Metal,165.52004587066955,0.3510172279808289,0.9913253507204282,-3.510896643810243,0.07925694269347769,0.10529118411251914,0.14191211355913336,0.2599408861528778,0.537335528218364,338271
track_08035,Country,91.26786874788257,0.697943399738101,0.6966853433288388,-5.889069196765021,0.04707203447072836,0.4016642825837831,0.07708122985590077,0.19405001860743196,0.7728963398505777,267254
track_08036,Rock,146.22729053019685,0.7516075341737711,0.7038014986181192,-6.258124152978327,0.06006993521460682,0.2297401437412738,0.2236776380924057,0.3326152630846385,0.5606472805046083,272030
track_08037,Pop,126.33551606004391,0.6918095717941426,0.7061437657379366,-5.217193298773713,0.055226990309306584,0.17905747060629473,0.01846270589677142,0.15343543568593124,0.6863314424394599,209465
track_08038,Rock,146.198799150732,0.5016676534854305,0.9836054908652787,-9.312026788410117,0.049362489842097776,0.22234209579222447,0.0885107777409797,0.39441723274875995,0.7302613148649493,191748
track_08039,Rock,133.75261904675946,0.6613505926576208,0.7284473395217496,-7.084223571081768,0.1476332504212666,0.3863148462935966,0.28397829042312456,0.27854845970194725,0.5178773580236271,187282
track_08040,Blues,93.2922759980475,0.7164548340529866,0.6069924796318962,-8.690516075626295,0.06812417140629651,0.6200088054747294,0.06714598527430925,0.10859001809600444,0.7019367758337861,240591
track_08041,Country,81.78820690531265,0.7088374442327251,0.4361484569879609,-7.420776140399261,0.07979170542361504,0.511956679070021,0.07151853632212049,0.16808766301304343,0.7286030835652323,225295
track_08042,EDM,121.84226115699738,0.8789359801573758,0.9195224017961099,-4.586778718270208,0.06015396666200344,0.07090038417814475,0.06516796988474062,0.2634900191473347,0.7543668462442521,223570
track_08043,Blues,99.91100588229992,0.6382672328880583,0.776087395131708,-6.189339156995372,0.089704267218947,0.5126615150466354,0.16401077085201077,0.22549699633392942,0.6351664744573958,262383
track_08044,Rock,151.65591135170044,0.7070232084392232,0.9835232079074091,-3.7274258510841474,0.1470345000295499,0.23146713727353804,0.248850076062834,0.14249761276014683,0.4068086023152173,190145
track_08045,Jazz,134.0108137564429,0.545183842154263,0.5375121479535331,-8.034209584873464,0.06017777603245962,0.5020365883416558,0.9579362295744646,0.2553899729224439,0.6474852924499302,294756
track_08046,Pop,120.19051357190423,0.8142640686811712,0.7108891391143545,-3.792977683148976,0.055718512325334806,0.25342590865596676,0.00806299810279395,0.23882213696218038,0.6349529251812902,257416
track_08047,Rock,145.99278921291088,0.7608176281234524,0.847506624553794,-4.090722678700593,0.12486932400518179,0.10836893233183034,0.2766411237098044,0.30637142952285545,0.6687809402031414,227362
track_08048,Hip-Hop,85.23693157872276,0.7040921126022224,0.6174810156878212,-6.509754021532384,0.3544676157710953,0.045964925581176194,0.05525670898055926,0.1392048988364924,0.8866097742314087,262934
track_08049,Country,122.39394402993301,0.5031427241511213,0.5289796031980099,-9.907393208514055,0.08511998363215136,0.47477544847847003,0.03342447681662344,0.28527882368215984,0.5054022959683607,206015
track_08050,Country,91.55684010740154,0.7028738003978217,0.6300143334779231,-7.102670324888056,0.06206081753759528,0.43139583027703443,0.01753558104681807,0.2495764824253858,0.6755109319584199,235017
track_08051,Country,106.94245307765568,0.665592276278824,0.6207481303067133,-9.303703803213624,0.05304453580564819,0.5374296451995578,0.13286461387691456,0.18353633879535144,0.6124994062967446,224340
track_08052,Metal,166.39365698735284,0.41832866068450536,0.8145081831949513,-1.1529158259070638,0.07630810281663669,0.00780175388910378,0.10583734979738804,0.24255479376192132,0.4829588497339522,342006
track_08053,Metal,164.65759426556,0.37167909149699785,0.9222465434946727,-4.626643593726687,0.05979249241850863,0.15286368234729486,0.06050880983395471,0.15650435180385533,0.5180107395347691,215335
track_08054,Classical,82.30996060151051,0.2768874140661963,0.2624910217799889,-15.69888790500029,0.05458966441064286,0.9441228130819816,0.9522859605884957,0.4400111344705834,0.5229272283314599,314378
track_08055,Reggae,94.66046945579208,0.6115716834700357,0.7962140585698875,-7.59689345847658,0.08844669191563768,0.5335775424576413,0.1572659922558216,0.18683992243931508,0.673022744783711,229640
track_08056,Pop,107.55255233948428,0.8705785536577639,0.6086931439180407,-7.45544950098883,0.09834522840197002,0.23774497295098512,0.03388654925077188,0.14554749520072713,0.7513036162451847,248091
track_08057,Blues,93.1741116577009,0.7393850140336581,0.5064044751751631,-8.46764391345647,0.0850576381088747,0.3866996067286276,0.12305256857759328,0.28589657353944986,0.7258795426014151,184944
track_08058,EDM,131.29972225355164,0.8234771633705577,0.8013849491425431,-0.6066393213568713,0.03964535553388897,0.09481775724205183,0.05786385002564015,0.2627918608603047,0.5134683506151188,293417
track_08059,Rock,137.6429763019463,0.5700810549827362,0.8566470004316624,-6.20778549120939,0.059931260214781956,0.3839464658562156,0.1401499663200857,0.2911828839451247,0.41214495496588055,232501
track_08060,Reggae,89.49607382946299,0.6621308558316653,0.6920564949041329,-6.726807600262732,0.04779603728703253,0.45188711126610664,0.007006131218397638,0.11818574701914336,0.5143562303175157,259322
track_08061,EDM,128.27506804331955,0.7848488602577303,0.9544719026787024,-2.4595732080378205,0.03554026410313611,0.17925438428606977,0.03779830610252744,0.29530618077170667,0.6447847070834076,216298
track_08062,Blues,91.18324525983283,0.6875854178657618,0.5302743492874475,-5.902261504301724,0.0822264958229326,0.677514583042355,0.11389040893991514,0.17288498894020105,0.6501942779990986,225058
track_08063,Reggae,93.01029891177387,0.7126660714902076,0.639530676742695,-11.357479728164735,0.0807983218583438,0.5982062083203928,0.07804801879264452,0.2076241361023335,0.5760914943205044,248437
track_08064,EDM,130.56153521654483,0.7488155569776924,0.9740191619972084,-4.260417369761916,0.051431409267717595,0.05506297807574692,0.1521773164742166,0.13347281611094283,0.8030305846929862,242342
track_08065,Jazz,120.53874364445399,0.5887347680918281,0.426296280244986,-15.64993896053578,0.09749777503274878,0.6033509098705616,0.9910685262628702,0.20382992132459454,0.5078909518673875,305351
track_08066,Metal,154.15998712116638,0.41935080724517393,0.9111618255864165,-2.0015900948733014,0.07359086469249083,0.04888140585894499,0.04821284655638985,0.17365289024850977,0.4282666727440258,242465
track_08067,Blues,87.79426557701308,0.6402134764493388,0.5032655869776055,-6.391792936463408,0.050180373730163,0.6807255933554036,0.09031738255214888,0.10916160422895987,0.6929793232996853,231715
track_08068,Pop,119.4358520767421,0.6362269736608634,0.6880567406902329,-4.801814695822297,0.09121600293702889,0.41233218427476526,0.04445371677061894,0.11881470927014609,0.7855366615527093,221075
track_08069,Hip-Hop,86.27413767728888,0.8348769403548583,0.7831934879786455,-2.1006952188909302,0.3101125624108276,0.14139084316187034,0.021130442377024574,0.22137013123293878,0.7335879063559554,201405
track_08070,Jazz,143.02579014192779,0.5042719554802529,0.5332575229860211,-9.12671366096805,0.06637241414801674,0.7635117677349362,0.8384640163850088,0.4805587597453357,0.34487278150855943,320148
track_08071,Metal,160.48148771765298,0.5210411762687891,0.9226904937827313,-2.8795374502057705,0.0511469953922387,0.08777013496721515,0.15921628571215873,0.2621725859473617,0.4713472996186265,343123
track_08072,Country,99.60643525131489,0.7398132324406025,0.6887976787957051,-5.3435499836493126,0.08533556662876607,0.4279426189469726,0.07413211412499197,0.1908720457367361,0.5429880971519597,209635
track_08073,Metal,159.20201953318798,0.5500246299655678,0.8127353612080589,-3.6981584005087984,0.038951826520419446,0.05071061515366613,0.1539847796821461,0.2701208994500563,0.4740865453304842,281187
track_08074,Reggae,89.31603448670177,0.6542584268106121,0.5160050479058602,-5.045781377590277,0.07842874427661083,0.4782590256960816,0.16493618161347284,0.24391574506287508,0.6281736991207085,238461
track_08075,Classical,78.08191974645966,0.22499010937801728,0.12859607091316924,-27.485290341761672,0.0688792010896201,0.8862541594240819,0.9215277277271723,0.22780274186814375,0.305161511747835,430788
track_08076,Jazz,145.567775096806,0.6498919188595507,0.49041214101278413,-12.966540968590559,0.06465134967049205,0.5220570883301281,0.9606938680152795,0.312106219857731,0.5075699181264003,389625
track_08077,Country,105.10522162452106,0.7206531343516202,0.631702200970109,-4.391615448449076,0.07951293042242097,0.6060184172515224,0.005238755923557537,0.13483759246044738,0.7344286073772259,202225
track_08078,Reggae,91.49513215839103,0.7436306636332455,0.7645811585631139,-9.123056692749747,0.09851021883543389,0.46118055775681976,0.13536493106043088,0.15404948869554255,0.7242669611125039,195415
track_08079,Blues,91.41259166164674,0.6230203927603725,0.7879565045589914,-11.155268779405795,0.09574167581465289,0.3764142965991586,0.18175500518836954,0.19046124843879825,0.6776196742870374,206334
track_08080,Pop,91.94508481571629,0.6548240871602,0.8338872337590779,-4.083894781417079,0.11448463817134472,0.4559985692468148,0.02001755462019891,0.17385504617174802,0.8109557719043832,259860
track_08081,Metal,151.0853964313848,0.4943756868289829,0.9411199199315607,-3.158326638142669,0.04660643044447592,0.08489718940603513,0.19096816475910444,0.20687233472523492,0.41911775873514073,184395
track_08082,Blues,89.38865199086982,0.7618105412664374,0.6326641975869861,-6.0191997693083525,0.08558330789809088,0.5074488687631868,0.14393111878549522,0.28743324343379195,0.6615111094130803,237941
track_08083,Country,101.60805029320977,0.5579182908786419,0.4642833353563711,-9.409554667114964,0.0985496830375644,0.4182954761223976,0.029550297554333207,0.17303358634787142,0.6367392499536049,283689
track_08084,Reggae,86.36850586818858,0.6726777333643855,0.7385976859651017,-8.508676420191524,0.07138692715056008,0.5131829001488108,0.048331412906403505,0.11067447688657146,0.6959969595357655,213217
track_08085,Classical,86.57648957154825,0.2232914345724864,0.15873521562560822,-20.364925627014614,0.023773424364780766,0.9938334116721198,0.9472825723589665,0.2088986559162343,0.4396296325008845,371529
track_08086,Metal,136.96402152597284,0.4771821047141713,0.9920252918502027,-1.9716648639529932,0.03470569000683116,0.04388903634635182,0.12987634711832433,0.10040964793517602,0.4689309794181231,345978
track_08087,Pop,122.79619718341462,0.6323454566611655,0.6116194511179778,-6.2633128225095245,0.090515757326765,0.43382787705954706,0.009268615966517997,0.15231003615220023,0.6915301813205303,242111
track_08088,Classical,67.0704042636486,0.11645573676276151,0.26866505741456403,-23.71451120663134,0.048734856771722734,0.9915388317645303,0.9340968897082397,0.41578507042092716,0.47331786522236463,432560
track_08089,EDM,126.04807313634713,0.9219026963610772,0.9374791716968377,-4.113112271065258,0.05690621760907811,0.030627224133328548,0.09558785079886596,0.19262820296809233,0.7544628433317391,253076
track_08090,Reggae,80.6179175757937,0.6058930212013957,0.5607311636569193,-5.780547009915044,0.0731908550437412,0.5748883620099663,0.08045831433354973,0.24904061025192614,0.586728575749782,204054
track_08091,Blues,85.60655321124271,0.6549319426934059,0.681381567378282,-5.743650875749391,0.044037120924272775,0.6328193955791332,0.06003773321639841,0.21786212201724114,0.697625735874177,231672
track_08092,Metal,150.2697689870032,0.46505939683535713,0.9305764831362934,-1.8452749228926884,0.06491154238677721,0.028261141779582877,0.003806193616176068,0.127317064533417,0.312084586287235,204763
track_08093,Metal,185.3076817310328,0.3102477954632301,0.8695774397217373,-3.865748109677368,0.04308362781807734,0.07517014749366102,0.09863865052250041,0.2176816291812923,0.38715775971347516,355537
track_08094,Country,97.26290594290354,0.6264923007422641,0.6773520733416014,-7.129090862413657,0.04175810839411747,0.6339559698968833,0.1027549067308588,0.12341378660602531,0.6384776813692388,252578
track_08095,Pop,119.2120077492346,0.7972147774322886,0.7171376808879802,-5.417969366372672,0.061171310103152014,0.11153382782818314,0.0471594053223985,0.10716688374732593,0.73034620763589,197172
track_08096,Hip-Hop,81.635491670759,0.8386092919952097,0.7580551684996867,-7.3045317096393685,0.4469656375239458,0.16518670580990572,0.09276577187844946,0.19217280021908867,0.7559459662293859,287133
track_08097,EDM,120.14939680968253,0.7193018647644633,0.972979351167476,-2.8331343123304498,0.06320176747684336,0.010352124716454393,0.19108785488052712,0.26370319775354945,0.7785436811060868,237462
track_08098,Classical,72.84072153736386,0.25625095086131744,0.14385448881537025,-12.672810083740146,0.04491963221188658,0.8557207569439805,0.9501518759244157,0.3816410226678194,0.480617367900746,504038
track_08099,Jazz,118.67086318946868,0.49545919932678695,0.31680303819820504,-12.815310011286686,0.09241718212574936,0.7405186282084346,0.7004885294427248,0.43862272622773185,0.3516062347061051,281346
track_08100,Jazz,140.51726985650555,0.4317298111192374,0.5161537946387892,-12.422539933694498,0.06549648036826139,0.8889091401919977,0.8686530484290992,0.38941420869372706,0.670430396047603,408905
track_08101,Metal,162.84731744338856,0.45248172460361114,0.9982848974892475,-3.6813226502717216,0.07422597282571222,0.18885263286957718,0.06566781678846441,0.15980484175336976,0.5826350817148609,300837
track_08102,Country,85.10820699333456,0.7086164150765847,0.5891002334401976,-8.169029461397454,0.07196015664802367,0.55476111820753,0.18641494521308874,0.2110060734251638,0.5083683974608383,205574
track_08103,Rock,145.12481364462266,0.5077594032554279,0.859854974921725,-8.416557277854096,0.10688896470905498,0.24946309458433374,0.16983744187954816,0.2078921783523988,0.420617779022703,255183
track_08104,Metal,159.8531858596256,0.5335453454968941,0.9765871460777108,-5.2056056570486104,0.062209764839213116,0.022607579900683718,0.046926561023706716,0.2140076466229771,0.5841990631093765,255878
track_08105,Jazz,115.36103578485147,0.5590644577502393,0.5027444516602235,-7.8500220381254024,0.07848332724172177,0.5150032328833621,0.8758273505370521,0.22637640908680795,0.5259640490772923,286542
track_08106,Jazz,108.22392352576583,0.679288009449104,0.5787387650051328,-7.327474201305412,0.05171838469666414,0.5570698761436806,0.9672461892739883,0.34478744828025815,0.6508949465853241,273142
track_08107,EDM,127.54052308262534,0.9047612250947691,0.886374027935959,-2.649572963445459,0.03188789208512297,0.1422100296113414,0.10311229362548877,0.24572365107298827,0.6643883204136145,209510
track_08108,Blues,88.09827541419357,0.6217016482196536,0.5823836189438939,-8.869687653645123,0.08798753988097704,0.39329145497960016,0.18143483394599463,0.20996921885634953,0.7139936158222985,238438
track_08109,Rock,139.04864873330308,0.5307439428820031,0.9916606004087964,-8.036403391852943,0.10882055782651709,0.14323579830600514,0.21586888337043592,0.39289414681802715,0.7940226751518028,261662
track_08110,Metal,165.47549119892392,0.4833848895923199,0.8970411891703161,-4.1776280402589325,0.042178100769672065,0.015346380176762776,0.007042539629060341,0.258295766661341,0.4576573799754041,235715
track_08111,EDM,130.2477925600921,0.7314918368016738,0.8026326075621295,-1.9496302021651815,0.06360810499393973,0.1813106377239574,0.18610839723274966,0.26173828290516266,0.6616954317606774,186765
track_08112,Country,84.51628429238649,0.5743854097551062,0.5862268410068628,-7.754246491318195,0.058642170306951596,0.6349139499960552,0.10372564486660468,0.1811043769266519,0.5983995784891424,298893
track_08113,EDM,130.11766734316157,0.726423591514422,0.8040257997097154,-0.34755356706770435,0.06491037650955722,0.07168975464008631,0.030157168516278053,0.23564043189251388,0.8532464212355011,231382
track_08114,Metal,152.30378247429866,0.3996956105458526,0.9176710867884914,-5.513203634673691,0.06557075491426526,0.05382518441661566,0.029888799462006777,0.11178904766537015,0.4245101990227412,313492
track_08115,Reggae,93.28918408245606,0.6790853111011661,0.642780342861127,-7.719323448701867,0.06450726496353265,0.31415885581378517,0.12079698439727578,0.14577449120461022,0.7906613137361291,257422
track_08116,Hip-Hop,82.37804572046798,0.8823173441750074,0.760328818010691,-6.0772475124898735,0.30786123979544455,0.19562874915008988,0.08655227265118938,0.2436675906254034,0.520433097914531,209276
track_08117,Metal,141.4701335059736,0.5636227807156236,0.8579065586647864,-3.0825445064846364,0.04670946943726646,0.022710905278287164,0.07171571563492965,0.13460649628273424,0.45629383631857323,218753
track_08118,Pop,92.3805611643087,0.7481154362201108,0.7392443611730138,-4.179828117835068,0.059894550199234925,0.3999455574517392,0.01867852296489412,0.25711256265918075,0.5878691347308644,240217
track_08119,Jazz,99.95295796846335,0.4790136839360535,0.4059967677084174,-19.405228777664057,0.05320130220642748,0.8883437625526401,0.8022690882996034,0.25584787826618893,0.3790978031260297,278105
track_08120,Rock,138.75515242981675,0.5445365953807444,0.9716254654637076,-9.436186284544947,0.1349316527865953,0.2520748906716135,0.18261161161118902,0.1737795072735124,0.7594434699812393,256240
track_08121,Rock,130.24131033710603,0.6473737510857761,0.7427959431027427,-3.0540043764926796,0.07535841491098524,0.357340099668917,0.24850907048582124,0.1795453427733575,0.43168641067781327,187523
track_08122,Blues,82.71090692891991,0.7334311890883006,0.6905366235507373,-7.113786805932455,0.06600080829189042,0.4529140842627359,0.19553159712786516,0.263431696749468,0.6456330927320877,251341
track_08123,Hip-Hop,87.25919973074205,0.7985724369730305,0.6560966875771531,-6.9234220292797755,0.5572112839751324,0.13823769854593762,0.02917829932784586,0.2577040391746198,0.7948595471843062,255447
track_08124,Pop,115.63716869208801,0.7478125286090024,0.6159261601004772,-6.236588531296426,0.06472616860455326,0.16985927788836844,0.00732965087377972,0.1280378865155886,0.5641755735567103,257087
track_08125,Jazz,148.84901616134232,0.45862149409484,0.32501397394711257,-19.722110493731616,0.04783490860484028,0.7049627744709368,0.9593691513707773,0.21219893857629077,0.5719009822138224,245243
track_08126,Rock,136.33764382829278,0.6666850533148913,0.961155480788863,-3.461630442220362,0.052134280500606686,0.3818728073616009,0.02087482028431433,0.37279796322438363,0.708930399617408,207675
track_08127,Pop,129.54388653773475,0.6308895300742614,0.7303237440592097,-3.923686014900574,0.09777090329680653,0.11902319666381699,0.03497851684015217,0.18052703951820712,0.7735863598217383,230478
track_08128,EDM,135.59024372699204,0.7895788691461967,0.9333466095784708,-2.0526534246434727,0.04266142883516774,0.05144080919104421,0.0981289537116425,0.11390950892240762,0.603030988909823,234452
track_08129,Blues,88.82006859123256,0.7934478131622928,0.7547569771928023,-9.932099008875122,0.08487859135703985,0.40932362518284315,0.0050430717858707345,0.15258552663943106,0.548040486192125,224356
track_08130,Metal,166.425592585827,0.44534778329248226,0.9790869610764402,-1.042038705318686,0.05643052507513319,0.1945391064102438,0.12929774589363938,0.205761179313529,0.5610073291175794,194517
track_08131,Metal,156.14756022172773,0.5211740757941463,0.9969685454607553,-3.3829573557533075,0.04752197734174485,0.032498952786363014,0.16247250179596356,0.11470421158463283,0.4744216981081987,225244
track_08132,Reggae,102.35609580552708,0.7227104174970076,0.6277119662182291,-5.565132813315726,0.0722887746440144,0.5895648505747633,0.13109445353196772,0.2717016456370072,0.7437135864452833,256042
track_08133,Jazz,133.28056445721992,0.4492114679240554,0.42882440313594783,-11.546546130568453,0.0437123259976967,0.5773345707181894,0.8922270235639803,0.24411393936389483,0.4353632146459554,393250
track_08134,Pop,126.73658715363584,0.650922617722339,0.7386200817950894,-4.789974041623358,0.05720553279683216,0.19656272323255172,0.019782381885293656,0.2364817749692021,0.5300069078048631,238692
track_08135,Classical,71.42933016908216,0.18815907861452358,0.2172485066676412,-11.3224411836566,0.04373355351866509,0.8893564244590648,0.9062266398386838,0.30952988508967794,0.40947261589387984,533690
track_08136,Rock,128.74295810476593,0.6990329959607502,0.8116763254382279,-7.2513280719799305,0.13049035082758265,0.2609878721868323,0.176294496446635,0.18904498927789123,0.5931919161590355,203961
track_08137,Country,114.7155657473943,0.5278946149613999,0.640301805795122,-7.010520028179534,0.08750436561327457,0.4946764804454932,0.01019067984927864,0.2011116459212351,0.7644038600798719,249579
track_08138,Country,118.09677563284797,0.7263352301188194,0.569339560346492,-8.767625083241532,0.06950601740450768,0.4301333232701524,0.023411778903945347,0.12313303437386997,0.5036758223963227,227604
track_08139,Metal,160.63284335164178,0.40280401335544036,0.9507052676562545,-2.5439893329121905,0.04531899218471262,0.17109025036547124,0.01682417912357639,0.2758228414577373,0.3302509705152314,248947
track_08140,Classical,77.69139323821567,0.21695130298259455,0.35026701256463044,-18.78709375985071,0.07298285935034866,0.8276460421512485,0.9825886338681343,0.3987842915344636,0.44146881153947576,421182
track_08141,Country,104.85301255299457,0.5168294858164716,0.6057721668405608,-8.27088565206873,0.09486520834997637,0.566169600918095,0.044471203432479595,0.2693264367428099,0.7949730505832499,258335
track_08142,Hip-Hop,81.84641116799688,0.7088094057475887,0.638018052705293,-5.157650991370417,0.327833604564356,0.17147570382753954,0.015776709162065684,0.23017149038201754,0.5470656974120223,168600
track_08143,Hip-Hop,90.68453721394721,0.7939722928317207,0.8978555531252628,-2.2021148248315834,0.34716656390291584,0.20635076601352326,0.05117996120637602,0.15417692427818358,0.823315212885058,264550
track_08144,Jazz,137.8062009217137,0.4860346184729569,0.49941542387607984,-12.75196291083583,0.05089292749165612,0.5158598713915028,0.9770499281725906,0.2942408140415768,0.35103404138025734,366615
track_08145,Classical,57.88335959863984,0.199144087772338,0.15914426041497898,-15.32144461393565,0.022693175293004648,0.9107112999876282,0.9110101249179315,0.2922053870892858,0.27733404937434186,328660
track_08146,Hip-Hop,89.61772148748719,0.8960891363794856,0.7716632693836879,-5.186728353067343,0.3437159003123972,0.07021896646936789,0.07860299571879331,0.12980177271913365,0.7109387946397081,210184
track_08147,Hip-Hop,85.62243495530363,0.7278342288032997,0.618838012301439,-4.99508834223607,0.40521523949365734,0.15803157671401333,0.024872976706739082,0.17752773219158519,0.889594437061743,261455
track_08148,Metal,177.813920584242,0.30702248559837825,0.9845337090881607,-1.9825778627019748,0.05272404621866048,0.10649404812606966,0.06707510952755256,0.12862274778047894,0.38040654218008196,264519
track_08149,Country,120.91551525898666,0.5881953089906434,0.5817690412246329,-4.924857595207589,0.08569090230492526,0.6652236382706287,0.03183249351661395,0.14492730237229817,0.6763139923462659,206026
track_08150,Jazz,121.6387983694647,0.6165585542634789,0.5151587564698594,-15.411623613208803,0.06357164443694276,0.8657576233215374,0.809041911089843,0.33587092259747314,0.523570635508256,408608
track_08151,Pop,109.42032995507141,0.8537676721506333,0.7559217794990807,-3.8449213840206014,0.07670456188948352,0.3238052009288617,0.000633155949479164,0.15141114270673622,0.8498103109294053,244705
track_08152,EDM,134.21505557690952,0.7548571956081032,0.8851418514250148,-4.38485764516267,0.044678676305273404,0.09146451191300134,0.15287049839701364,0.12449188787843422,0.6614478141680117,277299
track_08153,Rock,123.80273031495781,0.5369583277800777,0.8880239914734377,-9.7962398578847,0.048753791941409774,0.21122275684984174,0.13404589541367937,0.3724794977690289,0.5340283812056645,181093
track_08154,Rock,147.97782685756647,0.5801147869876317,0.7281697679254484,-7.129243987857997,0.14103983627148675,0.22385019247688814,0.19042036225420775,0.21610754992714723,0.6925825043669016,247784
track_08155,Blues,89.31117278406386,0.6528675696050421,0.719796384557516,-7.7022576845830955,0.04954169298593682,0.384268833731181,0.17596957572627056,0.2647454192260834,0.5044648409001773,262403
track_08156,EDM,128.61056616865818,0.8454183910507239,0.8942470340575825,-3.2220516036091835,0.045032176181399194,0.09891781242327667,0.0631716044841903,0.12629567374820463,0.7244036282751549,208063
track_08157,EDM,142.92152514278652,0.8021615814276419,0.9889511933081673,-0.055409760125942675,0.041566135072328564,0.189944171633872,0.28512668116451256,0.19468882626878603,0.6659607541135633,229435
track_08158,Rock,132.5427536206763,0.6806509366848876,0.8865569719725388,-5.257838126678665,0.07577705770811366,0.2253235680064805,0.2732179418121585,0.13318656352645855,0.45264448468142227,237423
track_08159,Rock,132.01389753275328,0.597479142516873,0.724939813414065,-3.1263519940581723,0.06182404655026211,0.3238108695654919,0.12768549511726435,0.3038275744453063,0.5020293397679128,276968
track_08160,Pop,113.4766470293758,0.6877951178145735,0.6326741518764122,-7.762769784427979,0.09191871629034232,0.32909789859545424,0.007982157607186046,0.28356341842652266,0.8497884592381112,239132
track_08161,Classical,104.45772150827779,0.1360441448728888,0.21871015470613295,-17.245260888137942,0.05003194897823564,0.8762671972508063,0.9438799292391252,0.39295498203686563,0.568343281849017,542617
track_08162,Classical,91.84778948460811,0.2809973610110016,0.3335994804998738,-15.512171240017773,0.03435254431911447,0.9975115961758982,0.9924316805155559,0.3469771749678472,0.21387527728397876,463952
track_08163,Pop,102.86439720083719,0.7569674178658109,0.7643572352024238,-6.859285439466733,0.08653065262430275,0.36318233592681626,0.013855947967680166,0.19312055094564412,0.8257166328267256,225370
track_08164,Country,106.97626019946199,0.6036630146489987,0.6236352500637513,-7.629598645569825,0.06997841015284048,0.5472339317743514,0.12092876710355627,0.13418756726187825,0.6734274585897155,269011
track_08165,EDM,131.48786510973332,0.7347212020154865,0.9709857514118585,-2.146801981116191,0.03676543908461201,0.12971146767972747,0.008784779541685462,0.22007516387545656,0.7979086428453419,209365
track_08166,Reggae,86.51059516682429,0.7559697689846046,0.6462351669313813,-8.134636208236639,0.09200503650493572,0.6096616154230319,0.13154712364028445,0.15336198529147554,0.623104095855551,241703
track_08167,EDM,114.83324495382057,0.7702962489683505,0.9596010984839032,-3.904222644581349,0.06567461407979797,0.1365268707524328,0.19917471514243082,0.2925272635415368,0.8462016936910646,253570
track_08168,Blues,94.39119159526265,0.6641918936031299,0.6323360482808411,-9.311490264249016,0.062138489475426474,0.5890555419699253,0.1012062565530191,0.1816885679697737,0.7829967365474572,230849
track_08169,Rock,134.81440146330823,0.5592174584605295,0.9654986695862542,-5.584492675889681,0.059861531201597276,0.14917413073634211,0.22258777739363517,0.15313327208788036,0.4870304096957079,225697
track_08170,EDM,136.85244115921506,0.7850455197541565,0.9453078100552837,-1.7169825947226283,0.04779144322160156,0.1269204311889772,0.07879788870996285,0.2315640855540931,0.7690966019598995,190599
track_08171,Rock,134.01733799200755,0.5734703043567997,0.8459082813346949,-3.436266478450019,0.06383361794839287,0.22422991540930293,0.11171452050411508,0.15948660189707478,0.7893090232279968,268803
track_08172,EDM,122.0277031825433,0.876555299390334,0.8873930978492313,-3.8293010440866975,0.046592730544358196,0.11848135964465434,0.28091769513057335,0.1998889584187971,0.8551451983719645,288016
track_08173,Blues,84.29522432337752,0.7750625886373352,0.7587068912932287,-5.920075961265534,0.09703294422549089,0.4105741833231282,0.06668611113487288,0.23741939826408182,0.6691710043188296,274216
track_08174,Country,101.90794696168594,0.5397727401079727,0.5875309541636915,-5.895144688766754,0.030751774870686446,0.6482278391127578,0.15996775985869435,0.1434170172916272,0.5268129106839069,207376
track_08175,Reggae,86.60480007327713,0.6725289314466677,0.5732425361299399,-5.94842572433396,0.07650961249568623,0.6593960116834223,0.04057739546967518,0.1163315083693458,0.6062141598370491,228680
track_08176,Hip-Hop,84.05942323222561,0.9208785137892908,0.6564456092042079,-7.153564992812232,0.5363345800781072,0.2137221483033558,0.005695602808103584,0.20191304884747757,0.6795399557009513,221968
track_08177,Pop,107.46608148182956,0.7050075916348899,0.7505323992264183,-7.649223652442385,0.07393416831103691,0.15242261003176033,0.04404321830314861,0.16600037737770473,0.6871409848244873,182038
track_08178,Pop,127.78073356848364,0.7654247257739616,0.6449834962525093,-4.425569391079168,0.06619669357883028,0.22045926915613442,0.03155944906038195,0.24995124007197347,0.7922467516866087,186908
track_08179,Reggae,93.82242061017078,0.7210191952507636,0.7900622757354452,-9.572220294322394,0.08098517302786952,0.5292935645115879,0.07759198639502565,0.2576479226710322,0.620944319650887,278724
track_08180,EDM,133.98001629452682,0.7161026875686407,0.8737877585162634,-2.9237604715897807,0.055725936939650514,0.06605202889568472,0.028289290048561077,0.12792492318673604,0.6766931138762672,287096
track_08181,Hip-Hop,88.39301881309822,0.7662410328177237,0.8463071715607668,-6.884997934502993,0.32034679758387474,3.864741998740318e-05,0.058063336422158586,0.25574806104129544,0.8291945514174097,203382
track_08182,Blues,91.12543787473433,0.7174679652731426,0.7556054421568565,-7.006862942714535,0.07528132681233005,0.3463014477034353,0.0582192958437906,0.12420326200626541,0.6644129734401405,193114
track_08183,Classical,63.35836340072718,0.12494519772741275,0.3919476429187555,-29.959933715975424,0.06632710796479101,0.9053016115838863,0.9085576503194807,0.23600956208986293,0.43599968923266996,591386
track_08184,EDM,120.15655340014574,0.9223070160489332,0.9790626653271751,-1.593977452317323,0.06303935664373955,0.1663225011081258,0.20904497297215133,0.1930537257991793,0.8782069179845777,291168
track_08185,Country,97.59958721764347,0.6571699784164685,0.5415768865419726,-9.357555342162136,0.03226468734114633,0.4073997060933704,0.08421836331486168,0.2576277856726419,0.6720888649814549,250892
track_08186,Rock,136.36905396583145,0.5110957093225165,0.8800278622068637,-5.641440901003695,0.061528647000648126,0.3262681363279535,0.0576173988456129,0.22393669030967378,0.7597201512033209,273063
track_08187,Jazz,156.1058336930752,0.554987599211208,0.3818104040132535,-5.691912342051667,0.09748369543783075,0.5834230188715384,0.8591784458223499,0.4368847634728791,0.3219103115751569,358374
track_08188,EDM,128.23686559388563,0.8231406415717545,0.9446521670048527,-3.2850234645235625,0.03163291003500398,0.06921821644352458,0.23219051246872685,0.2628953392382156,0.7854366962369284,197562
track_08189,Jazz,108.38790954812684,0.6390511231320284,0.3159839986404469,-15.21371352319796,0.06051098549694468,0.5524375633217232,0.9225089716192945,0.4332580673786045,0.5332681924241157,287537
track_08190,EDM,135.8970695887939,0.7085236739498608,0.9842081709182001,-2.155912095392048,0.04138134757704949,0.03720758501101811,0.24535961527445505,0.13871837028525585,0.8374980445491205,246691
track_08191,Reggae,96.53304361047473,0.7335591733993342,0.5884458792687901,-11.868040166821476,0.08959673538940735,0.49296725996139834,0.019091017405783207,0.29151193898968125,0.5889281029791816,225017
track_08192,Jazz,99.45588681845885,0.4079535107703513,0.42020900034338227,-8.793098723338991,0.04549045847548165,0.5941874243150882,0.8526571900002486,0.4680104325758844,0.4315372914765241,386712
track_08193,EDM,133.11072705033428,0.8448226386394202,0.8528766803796414,-2.092515715461767,0.06559045095706291,0.09387917269847497,0.2088219066638536,0.16910069992810675,0.7850468312389909,279549
track_08194,Pop,104.75110557535996,0.7586485987157119,0.7267162251959793,-6.117208713507165,0.1022945917168877,0.32600429972457257,0.034944800852389345,0.21919225183428342,0.8123759009659912,202153
track_08195,Jazz,103.59145219979695,0.6537605924701759,0.34661206757464735,-14.902755290344437,0.09336435282253809,0.5542927215258614,0.9600036646617112,0.3426095856540824,0.37343466996267405,286891
track_08196,EDM,131.54154100537568,0.7428122361821715,0.851830301698907,-4.680628560822623,0.03224199997464681,0.1734803211480359,0.03761410549665895,0.11378454051971697,0.8305497472058789,276526
track_08197,Classical,63.01371407603693,0.206260559205031,0.2880446084158479,-15.65014680031863,0.0583875579070911,0.8465740515023648,0.9748165913828086,0.44220262797895565,0.21506936431450369,462574
track_08198,Rock,156.2837276094556,0.7277134678761624,0.742805711577223,-6.255482388438719,0.084595152668349,0.22492413596398048,0.10780166981470832,0.3990780202954526,0.4680416805326961,282292
track_08199,Classical,72.06236763402879,0.21771525714464346,0.2333737665622075,-11.825581259339437,0.028797639481196034,0.8979465703653776,0.919178572324565,0.22504838209089054,0.37694148866702115,390526
track_08200,Hip-Hop,83.23978774471006,0.7961684942888293,0.6961842107682443,-5.665489056820344,0.4313425053553587,0.07635998100868586,0.004525686935358042,0.2980604031792925,0.8061914355425565,276960
track_08201,EDM,130.52728970629494,0.8667078237033534,0.8438984706905264,-0.9179139074120908,0.0682986146857589,0.03675646583463328,0.2730984768017416,0.27059777741260205,0.8917120484477314,183568
track_08202,Metal,165.8184846788448,0.3797349950687696,0.9021350341730088,-2.31663426104274,0.033591612766306324,0.014420071881669895,0.14918163718608377,0.2840116536339282,0.47754842927886426,268705
track_08203,Country,99.05969877420982,0.5936529600119695,0.4415310134499655,-5.228317965900249,0.05338051102835133,0.4351045819716607,0.09073197262637683,0.19039533088822586,0.5826828508156559,182470
track_08204,Classical,69.5702615429244,0.2948785778415782,0.171105427232514,-17.527774391374365,0.044385102517091185,0.8180590574513736,0.9707993362348075,0.43712782614928614,0.5306269532849377,551389
track_08205,Jazz,133.49037187406074,0.6201263430091903,0.5402941701106554,-18.174202926930064,0.0842198492830641,0.9681828445046562,0.8742201023372758,0.3814040686744497,0.6821294150525778,361620
track_08206,Reggae,82.27530257379381,0.753169907743415,0.5542697019856752,-9.108202971957999,0.08292455557282563,0.4154330800106056,0.09077952656148275,0.1345455885840768,0.769340948957383,214232
track_08207,Country,106.03043189393017,0.6714830663587797,0.406311320451006,-7.339436988553047,0.04100249667873178,0.5014304061715484,0.1114805580791682,0.2463877216561781,0.569652811905007,265578
track_08208,Metal,165.30597575042106,0.33436777713141097,0.8502338289979731,-3.5136349004068324,0.04737489277635358,0.14211116258029952,0.19249082463811407,0.2506384176740012,0.5999976126908898,293927
track_08209,Blues,85.00036491514946,0.7769755980485087,0.6169807177635858,-7.023406091180899,0.08048662340278077,0.3228298641834306,0.1759292425619182,0.19730702101702233,0.5670644624111705,274339
track_08210,EDM,124.61208826287563,0.9419988415262779,0.9241085657726733,-1.1304312948742452,0.057287870572980265,0.07693432289532448,0.05672568080830674,0.15645180880665926,0.8506131449324947,291507
track_08211,Reggae,85.09323322395635,0.6175085437682714,0.6061952114254877,-9.505455790081449,0.07603159768774388,0.5261738569283902,0.13758958536438196,0.13482155404133778,0.7612590205847534,182997
track_08212,EDM,130.22301276587365,0.9402682997589418,0.9539102054738613,-4.877537880539325,0.06039347437657051,0.1700714974189086,0.10689260527670572,0.16529030048553645,0.6694723339932027,216809
track_08213,Hip-Hop,75.61111282049458,0.7976159683849087,0.788015073609525,-4.497106150572471,0.35024662133179235,0.29093453540803876,0.0028694260495104153,0.16867563735704855,0.8205516326988227,265887
track_08214,Metal,164.94062308116617,0.5391870761477464,0.874499769612111,-2.6330004481447595,0.06821498420812297,0.115590744623458,0.13580355791882365,0.2107250000716868,0.3164848904844001,314321
track_08215,EDM,129.94658647684716,0.7753894605775654,0.9003345214346242,-2.984962773659422,0.06484852709148653,0.19066278427126276,0.037106177053994216,0.1294874844625949,0.5329834894896975,292655
track_08216,Jazz,133.21503832607598,0.4885230205306196,0.4568109333231507,-18.39085054442894,0.07646492546655706,0.9580654550432376,0.8589430950592939,0.28765047400335536,0.46221044107169873,250539
track_08217,Hip-Hop,86.20693220899818,0.9311313229285811,0.6381227641752675,-6.557057640890635,0.3705115450593498,0.025834542731035127,0.09097201105263203,0.2698116355894037,0.6523038260985655,279310
track_08218,Pop,110.1909101459446,0.7528243291915642,0.7697700546136169,-4.554270070505992,0.10427236223110453,0.45967215860042565,0.039454525503290004,0.24130624477556767,0.7487991326264544,227078
track_08219,Blues,81.54145854916068,0.7787906725075495,0.7686553959785591,-5.701151731045771,0.056366532352628985,0.4261837316834749,0.18375931345051522,0.12515666603096526,0.6967643615403624,268331
track_08220,Metal,157.71615681328348,0.35349278238707765,0.9221408021951686,-1.4297608357624991,0.07021794205574605,0.07688201029931913,0.13167266704995592,0.15096675010769456,0.4415223305162562,240305
track_08221,Rock,143.2612868526037,0.6996124916494193,0.9857811225832762,-9.560635650950037,0.05599121751218286,0.31876075997882247,0.07921071856038849,0.16217878448092346,0.576881273683407,197545
track_08222,Reggae,96.30345540730917,0.67205707760233,0.667234204179522,-11.587384815277762,0.09977149509141964,0.5648596807622551,0.18800853917878302,0.24890951923439697,0.6685654986726811,265199
track_08223,Classical,70.15031463712833,0.2408745317915926,0.3238192235881846,-23.8557867034573,0.025395541843261045,0.9428664032052193,0.9922466106401391,0.3356574799858082,0.5057258048524933,497666
track_08224,EDM,127.87001296174184,0.9222600148128187,0.9216666356151995,-0.7274001853426917,0.03797338153879548,0.16075672935915036,0.053517070404483724,0.2486441070429628,0.5618185850431727,248152
track_08225,Reggae,88.80086634142005,0.7475787501509916,0.6272073439100951,-11.953707090577788,0.06614672616871001,0.6186656741495604,0.017479780576569872,0.10044239150835049,0.6358286421623712,186247
track_08226,Reggae,91.06011952115854,0.6257384850602435,0.5819422919113831,-7.02704162589594,0.08243723512470036,0.39347497990674507,0.1267210717068412,0.2374946528486104,0.5216052605514777,187807
track_08227,Rock,135.6363863252114,0.7084395959865322,0.8383438720986872,-3.501564130277309,0.1041751620252322,0.2746209711946335,0.15020917172665535,0.2133216909591513,0.4592234780572587,204782
track_08228,Rock,150.71739368452273,0.6464511856418124,0.7434345219001568,-7.071227046184296,0.06150161057908981,0.10247914325245816,0.1571757118291023,0.2692181662864289,0.5223759114598847,185138
track_08229,Hip-Hop,83.55281435221221,0.8278308666005353,0.6963551759160092,-5.981801795589755,0.5428709944202618,0.2670583674168327,0.09698308722913751,0.2029476806493999,0.5984545402112436,187458
track_08230,Metal,156.49292182675833,0.5613153276592313,0.8061823378247143,-1.4437857985215237,0.04132737033871643,0.0621008437644861,0.07281075189304041,0.2827522735320973,0.35279908183407915,341416
track_08231,Jazz,123.29936245007124,0.4314204327017327,0.45667461943305365,-6.283089275744221,0.09316537750109827,0.97422899816263,0.9706314782839169,0.29441091652436957,0.38320448475317664,414221
track_08232,Blues,90.58470399181374,0.7692694908060467,0.5638912574490952,-10.843158691001381,0.08795604091048728,0.5869401551286388,0.1126398720767224,0.1916013880419153,0.7625840822713957,223664
track_08233,Rock,127.74566075500925,0.5190104741721029,0.9131709311750793,-5.96731621897755,0.05551254206928463,0.380428176899669,0.1656057655722605,0.27155761247721805,0.5195042058319241,269222
track_08234,Rock,147.52983435583965,0.6592808028118109,0.9855770775269274,-8.551200667806537,0.11048024393712193,0.2424603539765925,0.20386386918002894,0.27944419830721573,0.7025245939831245,185190
track_08235,Classical,73.52964757992532,0.25067286368919983,0.1414916990509002,-16.621690731557837,0.021830398036592504,0.9967249883128346,0.9531695046951989,0.3516239916973706,0.2961340466532647,599886
track_08236,Pop,113.48677720615036,0.7727284525176302,0.8220355414938141,-3.546629538911886,0.10502367484533975,0.42588832195698356,0.02538565440071752,0.27367619758812456,0.6868279464145678,231078
track_08237,Rock,139.04464999564703,0.6802353225124507,0.8879495178498213,-9.424134805451242,0.07247806767936826,0.2076379052469019,0.215017476524308,0.30316884437463026,0.7955692209663134,212384
track_08238,Pop,124.39914840877714,0.6506878231973785,0.8094163137408704,-5.33235406998331,0.07368559606626993,0.3039970184739941,0.0040295201963141515,0.121196634560458,0.8037409343387578,225970
track_08239,Hip-Hop,80.69883115014704,0.7934314728190608,0.7437128832444586,-5.516107956965131,0.4158713616011285,0.1979840575932198,0.0272112645635618,0.28852681829256077,0.623390589845536,278584
track_08240,Jazz,94.46602972385975,0.6915719120681183,0.36864159897666243,-11.94984817463392,0.05973512419897366,0.5387375175333379,0.9858737778152205,0.31227888615135396,0.5579277394402598,279154
track_08241,Reggae,84.07434561218453,0.727734671212146,0.5598493644182632,-7.537727650989332,0.09521501520542429,0.6747767807702316,0.11729587016511814,0.27591957612723805,0.6161926964567357,290793
track_08242,Rock,154.72506143241955,0.5202215902525973,0.9768098615925123,-9.235661697146455,0.12438087037057668,0.3147244422314701,0.013512588362248978,0.3163806008832768,0.7877240638308334,226433
track_08243,EDM,129.45589454519035,0.7136612357963037,0.9147564291297826,-3.758942843775027,0.030541068451703412,0.05347133487670819,0.2321947664645008,0.1804745540534756,0.6063411490987883,267664
track_08244,Pop,119.86356228165481,0.750697351046551,0.8466238852999411,-6.683824233602506,0.07579343607448569,0.49514489952241714,0.0023941337612663595,0.22852701374878345,0.5406582711335816,257876
track_08245,Classical,70.5041394201975,0.28337607966550665,0.3700901437856613,-24.580451763137873,0.05011674626473333,0.8191868002364122,0.9274194417790668,0.4975946223231876,0.43403971319905865,481865
track_08246,Blues,88.03935217883078,0.6033094184783281,0.791407031489302,-9.52259980315005,0.044975001841572076,0.33582787233000366,0.06878235355413001,0.19473623428245407,0.5255818801801265,226529
track_08247,Classical,75.51042063588744,0.2416176350461993,0.32124994110344207,-10.981016802996095,0.0625915772412627,0.8321143061287756,0.9937312011918176,0.23393230595961587,0.277043238192856,393197
track_08248,Rock,136.29395539753406,0.5525301879831137,0.705496398893096,-6.785907721501937,0.11255619683179566,0.22636817059515354,0.0704325362917391,0.36487113497378043,0.5553203186242199,244076
track_08249,Metal,158.51131291030416,0.5150617915470372,0.8346072018600204,-1.1549405261691712,0.034585738255290724,0.19065323319730446,0.0033382828553913503,0.1966906621298084,0.38644784033196466,306141
track_08250,Reggae,81.5691345740436,0.7711064470938782,0.7707698113938377,-8.558064734683722,0.04634816337368319,0.3988629690756924,0.10618293142158666,0.17779414804483767,0.5983012651169411,210182
track_08251,Jazz,154.96815904914487,0.40422495012333354,0.4509890057692534,-15.699741798116879,0.08536359177244385,0.6741028766603557,0.8069786437252398,0.396270118148052,0.5642661900927757,293703
track_08252,EDM,131.02581879484617,0.8089078069217586,0.8673802340892737,-4.706953374388679,0.03338953728314197,0.15441756547853364,0.21733619563663317,0.15722625162605186,0.5519506323209356,249387
track_08253,Metal,165.56436382183026,0.42675921014726953,0.9443746308132193,-5.628861076147073,0.03322655326009698,0.1898015375581199,0.05066091763512948,0.28247899683138666,0.32628699712091297,218947
track_08254,Classical,70.52820352692741,0.22976700509515177,0.21467748300138043,-11.393383734165631,0.04050652301642834,0.809003334975519,0.9946786560509095,0.4497155927930657,0.5917390758447387,302437
track_08255,Pop,121.35248578050762,0.6011871419218108,0.7642578732790648,-4.443262447504563,0.07404241594529973,0.2893724442765264,0.0066427704482289575,0.1160022962923783,0.8242063013547571,203124
track_08256,Pop,119.3116537690565,0.8631477472862058,0.82679311002949,-6.108138391222798,0.06621415056457904,0.17666442034297122,0.044097654784721975,0.1462445045040988,0.712335618721007,236728
track_08257,Metal,152.4106290270556,0.4061496138563577,0.826330522954004,-5.392133668785669,0.07945620938247705,0.036971508318104876,0.14758075781696064,0.2563615952427516,0.44741837979000393,328457
track_08258,Pop,117.29171035665088,0.654887510972569,0.6248005892188632,-6.394923069710254,0.09287655634433417,0.28911201830962363,0.016609513073574916,0.27659035158676143,0.6874230790049078,223090
track_08259,Classical,67.1814040805357,0.2532356487886267,0.38656003455163357,-25.33156436646525,0.03858170708511689,0.9610974303417524,0.9728591392660789,0.2370619938376316,0.5642094142780547,475163
track_08260,Metal,155.15284569623182,0.43092796005610223,0.9095046008395489,-2.9424911414008426,0.040991283538715104,0.1455686791130412,0.005405814245895791,0.2500880466598716,0.3848902802396229,204675
track_08261,Classical,67.39162515860326,0.12365781727605261,0.178649174283219,-13.772434017311717,0.03395623723791683,0.9275943809582445,0.9230331463523097,0.3848505725345245,0.4976767957760406,385261
track_08262,EDM,123.90984284469496,0.9439011351163713,0.991669683029748,-3.3982615406676735,0.03956459309981575,0.030922937566197285,0.20614372512421927,0.25105833435225194,0.6681609241999561,229641
track_08263,Reggae,92.87032213349295,0.6142308034649548,0.5497377740816044,-9.546281508906661,0.053665809544225535,0.42444515927813015,0.19368297391617595,0.2603256673654595,0.5209975679498671,249519
track_08264,Blues,96.56082123088257,0.7750882030216392,0.6692346298385302,-6.840162302586927,0.06627422443687367,0.5361199377168692,0.1235348361742612,0.1707777168182665,0.7882616519894396,195428
track_08265,EDM,131.92815717820332,0.9453371279224086,0.8406403623100573,-3.38901988861177,0.03983721916221272,0.19819086351017562,0.19633914316709872,0.162114996956425,0.6481367592943875,207972
track_08266,EDM,130.7243160650749,0.8096538630856343,0.8347129436474838,-0.7175676742124821,0.06089564680064682,0.18272513407341864,0.15765545629024158,0.2343955041450479,0.8015917850886312,289595
track_08267,Pop,103.48358197123174,0.6540842583731558,0.640574539960093,-4.401961702372814,0.052508898854654484,0.3258931468048417,0.03762604418968248,0.13128182552339834,0.8571724046647009,220498
track_08268,Rock,136.99043841874916,0.6982059806943819,0.7395194020240704,-8.26326247571243,0.08950017711943191,0.3606362281498444,0.12761865857099558,0.14254247758521751,0.5601261420944961,191431
track_08269,Country,93.40983387545307,0.7040673673443201,0.5439513696165417,-7.2867162002585255,0.031161882051148858,0.4372585766412384,0.0863945337197353,0.2962596889237697,0.5750449105336892,186667
track_08270,Pop,120.1189812136728,0.6852119530048482,0.6538046695589161,-7.842923196545932,0.06981699611830636,0.23453153372512192,0.04325492858125566,0.10272940235264832,0.6055728793107285,259421
track_08271,Rock,120.53758943977141,0.715242420888354,0.920938854729214,-7.34568172420028,0.09787023434735223,0.34653116259057337,0.056752338313916934,0.10614187178190813,0.6158786040557795,285452
track_08272,Classical,70.88380516226246,0.2513436355813935,0.2794175153886772,-12.251670152978175,0.040007694356811674,0.8266240865630078,0.9136868321531897,0.25646983708025894,0.5234887359827401,530610
track_08273,Country,86.61765713567655,0.6144898052842718,0.6536903274177241,-6.745181973902614,0.03335067993916269,0.5250597333539953,0.07760596439500829,0.2799779566438989,0.5916235653846466,293627
track_08274,Pop,128.3611173895159,0.8492602795842765,0.7805768814755558,-3.4259983512650685,0.052384995231885334,0.4284975334089286,0.0012011529355663909,0.2330939805770766,0.7599677556390794,250308
track_08275,Country,111.0971504895069,0.6405591981141259,0.6388465099204057,-4.643445461811012,0.03538214953058224,0.5767540494356155,0.16655142203123813,0.2287079624226808,0.6774615941576413,267014
track_08276,Country,101.90849689890115,0.5413944585384131,0.5535090435332569,-4.988984776555,0.07438594090144035,0.6084009398814482,0.028289162001142443,0.2595063428275942,0.5332991274887956,273836
track_08277,Hip-Hop,81.21650324663813,0.9175079175973071,0.7281204927611062,-5.037059574197909,0.33788103844925405,0.1510695177668472,0.023980028297552948,0.2525961645624847,0.785617830127946,152738
track_08278,Reggae,97.63381411087055,0.6987624248937996,0.5136182004188621,-8.01503185636568,0.09409833561280509,0.6468675497601717,0.048763018048791795,0.1280227630437922,0.7373193426744393,221492
track_08279,Hip-Hop,84.5766843089778,0.8851774589205375,0.8270413873149641,-5.745484965506261,0.32008948908579016,0.16105936786560013,0.07325498495609653,0.16635856807980504,0.8154673816611908,258566
track_08280,Rock,138.48107239750837,0.7300034042497101,0.935076218393966,-5.811412960770335,0.047833146969329235,0.2428639691771492,0.053369809365751496,0.3643820371200507,0.678915448831408,199348
track_08281,Jazz,139.48997947340337,0.5021639780100738,0.42199976935802336,-8.586065625121934,0.09557614206139908,0.7889793609832844,0.9797305322753076,0.25274381306862864,0.41602742735595744,378083
track_08282,Metal,181.78686806292004,0.4743703632724857,0.8517341686642598,-5.174888376466414,0.05527620301054777,0.0743997651355484,0.005481946941147054,0.28993555456186415,0.3118669849156522,187400
track_08283,Blues,94.05724100168139,0.7338164241152465,0.7154165888407187,-5.349239072888811,0.047186219053149785,0.5311424576751843,0.0514208557600135,0.17885335708815733,0.5972752653244742,212051
track_08284,Jazz,105.93922575127357,0.6063464588217958,0.3052437800874327,-17.921773411839983,0.0780729293278407,0.5751341370418412,0.7459650218298068,0.2702009417246516,0.4541043249039746,240410
track_08285,Metal,168.23105253025997,0.4100232689185876,0.9596247625554166,-4.576141848923955,0.07928467274181614,0.07954644801583721,0.13376330638583842,0.1644892002195267,0.4352492546043524,196263
track_08286,Rock,147.3965556955542,0.5751581169982068,0.9698663890136606,-5.346379369332615,0.04070627017356683,0.20510291071130143,0.1950763573945203,0.3149544697062009,0.5988115861636983,243195
track_08287,Rock,133.9313944060624,0.7376270033791377,0.9267478336727347,-7.986183732475961,0.03728919821038805,0.12679666920427857,0.12798905861543372,0.15509266619681006,0.5745970695090931,231654
track_08288,Classical,72.46660854201751,0.18490065402242445,0.30040961705753066,-19.557399350660656,0.0758963494292573,0.8975291089480295,0.925613195082318,0.3448199196092653,0.5667029900599746,330299
track_08289,Blues,90.67976825099424,0.677519856237345,0.694932208315072,-10.310535867206601,0.059337594690269294,0.5066300645496855,0.023656280181934133,0.14210109237190763,0.7404023954221123,225050
track_08290,Reggae,84.21879059286542,0.7501989438675869,0.7621449022082873,-10.292224820001907,0.07125891394365985,0.6542399160135226,0.17612456862902448,0.18255635267753928,0.6521499746992417,230699
track_08291,Country,98.13607163424803,0.5900434053927353,0.6442224877885359,-5.500561670516394,0.05581720473915192,0.5257962242585907,0.17863763697291946,0.24653570497789512,0.7069947751479522,193740
track_08292,Hip-Hop,93.72166304371744,0.9407969834325887,0.646029470630366,-2.778901459678959,0.5717629933763284,0.08704100340098231,0.06481703617001726,0.16116928355404492,0.5437213529344065,209198
track_08293,Hip-Hop,83.39160657490694,0.8391168956611145,0.8546661793538299,-7.357518392512727,0.3196051457919058,0.19687345865136308,0.06038108398296545,0.13718468502121006,0.7087595201907017,155808
track_08294,Rock,160.62179567486967,0.678925209637819,0.7212084001207122,-9.158427514783057,0.030692234609133416,0.16535293103556825,0.03920386609789637,0.18809915455537168,0.48164510349392875,255638
track_08295,Hip-Hop,85.99272516743673,0.7592867700047594,0.6418742569601752,-7.996743786509,0.35268849623376153,0.08076344498217077,0.0269779438991715,0.233416386847732,0.5600957107528997,287887
track_08296,Rock,146.7853096186637,0.624109219770673,0.8128503350790476,-4.0322258302019405,0.07604781542082999,0.28042860706368034,0.14004584285638422,0.2777206743392046,0.47831374067939236,245004
track_08297,Country,121.76838018357687,0.6839956720506821,0.48559416905388186,-5.756433133206381,0.07575755863794717,0.5329193216574373,0.06815185772521806,0.29473187801065504,0.7958955836226416,212230
track_08298,Rock,142.4233910308887,0.6581530132535733,0.9383969428052058,-4.3253866601386965,0.05856287557928466,0.31329911827706597,0.14388015779838595,0.2861131419973817,0.4518650156058629,276832
track_08299,Classical,60.48297413421706,0.10490197548486846,0.3789405445760696,-15.210553508233613,0.021242833515030906,0.9375533940115924,0.9129704727821396,0.4171973495490603,0.4020718085283707,485194
track_08300,Reggae,87.83429800767476,0.6864709552208103,0.7246840079270331,-11.71082897827483,0.0961333264502357,0.5249839484142291,0.06284362049763385,0.12537858267133703,0.6922457357310469,251030
track_08301,EDM,122.1496625597426,0.9282877720620982,0.8514723730858526,-1.3891568413775017,0.05352516107112982,0.03436831385728576,0.08048880302188739,0.15679112974785864,0.5716780421052177,187106
track_08302,Pop,100.00771320614393,0.7230951040534176,0.7854523281264534,-7.564661579698371,0.06154488621510898,0.2803071496193801,0.0019252848670290757,0.1779513476701002,0.8007864232246101,222553
track_08303,Reggae,94.40847493386954,0.6681058992622613,0.613249060931033,-11.48061174742091,0.07610143565818424,0.5487601374828313,0.08616981136772861,0.2521141763586051,0.7630597769066152,265712
track_08304,Reggae,86.32415717125897,0.6735198550586506,0.7927706664853331,-5.077631617520524,0.07528167038622098,0.4209922450042967,0.17061159736151676,0.11064974442063757,0.6321992774758183,267539
track_08305,Jazz,103.12163009190004,0.6659279619853191,0.558547322124572,-9.46312062542322,0.06086746626993661,0.6775465186531524,0.710800183596402,0.2232944379372429,0.5055190703027028,287709
track_08306,Blues,89.27715065360026,0.6406336413312259,0.5196277221691727,-9.950796443105911,0.059020457188493,0.6970069030658039,0.11269087484580989,0.2980015560252891,0.7317326085031974,260980
track_08307,Blues,94.7555378661537,0.73754370718655,0.5174727218996041,-6.577778225240436,0.07979456546427802,0.6801985993228908,0.182001784467676,0.29504550657399353,0.6364657521758562,288730
track_08308,Metal,155.24115015748734,0.5115250489754363,0.8401637658508412,-1.93729317974553,0.045821784009767746,0.18090249895888008,0.1477310314981365,0.14200202905342463,0.5654036354741085,220524
track_08309,Pop,125.81806593511243,0.6770993250522893,0.6726963710882377,-7.0982034843869535,0.09998468682727775,0.168014379338093,0.044883636324702186,0.15756703631622168,0.7074489306731444,259950
track_08310,Country,90.90846293236282,0.675588149720289,0.4702112505176555,-4.9681640022711795,0.08165266637234023,0.5027842325845556,0.024057620523293723,0.20095299734190838,0.7941576408159423,280716
track_08311,EDM,126.36154821122155,0.9252711880638834,0.8247826940959995,-0.20641797677876195,0.03026852896710761,0.15365445453131943,0.055839769258521556,0.11291645367209197,0.6997136149407475,206106
track_08312,EDM,136.0997689153833,0.7260666099725276,0.9937486925639639,-0.22090781363655854,0.0627805242551527,0.19609249638916265,0.08225043328647746,0.26511256063891386,0.7008918553161951,294957
track_08313,Blues,94.88169364560748,0.7952872249770626,0.6342639997734343,-9.79717850224636,0.08744501438100039,0.5818936773845413,0.004367803873567433,0.1970284275780729,0.7769554731029008,250341
track_08314,Reggae,79.81815323321146,0.75264066251137,0.5801564071055237,-6.175216286615991,0.05285918383110615,0.5009266889192235,0.1390437191608175,0.29916615073725394,0.5812969548492999,268167
track_08315,Classical,65.63900116972991,0.25786996463156564,0.13060711820711995,-14.062961795101433,0.05469698847339227,0.8921107212699136,0.9870592924324747,0.31960639835254206,0.30938967292187536,499073
track_08316,Metal,154.10531521236229,0.4664727275619591,0.8265981884641047,-1.7475315486893672,0.054147230153607256,0.12809533793639644,0.13385634586130327,0.1548501753288271,0.5384948314140883,275153
track_08317,Rock,135.75036755620806,0.7376950051506588,0.7511523889327751,-9.169185077322725,0.1345102316724325,0.343416424834068,0.04906315609033563,0.26757032964947214,0.6174865772957254,214964
track_08318,Metal,140.62648858726277,0.3145819641557503,0.8707534835698121,-3.3346431111213137,0.05420330055503694,0.1284953586237027,0.027787455176587407,0.18052284748135414,0.4900790005597043,242563
track_08319,Jazz,121.93900037490279,0.524388121690051,0.3819354039824525,-19.39125117148128,0.08556121929841862,0.8622621755163593,0.8697900528575961,0.4921793855802989,0.6468582904208393,357741
track_08320,Metal,142.78832671186944,0.4788291199219745,0.8929557138080066,-5.88916133204287,0.04395585108599908,0.00763848544120227,0.15340815551125475,0.2902049639397095,0.4500510294643921,333613
track_08321,Reggae,96.28327577278804,0.725239558604887,0.7817734704373165,-9.253424974123496,0.07330494453031405,0.682561468398326,0.17992800656504293,0.10616054845876798,0.6056419770570592,230307
track_08322,Country,108.02408862091525,0.6579236369596365,0.6473164771415012,-7.8850570245634275,0.08767575998650456,0.5504706325586068,0.1572311125585766,0.1453872388108521,0.729508472504419,214764
track_08323,Reggae,88.39033154073842,0.6851263094082162,0.5093132588830108,-6.94609487088066,0.08673580635426253,0.568461053054455,0.10534670481227909,0.1272070900383499,0.7962341129235326,269264
track_08324,Blues,91.16142537275738,0.797751152274896,0.6582280585387102,-9.876427677749163,0.07509673119515294,0.5165749372302324,0.021031817804513155,0.14285832735238174,0.7008206114334907,183618
track_08325,Country,107.25127271802285,0.5792491112738264,0.426011694738585,-7.613772371209506,0.047801474852945294,0.6874965444326085,0.04016457385767796,0.2399785334584827,0.7767022393633622,231987
track_08326,Hip-Hop,87.08390878793351,0.814376152057935,0.8007448708849906,-4.514035531218642,0.5138191518182564,0.11455125897113028,0.07520005739678362,0.10313335475029595,0.5751869623793426,228865
track_08327,Country,95.63035264159672,0.6303366737752362,0.4340643268664476,-7.893565017904844,0.05522993221039789,0.6900559410987948,0.1662037720235557,0.11155913788208659,0.5856952194902828,247835
track_08328,Metal,167.9587688073475,0.395670782024744,0.8026230414824896,-2.0894585905252456,0.036919305065505906,0.040545184993661824,0.1312161144656533,0.2260867786256154,0.5478440509403294,180909
track_08329,Metal,145.55980267488235,0.4102912783610867,0.8072805480345314,-4.631959703043653,0.030818967272865577,0.08481516055859493,0.10394464976094929,0.19906613629754444,0.40221330502329095,338398
track_08330,Metal,165.1310059138166,0.5644072684370213,0.9793830020277636,-2.97212800446041,0.06656444747475007,0.09249058212999928,0.053866534582602245,0.22724981697391297,0.5445390898072279,209221
track_08331,Hip-Hop,79.06250268183683,0.7682691092022044,0.8515848549290379,-2.393151232094703,0.33854600244225197,0.20835373191765594,0.003490435514459156,0.27499080833742917,0.8427307208249007,174313
track_08332,Blues,87.13869681799292,0.7667603564625699,0.5497105433144036,-9.71270199096833,0.08748611535782724,0.4736941252381295,0.09688858125388465,0.2238572112211784,0.7181628894015326,250743
track_08333,Rock,142.13682919333473,0.5411918601264182,0.8964279644926448,-6.8361349067163655,0.12731230304213087,0.18868123590268138,0.25095808324250646,0.17567799203021794,0.6297370346349963,208031
track_08334,Pop,111.70359059844628,0.7057729490805361,0.6029444534473127,-6.010757638611517,0.058285237324765385,0.19006295057113476,0.03441500460649027,0.21425771661371562,0.710831887178369,224661
track_08335,Blues,78.56177341370918,0.692640410190192,0.76374569228373,-10.70384976173769,0.09464189719608551,0.6429949950849885,0.18035756667933045,0.2282722986155161,0.7591805905231404,218603
track_08336,Metal,170.50891445579708,0.44854106486905,0.9225342793193585,-4.351640853893279,0.06556086842334496,0.06055552578375587,0.16773157354246754,0.2924198975401465,0.30410369781139107,351176
track_08337,Blues,101.78856930135895,0.7821164376636028,0.6891491311313545,-5.949926895116211,0.07134080605794363,0.5758537893181919,0.1847026688218755,0.2354943014850203,0.6447979918969577,233592
track_08338,Jazz,122.89212161369232,0.47580797395920615,0.352653902359419,-19.879890482482747,0.04495741400768778,0.6927009340181043,0.759472145968628,0.21136508233259726,0.3901470992126338,245510
track_08339,EDM,124.58925138708146,0.9341223504378862,0.8318072207730307,-4.553293862479687,0.03651749800383301,0.028104152151200282,0.18951193124541432,0.1312515043212789,0.7537311978366578,255121
track_08340,EDM,130.29445330675506,0.8065256805129439,0.9111587031144672,-2.224214069011334,0.05230932768123882,0.03382148489881647,0.16645896656340728,0.1691496476246849,0.7268348599303122,243924
track_08341,Pop,116.8868959436856,0.7888936749198994,0.8022556992117587,-4.858595093118898,0.10895162006631579,0.474221367013275,0.03766603953147682,0.29293741142751617,0.6792920005803695,191631
track_08342,Pop,117.14854684345899,0.7480194126655859,0.7776865479189273,-3.9436704170667856,0.08903297164453051,0.11154769606717406,0.04990739017762588,0.22795746361192804,0.8326313400634249,249034
track_08343,Rock,132.37175150191717,0.5836812641985506,0.9101007519343061,-7.3782745315558955,0.04049722292828176,0.2208979073325995,0.1539428318899395,0.1750683718372334,0.4683563984537318,252050
track_08344,Jazz,119.10157148697446,0.40674575358890824,0.5110542743434019,-10.756059660658375,0.050331159078139995,0.931080718091143,0.7857011926481816,0.3607032549097601,0.6244088889191202,369903
track_08345,Reggae,88.85331307508932,0.6550441653639935,0.7841814256841781,-11.426069774697456,0.06091069983401134,0.3709454428382088,0.1982391818624939,0.20920391401029856,0.743666321139477,269283
track_08346,Blues,95.42345075920024,0.7436161716348448,0.6837041168353065,-8.600657908274156,0.0971386831254046,0.4865412114012646,0.06661903698779995,0.2029830177946096,0.7402798999461722,265276
track_08347,Country,85.4755987684267,0.7111905320556549,0.5261122154947033,-6.183178390825708,0.08904969211621958,0.4927609034306673,0.1155810016574289,0.11122407000859616,0.5703630035342575,279111
track_08348,Country,100.98278093087843,0.5663662508953189,0.4315793281525097,-7.532243709564838,0.08555875594377192,0.4323549906557287,0.019848065275888983,0.1489467628688339,0.7078077793399264,206665
track_08349,Reggae,84.21899525679913,0.7435913310632666,0.6053892135587973,-10.257843727116365,0.07377450807300054,0.548154379408198,0.15536050361862103,0.10818597076116038,0.5523466247300075,299797
track_08350,EDM,123.72993939786511,0.7103366403502792,0.8686522644848744,-4.835432229618501,0.05027117683273096,0.1508198490404602,0.2871758618008985,0.2686778390261634,0.6084610265276755,282765
track_08351,Reggae,97.62097748538694,0.691376053061437,0.6242779261098629,-11.075213201891225,0.09406077533316642,0.5940799420946056,0.08338216410685546,0.1194029443364737,0.7538253323273363,247493
track_08352,Blues,92.04008126153698,0.7453203807374547,0.6177509121737068,-8.110743559771148,0.08923860084426935,0.5109991914850216,0.08747418524721895,0.12643022419863678,0.6678147771179739,235189
track_08353,Jazz,105.68187869244623,0.4784513805495199,0.4305300565358883,-19.356186189890618,0.0861040887034305,0.5393773128085375,0.9211056134254084,0.2803886814353864,0.4839721872095356,278962
track_08354,Metal,167.0067064850906,0.37597845296630483,0.8511425584009056,-1.2547506507363089,0.045273582756237676,0.03661844004053303,0.05009845589079916,0.23904031564022526,0.3926633875196137,334245
track_08355,Hip-Hop,75.35276873182825,0.8908543619754019,0.6906611848938569,-2.855299467333815,0.3832097512095606,0.2194643409119297,0.00558600516235085,0.2401954723809118,0.605052163607434,256307
track_08356,Metal,145.4461308552373,0.5282005432848355,0.9094939413226468,-4.233695023990138,0.06471920816043614,0.13267001087950295,0.12855230423741848,0.2007349149311167,0.3778168760823266,208593
track_08357,Hip-Hop,88.20459958236661,0.7609693793948242,0.7498068227775609,-2.4124548836172792,0.4710625371532523,0.017047974103557916,0.003700466076376452,0.27427666617930835,0.5867888214976177,224585
track_08358,Country,128.79623969641796,0.5864337305422226,0.4858033943607407,-8.04397358210525,0.09388119226854474,0.42096681402131025,0.05667734516678933,0.24753608545442146,0.5716253850862245,240345
track_08359,Pop,96.76685233410662,0.8871926643829002,0.671199731375857,-5.805600906098503,0.06285417344376633,0.44876607824111414,0.0033840853314029643,0.10311275276635008,0.5607120061598616,207644
track_08360,Blues,101.98870969934568,0.6323384298691948,0.6119136818016975,-5.658197032062708,0.0487831535812978,0.3445443035883438,0.14704260327351443,0.19418304547535925,0.585236424096214,268643
track_08361,Metal,155.83395614753528,0.35136353427038547,0.9841660588136084,-1.1069545536836412,0.05461441619441955,0.17970096725174478,0.0956717275029823,0.13183510602924037,0.32563458869002104,188081
track_08362,Reggae,89.82621592786364,0.7875851869424485,0.6229247279831825,-11.111814642892236,0.09081192269900856,0.4372181840813283,0.09744759419958243,0.29864026867582516,0.7034051160521475,270493
track_08363,Jazz,108.07473951698879,0.55391638121099,0.4655235698775786,-16.50765501661729,0.06003367111920832,0.6493107687210627,0.828210823927491,0.4394714880114949,0.4330305440036819,273054
track_08364,Jazz,114.7762953545297,0.4746784787127801,0.4674337076990964,-18.845318435568448,0.045254216740451644,0.5344643656657113,0.7629663031609347,0.3367045447967424,0.665943623131108,353760
track_08365,EDM,125.50329614793765,0.8892500373447787,0.9282620139047264,-1.410009371490852,0.03383156398211165,0.06575400248286123,0.13782315824155286,0.22051851953847396,0.8211084771887088,217727
track_08366,Jazz,117.73214775322491,0.4413354003776692,0.47842902088532785,-16.361530482598873,0.04397426946455398,0.9589162907453165,0.7151729568707166,0.4526149903084637,0.5877237688097895,338684
track_08367,Jazz,129.85180925864447,0.6711158762736852,0.5545735875528748,-12.354620803273733,0.07534981525163886,0.9183104288538251,0.97865626357703,0.48170255494024633,0.5759114321374876,374450
track_08368,Pop,108.35375361270297,0.6080190658114575,0.7026356392842226,-5.1217524568186805,0.07836875220800314,0.385791489094115,0.011079179782545807,0.15252223915418509,0.7028553907504816,230981
track_08369,Reggae,93.09364713357147,0.6411124296251997,0.570100987622765,-8.510361010303978,0.06925980189089995,0.5584692162295455,0.03364064145622232,0.15254279984775265,0.6872444004790697,278210
track_08370,Country,87.38408441269641,0.5721579918811563,0.6102794204178449,-7.806998799514982,0.031102698129456922,0.4474054240096395,0.15549652327138347,0.14334785800224442,0.5690463220908529,218931
track_08371,Jazz,86.8549368132873,0.4883264513803115,0.35937559392649404,-11.763367307432077,0.08627936522262478,0.9685196864466658,0.7903303004445119,0.41096981672277316,0.6152761269627494,258274
track_08372,Country,89.04869720801742,0.7302736814150925,0.4068937470284281,-4.5971157667024976,0.09247514900101902,0.4410994688631924,0.08788458580153793,0.20317219585989427,0.6205921960783751,257739
track_08373,Pop,132.62256919704242,0.8328564865790318,0.6826353049328324,-6.40859368173755,0.05019050090543114,0.1939765511827611,0.03406636620255016,0.18855383025690986,0.7522863161083524,180823
track_08374,Jazz,108.25345223073795,0.4733816341990678,0.5118293722514997,-17.652491978812495,0.05736916100585954,0.6032014573064375,0.7075918724177078,0.47362420452460563,0.3302292368240061,400076
track_08375,Blues,97.01534989985862,0.7186665315424877,0.6132206995624964,-8.535148624366688,0.04849745475663908,0.42424356609005603,0.004466091300875031,0.18124581700417916,0.5273713018273815,200116
track_08376,EDM,129.78279549031873,0.8075222788612229,0.8305884864042331,-1.9773402732822056,0.04382394209715179,0.09040068643088534,0.049207446289876645,0.19467193675489897,0.7945113196285949,272340
track_08377,Metal,163.02018928033198,0.4304214986775182,0.8083382450905294,-3.3528958208948954,0.06956946797108873,0.00888715495712522,0.08066531412602883,0.19637335349859375,0.5998649845701036,281676
track_08378,Blues,87.36046278932292,0.7602322709845848,0.5267369839830457,-9.220785284429658,0.06106676979662625,0.3626792643832084,0.021486095162860666,0.15787344279172297,0.7059202718187934,284620
track_08379,Classical,77.10959613784624,0.18898503418119839,0.2980680433485444,-15.858482826605586,0.022193610487351238,0.8644164496080843,0.9997045469938753,0.20210205362707556,0.38806922763732055,491244
track_08380,Rock,139.93786837270613,0.7505838668832423,0.7061414092703812,-9.568611127117586,0.13890668652713084,0.3116908934600565,0.1928116576320891,0.25534861693553496,0.7120260803647995,221219
track_08381,Jazz,134.4938096083274,0.5978830378107819,0.41358124189180107,-19.167715383864916,0.058684191917377566,0.9156435577395954,0.7285453343682282,0.3716530591961479,0.504736052641467,333908
track_08382,Country,96.71931629147059,0.5452347210403565,0.4916566515380791,-4.905010111155174,0.08654440520796852,0.6554527700729711,0.008507343971054371,0.29799852181128916,0.6671636583351009,296687
track_08383,Rock,136.98283169079664,0.7213673127729867,0.7139195661620501,-5.37283432761055,0.09857508644840364,0.14419052971521776,0.04063414798875936,0.13979807223202267,0.5038073504466078,200209
track_08384,Hip-Hop,83.51962234598467,0.8071879550942919,0.8463726654501446,-7.915154488159541,0.31047829731277427,0.09464505940246168,0.020416342429172864,0.2290394807047722,0.7341269784237852,216424
track_08385,Jazz,100.2709214948741,0.45870217873914515,0.39200830423528665,-8.573703641640066,0.0793932114065358,0.6096269318748663,0.9579494787344895,0.49440034317956677,0.6028841500342017,377935
track_08386,Classical,78.52974513073741,0.2146376663856858,0.2493522262670661,-20.949829472159774,0.03402776654903486,0.8381498042151105,0.9303732394283163,0.37776249916102167,0.43235061873333236,349609
track_08387,Pop,125.60069960171694,0.6085837002077913,0.6506862265268861,-4.3486568319949885,0.09535938688266524,0.49466097640194495,0.01953092388890182,0.1266560767329336,0.7658849851014786,250485
track_08388,EDM,124.56174914679721,0.8841596609293567,0.9642365732310996,-3.459156212509591,0.04368954070317947,0.16357058804924557,0.2518254046179055,0.23746829885988868,0.7733816309416346,260173
track_08389,Classical,77.52607286111427,0.10057321320733562,0.31992247148356406,-13.951038422613188,0.02730480377922107,0.8805246884850735,0.9145072928806292,0.4846413763631743,0.5303953239866446,527987
track_08390,Country,82.72364326126373,0.5920518747910541,0.6321991878937746,-8.226621117412801,0.05735340529890763,0.5138633306115714,0.18239504832813272,0.10068036630097521,0.5421145371719728,230485
track_08391,Pop,126.377734319695,0.8958797212112655,0.6021238325850821,-5.266071634148206,0.09591905845640217,0.2485446436242258,0.005498651597918381,0.2242240395617065,0.5188004665918089,210090
track_08392,Metal,148.28537058774538,0.38812072603866254,0.9452197148058942,-1.1313349665496846,0.033628621624276565,0.16305603304388894,0.11869046224326237,0.17613419498829985,0.5369168117416326,216414
track_08393,Pop,126.41081971477992,0.7929480257430027,0.6908464698736073,-7.681872687293509,0.11461028146955238,0.22688601116814328,0.03978184965377637,0.17033501596075817,0.6978977190486406,240716
track_08394,Jazz,135.49143565966477,0.49931635949311537,0.483225632450239,-9.846977559215047,0.040181518097372554,0.7155920995616973,0.9177895649561425,0.42193402950580117,0.4523133548175984,396932
track_08395,Rock,142.39192268159803,0.6635969545972104,0.8609926500368646,-3.1757988375778776,0.03251447207045426,0.1811429194518137,0.09504773056308587,0.13584767310460846,0.5428898377472888,264124
track_08396,Rock,144.1542581197885,0.5865626162859804,0.9886402847812039,-3.392110425655474,0.08590167475644123,0.1981674926061287,0.03833355530468406,0.24332618212769347,0.757604980601554,230433
track_08397,Country,109.45479431393154,0.6953447737090414,0.6425090532787363,-8.67039640541421,0.044702565105406926,0.5990025872323674,0.1302534385836449,0.13906202654680924,0.7158940330181144,273326
track_08398,Pop,111.86922130786404,0.6676976521763263,0.7346755630606374,-5.351309089736597,0.10720074239157601,0.26512751846968896,0.012511189974855414,0.26614921752492765,0.7598045117876562,206452
track_08399,Classical,62.02632444188863,0.10886957920458196,0.1201878151334452,-11.45078498256973,0.06596705278614126,0.9627967208331902,0.9478643974660269,0.3094937680630412,0.23678791467196178,424598
track_08400,Country,85.067238662097,0.6858396790501552,0.45877332482111743,-7.665035156739334,0.09491193752832439,0.65312519586962,0.15965878630921299,0.10788693246178405,0.549673566899955,226014
track_08401,EDM,130.41256527569624,0.8443674476620695,0.9522303483309515,-2.510852141331692,0.0494102941164903,0.06793051883061756,0.25414769733161013,0.15986403476327443,0.6005471172326282,195846
track_08402,Country,107.34164814614753,0.6619810623312303,0.6982250039267957,-9.636255583127125,0.04905258513141314,0.4387992012273299,0.07384625843290249,0.2670520752891537,0.7788342865137823,298279
track_08403,Country,99.33063350869084,0.700752471105576,0.5072973356334047,-9.717744571709405,0.09183836555119809,0.6124779289715246,0.007041187662317961,0.16489866237801973,0.6116972773585327,280719
track_08404,Metal,150.4525315039056,0.5735953131746918,0.9917483654170531,-1.2164641032313135,0.06997169672906045,0.05519372973406629,0.06495385354779466,0.18040034342812908,0.5355008031182471,246866
track_08405,Blues,93.77308931843073,0.7827838558597083,0.610622400618648,-7.766921430467147,0.09665024648642484,0.33450735001241616,0.15458745326934475,0.10980146161992599,0.6330953717181765,207813
track_08406,Jazz,115.7769543650032,0.5791230154396334,0.536494157125876,-10.849296129512933,0.04421448459075806,0.6205023090330671,0.7857593005680127,0.3088799623209551,0.30985019739729797,413925
track_08407,Metal,164.4680984937476,0.40455462303239664,0.9137426838102425,-4.858007278267501,0.05387507143872495,0.033307678957706054,0.1370509214278414,0.10908350293802321,0.4803257411287071,322288
track_08408,Rock,135.44117174680926,0.7090957944717353,0.9807206763650377,-4.531830472029774,0.12495142129412959,0.12377629155976569,0.22121603696003556,0.1096761862772969,0.7722658488080922,180125
track_08409,Rock,163.43526952389155,0.6670176270348981,0.8236502296442632,-3.0917115670652224,0.13640319418898167,0.28310546136312753,0.19432162296355698,0.3142745148075204,0.6414785998695101,187044
track_08410,Hip-Hop,90.99174077757286,0.8486849688300789,0.6539255909127236,-5.234141118121138,0.5695936451763356,0.03422388407528386,0.09755285280340081,0.1016449753429539,0.7491259589061813,212369
track_08411,Hip-Hop,93.80976305466301,0.898251414109833,0.8468408382896698,-7.51052284331093,0.49905178467925015,0.2161934920432584,0.02747537918673153,0.2950392795288831,0.7873258906255041,220858
track_08412,Classical,70.13423166873235,0.29514493449639106,0.22529981910452954,-15.002758911384404,0.06118207861034819,0.8062725952694799,0.9552790914815716,0.27827568258172813,0.41149986411861106,476743
track_08413,Rock,141.9682676871222,0.7553685777018356,0.7659570653624479,-7.767760290693241,0.11830842409232503,0.22166691355423954,0.1342384072595824,0.2790538298113028,0.4132823975197373,221189
track_08414,Blues,90.94848461583638,0.7086294964850102,0.6720891696723752,-8.647010208146323,0.06159567807534454,0.6583672073004811,0.09622340369215787,0.25979385187745363,0.6913188434466013,217275
track_08415,Metal,155.80331851788827,0.5255463544175187,0.8653461496846419,-4.740931467671958,0.06122791407442225,0.020142060982316346,0.048261413783782174,0.21055749265007606,0.5339138877886755,246838
track_08416,EDM,129.1579068150475,0.8455190450445962,0.8598059698582029,-4.278128341821598,0.057759400726103326,0.13294314353391473,0.108016080647313,0.13243458382367465,0.7864717314237503,218436
track_08417,Blues,90.72599759640215,0.7233716873711247,0.7820984765542871,-11.057803016997092,0.07200508646848638,0.3865289789550786,0.15124881130098441,0.1707630774452833,0.6913837055350774,223015
track_08418,Hip-Hop,80.40449187394685,0.7433488331383014,0.864993761513984,-6.24537817355636,0.5275741195464576,0.02288091530019698,0.0030088546384517637,0.2990971299260501,0.549207310894164,255622
track_08419,Pop,109.10041323121631,0.6874249709512723,0.7022134769702304,-3.4086041608946447,0.08315752804124266,0.13832285337318473,0.011665951044464384,0.109521787952643,0.5229963526883302,189263
track_08420,Blues,93.94167602671948,0.7269187176480694,0.5659222046315197,-5.061400114850252,0.09615209757001345,0.6826540530180611,0.03336929938948668,0.23055633183771465,0.6969030142808619,284385
track_08421,Blues,90.8171040655314,0.7802187815167945,0.5064614833556981,-11.560050064428879,0.04977293703859142,0.6892334362696094,0.03404430559994325,0.19388692835669485,0.5125587353061462,204061
track_08422,Blues,85.51418402228259,0.7524532198124247,0.7393038714443729,-5.62875252259613,0.08632243465581349,0.3961485480632902,0.1937404193216581,0.15344771041061636,0.7181644275868975,254162
track_08423,Blues,86.25870140118892,0.7163097822486255,0.7282518992390098,-11.483651953313567,0.0771472639285014,0.6261999297690992,0.001267569100104682,0.1447862022659487,0.5895731552888367,212193
track_08424,Blues,87.33501999078547,0.7054539124339634,0.5953903997377723,-8.52604560157923,0.09052982020598498,0.38480672888140377,0.0003577940400906865,0.13099935311563418,0.7525569554150857,258022
track_08425,Hip-Hop,91.53376106348458,0.8640977098538498,0.899862973918654,-6.959115562425387,0.4032255935398172,0.059427133894746416,0.02441551741710526,0.1391419964518431,0.8956379492824496,221722
track_08426,Rock,131.8486093990291,0.6561690642281279,0.7248461571522098,-7.266291655243713,0.10681693091808458,0.11423627140657719,0.01391276313424431,0.1751793772634574,0.6636284875353021,222721
track_08427,Country,76.77027839791741,0.5321799694529002,0.4372214447769036,-5.547048221385344,0.03794472192885272,0.6061762030232001,0.19806125164515112,0.23637756525416356,0.5225637470632964,205079
track_08428,Blues,90.2322969696737,0.6199486610806564,0.7103797479449447,-7.337484359043904,0.08092028244271883,0.6502517439459519,0.15201736805412214,0.28219676578091857,0.6146344806694631,235295
track_08429,Blues,91.27929384370768,0.7180894843077663,0.5035571645211638,-7.503031632519109,0.04794269160859102,0.6303322197440548,0.13471540199908646,0.11033848148867603,0.6595477600070268,180222
track_08430,Jazz,110.78243842910693,0.5085859525873966,0.5760343933523793,-17.231128244224585,0.06344328855350498,0.6896553867781693,0.8508665425941971,0.4907357676524913,0.38008646854702094,255946
track_08431,Rock,137.03867500366638,0.6612445430756285,0.854502576043334,-6.968013818402474,0.06354445828600432,0.352913072375418,0.11102889598862967,0.1380397629343269,0.7032480088884138,257592
track_08432,Country,98.95651928634324,0.5974108303136253,0.40313475612805966,-4.658362845793381,0.08538700807553118,0.5247930807383929,0.12388890380258114,0.28281689457669135,0.7962725101597161,183650
track_08433,EDM,135.3785700837243,0.8156030188353092,0.8271840087289204,-1.0420999497998,0.057496638861465624,0.18824044571831436,0.10588423588986619,0.18607881099049411,0.639900594792169,182383
track_08434,EDM,119.21801859668608,0.710905448449719,0.9789706047793134,-3.9098584173299904,0.033599325265625125,0.056791263787403956,0.16566210467589843,0.27213054376491097,0.7706366345829455,252608
track_08435,Pop,119.44823748211043,0.8411472987990515,0.6508433426484193,-4.0850116963897545,0.11875711844136401,0.43409244063107677,0.02343383806235416,0.15386714250353448,0.799156391985447,234189
track_08436,Reggae,90.12746458523438,0.764098515058813,0.7461436261777193,-5.543737272137823,0.047937658677293334,0.5879694969079268,0.1778162389801306,0.1880804556486771,0.5984813392521856,232195
track_08437,Metal,164.76200377700647,0.5703248370235945,0.8139692361729295,-3.270500810933462,0.05080670242718549,0.19785295226938515,0.0374212921548383,0.1739030327988843,0.31003754054484256,277304
track_08438,Jazz,95.03441957178327,0.5763509833711662,0.3146191547857488,-18.51500578829699,0.0874164633053824,0.7747360587479004,0.7597028500566426,0.3649447761762359,0.6872462636287104,243810
track_08439,Rock,139.52945037701613,0.6507995578890243,0.8046466055840547,-9.682786269425248,0.1409624268775485,0.27959001088371893,0.14533388646225762,0.20701270264749846,0.6707504678992313,210662
track_08440,Rock,132.5183391235932,0.585404905336735,0.9071116318331165,-5.248043487572749,0.05868458139755389,0.14430587978759377,0.1086807672928072,0.21974848917429235,0.7296615979784287,238151
track_08441,Reggae,94.16135781134703,0.716300256650341,0.5752285815464189,-7.714798403771944,0.08174304255171969,0.3073441109122542,0.11169423875039722,0.2544366009047391,0.5341873204331082,243699
track_08442,Pop,103.43332364890496,0.8580215408555751,0.8071722310745573,-3.7025512024141696,0.10780478177605124,0.15324482470053039,0.020735629170538884,0.13830739337776335,0.5620765666919089,200853
track_08443,Classical,72.5186168462244,0.21686922074271375,0.29216873793296494,-17.660394130291145,0.034234328298492774,0.8645822787203051,0.9844769024845872,0.3347216635221838,0.205840401753493,384840
track_08444,Hip-Hop,84.04073184581732,0.7573522173477387,0.7339809802072097,-5.83460708653232,0.33669322727798284,0.0853811078501072,0.05537179749606719,0.1176218480654418,0.5193201460960013,202245
track_08445,Pop,107.4152411893446,0.894230116261727,0.6696018805501548,-7.177811210215163,0.11659406376697548,0.35008588352086367,0.014328161117703027,0.2318407791680908,0.8154785977523572,180601
track_08446,Country,90.59030708472145,0.5587446429471847,0.5712665416223288,-6.934646309397097,0.059489453281962784,0.4092512290652565,0.1902159103842541,0.2430154778756692,0.7985836435179328,214213
track_08447,Pop,116.86796640484341,0.6700866509839211,0.8481807616739033,-5.306717813521769,0.11712780937372676,0.13441579677259147,0.02655118644776605,0.2888731181512509,0.5622115543418991,226082
track_08448,Reggae,90.26108289499246,0.6453868150196165,0.7210008940030622,-8.166929588864079,0.0688882023677853,0.39359779510946397,0.02495266734048196,0.14573977382006384,0.6515543861977882,234975
track_08449,Reggae,94.1053379566022,0.6350975870458188,0.6222823343256209,-10.064284061421242,0.06072553439098563,0.38900466827109337,0.19463539475637975,0.16641319554362424,0.7616951842677608,204083
track_08450,Metal,148.5575858841437,0.5955500219298575,0.877912266424656,-5.900249011125362,0.05504381480103225,0.0767485975445833,0.013337230460843987,0.27496539881871684,0.4856293497404168,327610
track_08451,Jazz,138.53902191653424,0.6042620577421692,0.45268979650009233,-16.326285491322764,0.07821789989946906,0.6487735734005251,0.7037077181367393,0.313917412209915,0.38072264586109467,265726
track_08452,Blues,90.84573446617597,0.7077746437799323,0.6015057802330904,-5.8525675870214,0.050187828318242575,0.3229110821940351,0.06858363893793287,0.12782805767952207,0.6774556848892911,262703
track_08453,EDM,135.0683345135232,0.8127440552308933,0.8160257269092883,-0.8044037345262858,0.052086727407873935,0.0936476362255079,0.2523946274088832,0.21965534285651095,0.584966593711242,280370
track_08454,Reggae,94.99901939691144,0.7376532880897722,0.7956927482630463,-7.713914945606843,0.05166482860633198,0.30693018162495717,0.060714616927184675,0.18557129007874662,0.6868180214736461,217472
track_08455,Metal,159.8043432610678,0.4975212191069748,0.831157842472557,-4.8696141111297075,0.05792193624977329,0.04751838309969952,0.0433746661230745,0.10456825796467882,0.32200296652389665,196034
track_08456,Hip-Hop,87.36842723770006,0.906222195204964,0.7603077401871565,-6.467343162954112,0.3060942854506696,0.002988857791595345,0.08212356323499675,0.22558212831723032,0.68202161862421,165662
track_08457,EDM,132.94218288272867,0.8241946850539202,0.891640461971823,-1.8326164964082508,0.048273882714960484,0.08680034715932904,0.23958108647698342,0.28628474718122043,0.7197059007340835,182206
track_08458,Classical,64.67653407468588,0.19790473125831176,0.280445139188924,-13.63437791849319,0.06400822577178596,0.9980896975701711,0.9078305332180941,0.3640625151794763,0.24440135054529255,596028
track_08459,Rock,123.65406498777588,0.6320821011814441,0.9793367614016678,-4.543130233490183,0.09381631246460244,0.3403193579696736,0.009181181898757584,0.36911582231323703,0.7007923973746019,225853
track_08460,Hip-Hop,87.71549686671541,0.9473532548852,0.8006201409435173,-3.549618513499178,0.3128172013456848,0.2109202661468035,0.04188232608346472,0.1646262080744852,0.8180783927263524,249419
track_08461,Classical,65.0463913950397,0.22586993422771834,0.17719496107959254,-18.828070844036347,0.04309084230014963,0.8793429257279313,0.9203118348206789,0.2966314581930543,0.3095383262992164,433110
track_08462,EDM,122.55317391151283,0.7297285487517333,0.8405782095090596,-3.3380738182110847,0.06930182932645645,0.017584819498217087,0.025627155889608642,0.10876856645642077,0.5957209481619758,196562
track_08463,Hip-Hop,89.54387081434966,0.7639593560334572,0.6839893477400689,-3.7422770512465275,0.5702782447891449,0.20403476877707596,0.008472865447571299,0.2797965314700045,0.8077296388411928,297405
track_08464,Metal,155.96273145440568,0.3059405924289096,0.8832318346462835,-1.5675776215426929,0.03612366405271414,0.13524040891164735,0.09945199127221437,0.20638971331935183,0.5490156625225985,292372
track_08465,Classical,72.88392213345004,0.27692973949571004,0.2646645123064175,-16.25138776910149,0.04197616718202944,0.8593600831278811,0.933582236698264,0.23083929799539013,0.3017565675986854,521840
track_08466,Rock,151.91869369794335,0.6024647187392492,0.8486767537275607,-6.582129770832901,0.11824822670402885,0.21872277852337046,0.2031671510151446,0.3671879777496153,0.5823088482971306,277194
track_08467,Blues,89.24983934708412,0.75282977545738,0.5004788487260989,-6.335956758280796,0.0576546679512822,0.3335870155083415,0.14472175661267647,0.20444112666832243,0.585924884832197,265160
track_08468,Metal,164.7871623484647,0.564739095626281,0.8851401651653031,-5.056943357065942,0.07677562192231116,0.19916554219716043,0.043593477545266525,0.2481981581035734,0.3216815179988298,199305
track_08469,Country,108.39100439148297,0.6694411165677857,0.6845261643159415,-4.057373663434598,0.0471663309134217,0.48813384451320085,0.1469627270246899,0.24045785377315965,0.5437279350554113,289255
track_08470,Rock,155.97534193039377,0.7417808734941056,0.7994307703487142,-5.9368566853435025,0.11686497586580477,0.364735094393266,0.2967836743199592,0.31206138147089846,0.6341192461560115,282398
track_08471,Jazz,101.55226324116904,0.5399503754700191,0.5399103846221335,-5.672195264100612,0.08202951729551505,0.5978665604217253,0.8149418971747471,0.36621496015151583,0.6485631459855438,292153
track_08472,Pop,119.93612791039284,0.7473883662987665,0.6649272078322466,-5.501989809421216,0.07231009696344291,0.3257841740395764,0.040435717536340086,0.28914477496421387,0.8238390962037744,212771
track_08473,Jazz,137.91815566584356,0.6633186144036272,0.4798305989480566,-11.235964173578466,0.08108115986811706,0.784598972898934,0.8737499238379604,0.37946343722337494,0.42881552235334736,254747
track_08474,Reggae,90.40460022484697,0.7295341816335852,0.7179408359301793,-8.101696496122768,0.05397272622283193,0.5314283699638002,0.163429080996625,0.11604427521040271,0.6975353000117381,188527
track_08475,Blues,95.79075570011562,0.7147634474794924,0.7669908748474074,-8.656281719405786,0.0803471661449473,0.4086549251173148,0.18588664237967878,0.17395952268051304,0.6618592230216687,297163
track_08476,Country,89.17927675299018,0.7315734126684689,0.578277334533805,-6.535419963191785,0.08176907031953645,0.6373104947734316,0.09372335946051619,0.13221605170477319,0.7567070262491379,216199
track_08477,Country,112.03823295818744,0.5350800192942703,0.5877861776241402,-7.89353377229611,0.09086813364908011,0.5983572661939184,0.029038262039911267,0.15938744575249214,0.5108480991020606,279575
track_08478,Pop,116.65819645441108,0.7201686242508644,0.6427014064950376,-5.197187505161151,0.10220745531386344,0.20082468346457577,0.036319402729884744,0.2650548003861104,0.5060669081685124,184011
track_08479,Classical,75.87545536248537,0.10278274290967451,0.12148541289506551,-11.570485169728393,0.07431336357931473,0.9044449019148003,0.9854127776130407,0.28943686557926757,0.2619038585424226,407413
track_08480,Pop,121.13170481453358,0.7734077489780973,0.6740711504923326,-5.41323945845439,0.09208085256325871,0.23248832185903817,0.03835010381414739,0.1079862049029569,0.5965675257489381,213132
track_08481,Reggae,94.35599109351274,0.7250142582451216,0.5994679905867293,-10.169005220636828,0.06381917012656409,0.47571681673263605,0.1188895038364521,0.23553478354306306,0.6134292165187721,192972
track_08482,Jazz,129.8530000456899,0.6282837445426162,0.35244343436117237,-16.213876002311192,0.09020999574904259,0.8571962729654022,0.9205511507834259,0.2297379409029243,0.49376235667547164,276558
track_08483,Country,107.60350362817809,0.5853250483809218,0.4568014135323476,-7.2807128504459895,0.06452641028145217,0.4597996275070943,0.09344744002409262,0.24964902151862473,0.5512173584107132,288593
track_08484,Jazz,105.44487070558961,0.5660131188512072,0.3506307837705289,-11.160231854892073,0.07367908193518752,0.8470329184047403,0.7677233053703849,0.4105877200618536,0.3067694960294401,256508
track_08485,Rock,121.79899959475509,0.753433516288174,0.8804055038430085,-9.364791363237398,0.09423589688754926,0.2925635777186598,0.005329737862414874,0.26489322282807926,0.5452780923156518,210419
track_08486,Blues,90.46237120081386,0.7263792680337251,0.545786359540103,-8.190438353321884,0.047780208917608806,0.4253385839696386,0.008824499364935323,0.22421422210705533,0.5037309899531629,279431
track_08487,Hip-Hop,80.61670942062844,0.7868980315525627,0.639515951812001,-3.9277586378562663,0.40455513718939073,0.041609128898091076,0.06339867486980723,0.10249366688277346,0.8800300326328874,267832
track_08488,Reggae,95.36142893554522,0.7294249186978485,0.594963196193323,-10.36750475018158,0.07220836819831186,0.6776238598262928,0.05621311408372576,0.2432802681899608,0.7919787848566515,201800
track_08489,Hip-Hop,85.00873806627436,0.8841955895375193,0.6690312915289947,-3.8371683648887265,0.5193363744852688,0.1233720952515006,0.05250475897721185,0.16279954619931553,0.6500895187287622,163624
track_08490,Reggae,89.77837933382142,0.6723838323467639,0.6503265886981316,-6.793638955096003,0.09787617865039103,0.656423192548882,0.18289968759216862,0.2822434940659596,0.5724595069693534,272854
track_08491,EDM,130.35664962426702,0.8452710485039578,0.9677387264540269,-0.0888700347581528,0.06502811088763608,0.16330075208195696,0.06195151697750395,0.27198133104047895,0.5663028771848859,277678
track_08492,Blues,88.20356347776854,0.6658798031543867,0.6037565652699943,-10.838984258010814,0.08501840326012686,0.38291831748678007,0.10395314493629448,0.27083156955595283,0.5294445628766691,193776
track_08493,Rock,129.14902237554577,0.5287126677822849,0.9848578081064117,-3.887825380641571,0.07775133893346704,0.2888806952366946,0.27424557693483015,0.14144619238838776,0.6545050060880984,271706
track_08494,Blues,92.57945593764221,0.6082058457084358,0.761646461383539,-6.208521905062122,0.07533018776915808,0.6659286713855666,0.15444817855448717,0.15490121859031677,0.7744073556996582,191217
track_08495,Classical,76.54395697996569,0.2715210425978066,0.13494445695483578,-19.352993120948412,0.06436757704096803,0.9365283721334478,0.9103670207711725,0.29652333590750923,0.444790557876793,497525
track_08496,Reggae,88.01324435696719,0.7628053498635496,0.5168237097213811,-8.63749942188819,0.09093692541322859,0.6974634323881401,0.02569911296158929,0.229181518420746,0.5003993812844363,231370
track_08497,Hip-Hop,91.30646384319019,0.7946247831443497,0.6215298794553723,-7.367288399863674,0.5994331851270641,0.12838816825381297,0.06361223193495813,0.22386444734630895,0.5664413513303388,190676
track_08498,Reggae,85.97307460953516,0.7598159904992918,0.7212329546170307,-8.417432262562729,0.05115782784114033,0.6706325062068724,0.15883503410031163,0.14674266789001691,0.7207958595377129,249293
track_08499,Classical,68.01158770738665,0.2034723873462172,0.13543517496578034,-20.075486157687216,0.04052451403077341,0.8087545421469222,0.9165593262839651,0.27740626124124684,0.29333883561281654,346675
track_08500,Reggae,89.92043791377225,0.7941569314064723,0.6179003025080148,-6.5969058221951835,0.05322815609819297,0.5131647515440344,0.03053786146993445,0.26174552558143227,0.550419507543861,198859
track_08501,Blues,85.89628626513067,0.6973432265265538,0.5218667188564545,-8.518981819171644,0.06982759998190077,0.626863140130199,0.10929148771792274,0.12013731861299953,0.6370955289295646,256280
track_08502,Metal,158.77703730578455,0.5932902375706017,0.966412303581899,-4.645896743802793,0.07438683239037455,0.01979430135664595,0.1379143450326356,0.1262687128898063,0.5927773999319799,250489
track_08503,Reggae,78.39120309684418,0.6181483217834867,0.7970151920160229,-11.394356562341125,0.045008030236462465,0.3478556619996319,0.055373714290492426,0.2090146172181886,0.7323136970232503,206780
track_08504,EDM,127.88047502940019,0.8634953478388125,0.9060310614790732,-3.70355416010732,0.04666253597743538,0.054489317008600206,0.23091743245318053,0.22372002825839443,0.5604854232612329,239308
track_08505,EDM,128.0590386439214,0.7527049003005115,0.8276792346194505,-0.023236677489856028,0.05909681729067329,0.10653092510158334,0.16994609989238493,0.12205522325367546,0.7886050856327802,251829
track_08506,Country,112.54959469682012,0.7242998365969922,0.6363652633925381,-6.083714543426728,0.04870495001156415,0.5034123624813054,0.1663599190402501,0.24334218814742656,0.797117665404956,278427
track_08507,EDM,124.19113017928339,0.9439476140326286,0.9167188917636335,-2.051010244555042,0.04529824541409552,0.1537369449559774,0.14269496782899113,0.24844947061993533,0.851206419269674,195907
track_08508,Reggae,88.13964075371028,0.7158414388047541,0.7142974021738407,-11.444669443956947,0.07732549584432315,0.4487372758761013,0.024920323851595684,0.2271493016549874,0.5807260047745575,202158
track_08509,Reggae,84.25313340230447,0.6835036182712225,0.7600727080750751,-6.751847592247508,0.08861237568221814,0.6965182546305536,0.19496407797351983,0.27842106780506226,0.669690149377801,192429
track_08510,Metal,132.0169290549078,0.46430704308384274,0.9126791610557979,-3.7661402154629084,0.03228239022688026,0.01409990593910595,0.03837918233681903,0.13763253420826077,0.31716011756399215,291121
track_08511,EDM,125.40789127434019,0.8231438848883708,0.9865392132640429,-0.11220623001239627,0.03988409337392688,0.026396451505416696,0.06746464819552514,0.20377769040695257,0.8131657023918277,257682
track_08512,Jazz,99.57653268097931,0.44706410005644476,0.523670689696258,-17.56984504122424,0.08089007382256963,0.536123879081389,0.7940292343493358,0.3122543907351797,0.4254668689172123,419719
track_08513,Reggae,79.80399017062507,0.649442714264001,0.7164995701763263,-9.917150248984932,0.08539118959425315,0.6355552336089805,0.1732345110214306,0.12929306846377375,0.591781615729108,275684
track_08514,Rock,162.88345253718387,0.6925733577733894,0.8762372420751845,-5.940171095586766,0.05392422388901116,0.13321372500720943,0.09799261387366384,0.3305296795592908,0.7412986419507656,298356
track_08515,Rock,142.28794623806493,0.7299322926720477,0.8245496247060438,-7.55209295166296,0.07078054707651657,0.1477133580229297,0.1313355544985217,0.3432135841392814,0.4048589747245488,296486
track_08516,Hip-Hop,89.72522665856155,0.7432220263846557,0.8232540705572494,-7.158706481504015,0.34921360125708595,0.012784316864133782,0.04426708690694993,0.22951026294987817,0.6155159446976629,177398
track_08517,Metal,173.0217596374636,0.5403497225466153,0.9123240813001997,-3.3659067235036058,0.06255124347091212,0.14442607300635477,0.16416110863679811,0.2148986090403398,0.5238742857142914,264720
track_08518,Classical,68.50207822593856,0.12605412117559103,0.3623826736021216,-21.21577804409573,0.07849858867190929,0.9433083578460626,0.9337039123637842,0.23542050148706828,0.2955524275739102,316708
track_08519,Jazz,125.11598841655965,0.5604423876922003,0.4574034963990505,-7.892741497874017,0.08783489283492557,0.8435162684334898,0.9856265412561486,0.3739321941210876,0.6601952735411384,369140
track_08520,Reggae,89.32058393458694,0.62179402524526,0.7729374749230313,-6.14538951997956,0.09599366099511815,0.4268493703781713,0.10530042249320325,0.1511551632780315,0.6175710786671276,299429
track_08521,Blues,78.04064626772669,0.7069608181762546,0.5692141962859242,-8.474247095864591,0.0479110122296598,0.39243597884961556,0.1343875375960877,0.19376689109021902,0.6490717692307413,181307
track_08522,Pop,121.14127473326842,0.7252082620897327,0.6553002311880822,-4.845296713280536,0.07720157147319864,0.19973200806980587,0.04692356868344023,0.12156275335016856,0.8107187624574497,202818
track_08523,Pop,114.04866694487033,0.8459844942727943,0.6574712116064653,-3.902944701002954,0.08894091514022527,0.27769239460287864,0.02854540091359416,0.24330543452889747,0.6109415398237718,230543
track_08524,Classical,85.97419064175705,0.20992127941072933,0.24153470013407533,-15.300009604590468,0.05382893629848248,0.8131401122419785,0.9887198451278619,0.38840941937333145,0.5581767183047166,586186
track_08525,Country,91.34292613623948,0.6977798185609537,0.6972306751154115,-6.722126741441514,0.04943180631977204,0.6873570193545591,0.14635886144898932,0.14496339656340268,0.7983136433830431,289931
track_08526,Blues,96.84312252759901,0.7283468448758014,0.7015110277037613,-9.713119378112491,0.04060181977659,0.6359447926503181,0.19904891241499884,0.27328270462571136,0.6192509058962048,245926
track_08527,Pop,128.0891086762078,0.6299061712242862,0.750934921953467,-6.421410034291452,0.056899202033689186,0.42985603871828004,0.02741392987749097,0.25824437121939603,0.8873926957426209,189533
track_08528,Classical,63.82920995358158,0.1949855478658345,0.308571903364783,-20.900326485439773,0.05925246570717693,0.9560718325321753,0.9014688530790514,0.26569601977947377,0.4812393033113044,411509
track_08529,Pop,78.30041266244194,0.668611122354538,0.7564839348884966,-6.995586843074863,0.0683871649833349,0.3385410291713239,0.013875096861014914,0.19276441650650022,0.8801433111175241,191279
track_08530,Metal,149.48162569869135,0.45191788250246545,0.8835812631006634,-5.505311411404291,0.06757861660656975,0.013282274822169171,0.02900723836966597,0.1921395475861528,0.407326809230847,190346
track_08531,Hip-Hop,96.97699842512064,0.8517860375948522,0.6543032946650246,-6.005197994493056,0.4837145760181456,0.023830183897491974,0.07101448111716611,0.24910129051502375,0.5575261489626083,232336
track_08532,Country,113.80562843179705,0.6172220897508611,0.4140945372207198,-6.831097124516651,0.07237495014683286,0.5390097321720172,0.1732267343026785,0.2113179521600297,0.7359368583883032,184722
track_08533,Metal,130.719187375512,0.5767535575425072,0.8815703728289993,-2.3682219345549345,0.060498521192590415,0.12534959565680995,0.016746724990612118,0.23315670224794643,0.49260688652511453,232121
track_08534,Blues,82.2984114369566,0.7354932643836187,0.7639502499915778,-5.018002362782639,0.05145927808291082,0.6553912773923695,0.0584217921460692,0.15239817253419277,0.5673554819395368,288114
track_08535,Classical,83.34014760705524,0.26022397643183937,0.18478984337340243,-23.979103420034942,0.07889988222464006,0.8782971055562345,0.9142824384196103,0.3970816127022075,0.2974060111726653,405296
track_08536,Jazz,121.10733408181065,0.646383844524055,0.3520978159374855,-13.22548949492829,0.06297694019406708,0.9996935265298548,0.9134897238308658,0.22471058438101443,0.39143851575395644,383712
track_08537,Blues,89.05225119281411,0.6444207736150953,0.6617798333282399,-11.587187546585065,0.09049933302363554,0.6968710485738535,0.13552378009089988,0.16362390813594763,0.7678283047680226,237844
track_08538,Blues,97.08928923722895,0.6233914380691775,0.5696952900042469,-7.003005539299554,0.07107237192102864,0.3270258410038476,0.07235702973624066,0.11732410289767409,0.5872048095545508,192369
track_08539,EDM,126.98004486636924,0.8674916125526602,0.8531706418580056,-0.5785270896461272,0.04357389755402957,0.04093862688650834,0.1260725709647966,0.14753263523408483,0.6818864311466996,197968
track_08540,Jazz,105.25830393060671,0.6665877903344872,0.3648158171889955,-13.520088872055656,0.048881461017228754,0.8240878179099589,0.8716210551783118,0.45524803435500083,0.5075566704375231,350247
track_08541,Rock,156.3028011584049,0.5045043923858432,0.7076755214144151,-9.734367801779628,0.032778443891013316,0.1613425714189875,0.17877796500646298,0.3371181312126395,0.6270523538618253,203481
track_08542,EDM,125.74320868934886,0.744220325916301,0.8700930424823745,-3.42906336053497,0.06537862991595411,0.13871403199584037,0.021316993597288603,0.26867735660252984,0.6721604707857562,196448
track_08543,Classical,66.90956177252109,0.17600417486867934,0.3978942376325503,-19.212840603769326,0.06968323617974227,0.8450933760557342,0.99099964101626,0.42314751668537354,0.3337199902546926,482360
track_08544,Rock,134.60193713531157,0.7995131016362191,0.9831880319825155,-8.454814723759547,0.04184701926593308,0.22782180896634804,0.22900663619670797,0.3369131182345146,0.6429711832989289,265000
track_08545,Pop,118.00554339626538,0.8547359762553164,0.6592837402291574,-7.8830253224158895,0.0969158506270168,0.41083723587175847,0.0039268403449041365,0.23173013124447517,0.5841589453731051,241976
track_08546,Pop,129.72611061155158,0.8348542630589504,0.6386514580784255,-5.62490534029367,0.10513603051912151,0.30870355209618583,0.04893444859779387,0.186524706340343,0.8547531460346899,206079
track_08547,Blues,97.1347283356284,0.6998748252699056,0.7205435620815054,-6.837666407755303,0.08236450762365669,0.518990404887163,0.13260664674216982,0.2954852866544969,0.7117344251987896,256812
track_08548,EDM,121.54112222856907,0.8939548464327917,0.9586770616143732,-2.282318903684378,0.03747115980192131,0.16182505705887285,0.2600826649323585,0.12046872321396976,0.6657017405020431,228952
track_08549,Reggae,92.52589677828156,0.6824103152008038,0.6390822417233981,-8.996853946871033,0.04761219666256951,0.6144234384593735,0.012827667453256275,0.23721099098803375,0.54592592733857,207641
track_08550,Jazz,137.54339350119648,0.596923210742612,0.33307879550298336,-6.740264046791085,0.08932987463867714,0.8567639119664985,0.9778528033299614,0.4661549239527431,0.6691733695744944,378697
track_08551,Rock,134.59434143899387,0.5825795207725021,0.8390552177572859,-4.814777507612509,0.06365759444036276,0.3517859898179657,0.1909235152984471,0.24492257517139052,0.4361351338281001,185583
track_08552,Jazz,139.78323876658254,0.5480712285032825,0.5690840732509277,-7.610297129983431,0.040844999246940315,0.8983691998306066,0.9351788912726797,0.295214140197528,0.4972166956300542,288696
track_08553,EDM,127.10395163770232,0.8681492197913282,0.9193299617212314,-2.086269280040709,0.0392479610980371,0.03209085134821443,0.010695613221367372,0.18618463120419482,0.6205181100281727,231923
track_08554,Blues,83.65872737215072,0.6393206352029631,0.6861304267227764,-5.5905814850913975,0.04846404520062746,0.31653725469111543,0.1934770094549613,0.12734474298954762,0.6822558998714987,184863
track_08555,Metal,155.23871736804915,0.5827543766274383,0.9686303373569577,-3.388144354529672,0.049962703487488894,0.08637604256619635,0.05052482126483302,0.231541835935854,0.3792498441350976,270858
track_08556,Pop,99.35806708107575,0.7188593264380585,0.7388135975754975,-6.137500901247861,0.0999402748974769,0.36779313595406615,0.02234273358213782,0.11588365301953613,0.7382105580604021,254093
track_08557,Rock,139.06213325919,0.6563324489680713,0.9096974132266893,-5.957520869833011,0.12018916675685508,0.3998246877092534,0.1897703402657641,0.1663237499844053,0.6289165157230792,258880
track_08558,Rock,139.7795133615091,0.5011636033584219,0.8190758854568987,-6.2607566592104815,0.074459361008166,0.2087105117752811,0.25753083103386587,0.3893360581719024,0.4386346980660771,199071
track_08559,Classical,76.49414874921428,0.12305537335522564,0.38450055960010576,-23.8834281677732,0.05518749956550498,0.8064136027686065,0.9909476697985015,0.4050714831730702,0.3104220469156348,422062
track_08560,Rock,149.49245868436452,0.587764146036497,0.7779177299161746,-6.871107887708517,0.10200780935077708,0.16280391336764294,0.22287152190804152,0.27341540920546137,0.4029840618819632,279552
track_08561,EDM,136.987809563771,0.9244454841317413,0.8525298605079022,-1.6315988650278785,0.0360667368493966,0.017118813102829946,0.2795485430532497,0.27245787454622084,0.7005619026638384,251864
track_08562,Rock,131.60600733916795,0.629121415160573,0.7861542021499108,-8.381269555069967,0.14076386573070998,0.164993971767605,0.02744164290250335,0.16771761766728654,0.5708878934759591,255632
track_08563,Rock,137.85560592260774,0.5557331649358461,0.8477622011736852,-4.059368724874366,0.11675850445672233,0.32637472120543815,0.18007598065801225,0.31013102697046935,0.4720007068031957,193041
track_08564,Jazz,112.80711407548773,0.6830388357578061,0.5654439068482305,-15.513903076282098,0.05186196965456113,0.9076973449875425,0.7315660080072998,0.38595398936402764,0.663046497968854,334594
track_08565,Blues,91.6745981465906,0.7228395387068599,0.5201831400894964,-9.47132588320579,0.09561425757718273,0.3919201833808389,0.1057512447696757,0.17050444918014618,0.7713442952344036,218278
track_08566,Hip-Hop,80.61946025786153,0.7209866714671703,0.6524091479738482,-4.38136084478216,0.5725507923002933,0.026284273698460425,0.043330350455499725,0.1400026727685267,0.5721358836706849,214587
track_08567,Rock,144.77119377717258,0.6128265434480797,0.8017612316244852,-6.088474056937549,0.0462638884269189,0.1827600476291817,0.14548324100516888,0.2405543705063216,0.6446578208908176,293836
track_08568,Reggae,86.49281310411938,0.676459908671453,0.5190129399856611,-7.4567621246464295,0.06995886812533368,0.316722963248153,0.10095064760690065,0.1522405930093154,0.5440135814080035,202736
track_08569,Blues,89.17303075607846,0.7603589144720034,0.66627969715623,-9.479836090789316,0.06462697471552832,0.5255151900101265,0.01715575385317072,0.25302536652519725,0.6347410169238781,214747
track_08570,Country,98.03237866934494,0.7110796156771355,0.5879947838988746,-9.622316282056877,0.030688203610513554,0.42828663426452274,0.1817465103108728,0.29705059538709355,0.6450222313683291,289528
track_08571,Classical,65.24012447095912,0.1780391400982098,0.2986791314942455,-10.032300423346733,0.0333839548020355,0.8019418360112249,0.9041252263718239,0.2669915885981445,0.5972025402462386,471586
track_08572,Jazz,123.50172910762859,0.44497920104894434,0.36112913674469893,-18.71106439537194,0.05368669639728619,0.5577618014221273,0.70522420829891,0.4395935766123854,0.37619716850432683,308384
track_08573,Classical,55.495352743673045,0.11155936751483245,0.22975170360931446,-18.173257974232023,0.024775774800967165,0.8596831851025452,0.920247102348372,0.20713415581365957,0.23270056082748902,506521
track_08574,Metal,180.4829547947167,0.3825717731041336,0.8440073261512748,-3.1554593376650577,0.07761972202650572,0.18201560455647392,0.12007247540640871,0.1843989594475562,0.469743819986344,194889
track_08575,Rock,141.1605286399557,0.6974058546725972,0.7807128595545114,-3.867722241352804,0.03959243016783403,0.375605107567733,0.11637692093311547,0.3430952991785863,0.46178252884261145,294946
track_08576,Pop,113.31958689352778,0.8899882436546245,0.80709198951485,-5.745517312375593,0.10455029436800467,0.4690793980941198,0.024798468056030823,0.1532468133126657,0.6618621366793676,229652
track_08577,Reggae,87.75213827879021,0.6143104651572898,0.6865768798436739,-5.174549567427133,0.07868506908487218,0.5820392433146584,0.13171021970350133,0.22113922347267578,0.5592864297206555,197422
track_08578,Jazz,124.73212999488956,0.5037218732604674,0.5977136581652568,-15.338155433265648,0.05483098922602115,0.6705530215030966,0.9252792779933494,0.22771414552153021,0.41505407921390963,324984
track_08579,Classical,63.039888295368,0.1811898043461725,0.31135267768233044,-22.78316660925188,0.06307048496821169,0.8570787564579282,0.9543537933840549,0.30636002077196667,0.5686002458831931,335109
track_08580,Rock,143.15990311186584,0.555396385386606,0.7097646468661961,-4.621216587586857,0.03736787488899222,0.23111382134514236,0.10648335580759027,0.14027053996206046,0.612485199215313,271330
track_08581,Pop,123.0076880923391,0.6907320169312686,0.7508051487433527,-3.2010815722324875,0.050498981020473274,0.2083916342113964,0.03793922993335158,0.19398328691943634,0.5673527749734402,186134
track_08582,Pop,117.38371494535455,0.7362359685879872,0.6854362989184054,-7.737315095259987,0.09228862929769524,0.30690276858509563,0.02926798178621077,0.10048803644804537,0.5330734806753252,192589
track_08583,Metal,150.75959157722704,0.5208936324250273,0.9497503471498794,-1.542739919004796,0.056946086343021035,0.08876581173275638,0.15620104941198754,0.17718936165926275,0.47795991235623403,311962
track_08584,Blues,81.19259429991489,0.6660305960848599,0.5589537513750156,-8.677886526103526,0.06125730083310674,0.5471206836059522,0.11314881940368171,0.18617087726814113,0.7302231662574323,198154
track_08585,Reggae,91.70039932194368,0.6531710825145483,0.595356077435642,-9.198255278721604,0.05140886936590227,0.6437861692992677,0.017654958145208368,0.13402579128627504,0.614402604620815,268670
track_08586,Hip-Hop,81.53509666670055,0.7139373839867705,0.6444768555576772,-4.748864467545928,0.5884803993043419,0.12189731402082266,0.027704188713067013,0.29299579251794755,0.7835142949221021,262420
track_08587,Reggae,88.41880089012024,0.7007250345151742,0.7209312740535224,-9.569002885566281,0.05225618603927173,0.4748621064299948,0.08485953549497399,0.2745938953855366,0.7801296565490494,274040
track_08588,Metal,154.81550583087775,0.5170284419048424,0.8995401081234583,-1.3842228932287988,0.0592752311619537,0.036013175065280435,0.11639400647704834,0.2151798646205739,0.49203618557583906,294958
track_08589,EDM,126.49826225033385,0.7319540983453298,0.8267773514071652,-2.060001732714418,0.03576177649806322,0.06075305509746361,0.132354022609289,0.2186633112073682,0.6061245466462464,198939
track_08590,Blues,100.14303844651408,0.754388426792361,0.5950066039645743,-11.794976855618327,0.06457518297838526,0.3069464289669049,0.05843238256473049,0.1420516960584307,0.5700334213605377,223037
track_08591,Jazz,111.80669135815629,0.6837512444410171,0.5819098229558649,-13.87524325841826,0.09126576508296462,0.6650545908272945,0.8678250791394885,0.4233815834826544,0.5092256442797143,273008
track_08592,Blues,89.04704281705766,0.6758070769293243,0.7278510590620335,-6.533957679564969,0.06027477260759505,0.5161902247821963,0.04142360917249632,0.15021678242154912,0.543443387634423,290484
track_08593,Metal,167.68110958647762,0.4116225657121072,0.9659488538682983,-3.542069246365792,0.07945544459002565,0.04867166637734324,0.04465025746659828,0.11504021739000354,0.41967697015129346,356384
track_08594,Metal,177.7585818530248,0.48923100344813597,0.8398619585036556,-3.7332078643099096,0.07682579053843527,0.1725210587614981,0.012740976342348987,0.11174159251419813,0.34357473437902586,223434
track_08595,Jazz,104.85333894870786,0.6610771888858284,0.5967990304392297,-11.709603235517651,0.04702724665176662,0.8427714683351635,0.7398684403953584,0.4705693423223041,0.5343867776131515,269611
track_08596,Jazz,127.78151969555068,0.587470612585776,0.45779949885097027,-12.121596983379785,0.08436491189590169,0.9512828261410664,0.7656793511720873,0.234162992028581,0.3225551225840764,378256
track_08597,Jazz,138.8289525742597,0.5704412273613803,0.5633555186464185,-10.822271322651755,0.06933278690888818,0.5369737255496698,0.9925079202635753,0.3266948096195065,0.52903188234005,302531
track_08598,Blues,83.05124261130226,0.6259673248797142,0.5217187083805749,-7.30826668144246,0.06078779869677551,0.48323238142143926,0.06434494500377104,0.24886559688238577,0.7048081534071514,234055
track_08599,Rock,153.9346148035746,0.6326570691851863,0.7639567630502876,-5.592035746443897,0.07246734232523691,0.10745879008471915,0.06422241738664877,0.15012355625560328,0.7179462461806649,242617
track_08600,Classical,69.32779435096697,0.2229048137106063,0.3802991814144032,-26.437819844987192,0.029791721696196816,0.9818167630845103,0.9646888856158164,0.3672803621892573,0.49595748644675647,536648
track_08601,Country,112.61055854731684,0.7010089127476745,0.4547050853289178,-4.358335741132717,0.05726030976513101,0.41517745485701446,0.015307921466834197,0.18373140664551996,0.7662316191046705,201425
track_08602,Jazz,118.82849943937393,0.681246666194504,0.3502612632635739,-6.66112312400011,0.05010263950187379,0.5239694226169636,0.8463542862313083,0.30691057116870846,0.5391343129397062,385781
track_08603,Classical,69.20945732831672,0.17472007013450222,0.19583302386036883,-16.16671692134842,0.04500081073256757,0.9299730708667667,0.9415511746924524,0.31144252564290914,0.33269856901984307,324621
track_08604,Country,115.07427453455983,0.6749225997461291,0.6457120351465075,-9.176983333429748,0.0651246502659481,0.5896002481258196,0.15201676968343736,0.24252642992762058,0.6712899186515076,270567
track_08605,Blues,94.28577520892553,0.7333733308379963,0.7378965104618812,-10.959055410409691,0.07425580555505537,0.4959190386728167,0.08528428366048844,0.2986577717764155,0.6339638150494871,240521
track_08606,Classical,65.17618146810696,0.2282636508839427,0.2138313139930708,-12.476471363059797,0.06405508812574098,0.8246962461002535,0.9253288342666123,0.3972736540307216,0.29845376077369157,337643
track_08607,Jazz,112.30584029165306,0.6163676721015028,0.4011024691490922,-13.19718259500486,0.06901460370533792,0.5971884704029302,0.9826477364584014,0.20004888081194763,0.4490992025834857,409666
track_08608,Hip-Hop,86.10152109510084,0.7899811623624406,0.6311840570605775,-5.727759417000044,0.3581638490242085,0.16613549992550963,0.0011957290140495514,0.20121955416067766,0.6131050243659333,241148
track_08609,Metal,173.46488692142682,0.527331700545213,0.8659408808326928,-1.3750405631428508,0.06731184770843111,0.08076747745995705,0.019560672427719486,0.2120680157684509,0.4841296043182466,243643
track_08610,Classical,57.18767007730342,0.2028703612864382,0.38397352929732553,-10.68984074110238,0.07337524839678947,0.8500662467212088,0.9640929644123892,0.2822318013889436,0.5802579105519166,310927
track_08611,Pop,102.7796217677379,0.6469343939009401,0.7694812849791768,-6.706145381201724,0.10879921045194291,0.30589599350054575,0.03040403656097007,0.1641811579043206,0.5895259700167158,185903
track_08612,Pop,114.16091341471078,0.8725624942192777,0.7190372345766602,-7.104128498856844,0.06164608899274203,0.3166596078949928,0.03576943071267741,0.28317776568406056,0.6628646490338587,245902
track_08613,Classical,49.502287315950454,0.11740132833754696,0.1449306132000013,-24.850024158299124,0.025963765408962693,0.863815921494236,0.9132799925658679,0.38740819127177883,0.4786494535875165,442514
track_08614,Jazz,115.13230927535665,0.6609297938754433,0.3009293511067139,-17.354012349882186,0.08887948719817709,0.5152444261236341,0.8996323860846875,0.25422703478611025,0.5025709326776259,350994
track_08615,Reggae,94.46454508913288,0.6998514871135414,0.5048480682199344,-10.928479159969909,0.09036167249580296,0.40731342726980535,0.059399260098359365,0.2470308412422998,0.705772995088846,223660
track_08616,Jazz,110.74022404133838,0.5140748450086964,0.4928391909831904,-8.140090124716327,0.06824775544261977,0.6110586004860907,0.9944359354559934,0.3237940782057512,0.37055514974213244,311076
track_08617,Blues,77.61621094194116,0.7193647444273177,0.6858667567684829,-7.908923631893775,0.08279437344841858,0.5544268737723477,0.0966164552081093,0.26590746492672745,0.7921014729324292,225170
track_08618,Jazz,139.90475774680837,0.4341936268927895,0.5646997388641147,-8.973360799154433,0.07338340052700383,0.8745430491666086,0.937867074512613,0.42552231357371756,0.5643587492901555,298820
track_08619,Blues,92.79443297617374,0.6278644024869504,0.5001798518871814,-6.8099393750993995,0.09251295524469255,0.6198119922583435,0.026571435236384545,0.1469361501232925,0.7473275146757139,290243
track_08620,Reggae,83.07102672297277,0.6894611306912057,0.5838042121435223,-7.476017524551178,0.04665580472831573,0.5173627113750936,0.11482342594208983,0.13919092411579154,0.7878842768321167,235987
track_08621,Hip-Hop,83.42178307535347,0.7277146591004686,0.6015270502788783,-5.3011727052163575,0.5254144396476811,0.09334250560658179,0.033101513689392674,0.1455698440496653,0.5526596222253382,152451
track_08622,Blues,87.3047802825716,0.634543233469461,0.5150271045358683,-11.058509956853879,0.07528461553644053,0.3802542938642301,0.057732294606005596,0.2110501581490607,0.6242433005163801,217737
track_08623,EDM,128.33139708151245,0.7742986693686248,0.9925082344692401,-3.940647421070026,0.057304941790243376,0.06172182026263833,0.12490497335508159,0.2654118288344023,0.8988719812079267,265316
track_08624,Pop,104.40922838320084,0.8482323925037036,0.603438799866043,-7.582719117669686,0.1098533069284925,0.18586164123974902,0.015608803567030417,0.16741757019982678,0.8463505369756001,211146
track_08625,Metal,154.59840544983211,0.4719889120730013,0.8928796993402343,-4.266477573335996,0.06051851027725687,0.18607199210810896,0.12919751649980885,0.135486866079467,0.4427631657007649,301407
track_08626,Pop,138.70388731454474,0.8305525327908296,0.6717066513926835,-6.116017386347899,0.11952782262469037,0.1767941416974893,0.005906036855332281,0.15370185798526473,0.8727221079506737,241160
track_08627,Blues,96.3167152310798,0.7844740886249394,0.6434094561054402,-8.796168564232946,0.08965649701963974,0.37833542322841296,0.092431588954068,0.22754651158961456,0.7100279570964295,220338
track_08628,EDM,130.4989023698849,0.9167906196871176,0.9636495363470464,-3.414753890215374,0.04905524316708261,0.07680813117928423,0.29432960344535963,0.21679834780214036,0.6081858877974167,206010
track_08629,Rock,140.0537526618294,0.7611740903933071,0.8786311334842495,-3.919947083763361,0.12194053818304025,0.20294616031948098,0.1239546872366179,0.35870337121887874,0.6821594019295274,243744
track_08630,Hip-Hop,82.75669464761444,0.8089918686959355,0.6084328026622557,-2.402608296713499,0.49531080347001255,0.022183740844825228,0.08893967562543703,0.18417223148650627,0.5958418175431955,207161
track_08631,Hip-Hop,83.32732008435721,0.7593775083609402,0.7717409902805175,-2.7722205506200623,0.3392092200241954,0.08946303157527288,0.016465922178693203,0.1457348547326736,0.5519719007459871,296716
track_08632,Rock,127.32941752378505,0.718694499411246,0.74263738220188,-8.133252749339377,0.07143366006412206,0.2143157150674545,0.05187718723536434,0.24664377874366328,0.7579063562478746,250393
track_08633,Metal,169.11668303201358,0.5893718303810259,0.8293745596458698,-5.378282416761923,0.043792235850887665,0.11791522943478286,0.00026960898852961267,0.2211855762254607,0.4730724925375063,338691
track_08634,Reggae,86.20776483942198,0.7046098849524065,0.7503236443302728,-9.903813886512156,0.0890888041390539,0.4769510673356844,0.16840425988152008,0.19419524471314847,0.770246768143721,287885
track_08635,Country,116.14778826713244,0.5780112819784936,0.5594798172211712,-8.94685079245201,0.04186957132008804,0.6228320835196857,0.08767909296244375,0.289807155194488,0.5633906334404863,215094
track_08636,EDM,122.69609095797907,0.8633521731724711,0.8338795680641452,-1.990999332068188,0.05766567972589437,0.14290060867134666,0.2931263121878773,0.10525192164251883,0.5309455565699226,228761
track_08637,Blues,85.84228576246717,0.7577795784081256,0.7096464232378507,-7.733390045334531,0.09188306040929659,0.4249636787809083,0.042251237270876034,0.18195682178147182,0.5022407695416161,279556
track_08638,Country,83.27600104620026,0.554441767493695,0.6358991521565563,-4.7218749876848225,0.04216359051770741,0.5827858918293514,0.04019020155924975,0.26639658219008144,0.7315149927757116,286111
track_08639,Metal,173.39871352385842,0.4873327634776141,0.8126645978372494,-3.756149549765155,0.045042732590336504,0.034189584584373156,0.055208577594285574,0.26804440664638346,0.48599945469022937,259558
track_08640,Reggae,89.50154863646019,0.744097462381772,0.7904667368363498,-5.50984282717004,0.045811319968900296,0.4329117094342898,0.06262548939509431,0.21076943775279539,0.5271240269012469,294201
track_08641,Hip-Hop,79.2925307669737,0.7972945531414,0.7644277987408383,-6.072603241594424,0.356200320136979,0.06319809945186519,0.0850668049650598,0.196933168591196,0.6886002269391251,276513
track_08642,Blues,94.80873468767685,0.6908054094354749,0.6586340036160774,-7.765003792614061,0.05731057263224333,0.6342223173394992,0.1916698806611149,0.15669951398123833,0.5000421585439152,217180
track_08643,Blues,90.73754663044627,0.7105552881340188,0.6601495723010933,-8.714883346050454,0.04966362802134559,0.6507156289435291,0.16353596716869956,0.24856283462536377,0.7069726575977348,286076
track_08644,Reggae,93.41043937569607,0.7865327164464573,0.6817626061457569,-5.988936119984571,0.089661888182267,0.5688701084708823,0.09807339355517186,0.11963110367749774,0.5461984523625963,188081
track_08645,Pop,114.10182540650243,0.7468923635045142,0.6172383912999395,-7.122343270842578,0.06767423883807858,0.47285143750745595,0.03204502690554687,0.28044245831376063,0.6248927732968304,198062
track_08646,EDM,132.51751448251412,0.8910777436544823,0.9665780867034582,-4.733880827311335,0.0587127098957043,0.07136002600601048,0.2454002332595279,0.177537804852268,0.8070457032610066,245527
track_08647,Reggae,83.11153932704988,0.7114494421145683,0.7264281839605624,-5.50398830392408,0.04063112566339521,0.4065298555661412,0.0775208142184945,0.11565983167221308,0.5106517836507554,297230
track_08648,Jazz,101.32843312875703,0.4754088818561318,0.3477067133823694,-10.328999753039792,0.043947631734831065,0.7993853842660954,0.9483137035926623,0.3085683618412229,0.49586947641156254,406154
track_08649,Jazz,117.55623877780776,0.5405025003614314,0.4861910389121712,-19.119678105192577,0.08090722330044979,0.7712604464489081,0.9812356258330677,0.3632346454752686,0.6964052147617776,314365
track_08650,Reggae,93.7259302511861,0.6108660599612018,0.6224528596575202,-5.3416670735693925,0.07917508014407455,0.47441322968291166,0.09877594222525164,0.1293250493363713,0.5290222226817514,296188
track_08651,Hip-Hop,70.03438600079072,0.9050527943138157,0.6538407502841421,-5.452469966960602,0.5022742170947698,0.2956817603818857,0.0571721208146945,0.21003950698479798,0.7032090015390501,198052
track_08652,Reggae,99.03531409932408,0.631615897492878,0.5483833781567017,-5.465739301908618,0.06183058380465674,0.3784337599782152,0.034258597349995416,0.23458594630152677,0.7155464537386005,270319
track_08653,Classical,67.70312411798227,0.15071721706412333,0.22702519231885945,-28.604700732113876,0.04776462009050918,0.8903842058720689,0.9877141358867678,0.28658581828532653,0.36313339705361825,313798
track_08654,Metal,160.5242328034519,0.5062697741382207,0.9299214076864554,-3.226526888282171,0.04841815368523952,0.14825201452758116,0.07218158429278713,0.24694049162198203,0.3571277328771737,197423
track_08655,Jazz,114.0466502306123,0.6786977620793666,0.3661539416653809,-19.28894529707002,0.0756359415620507,0.9086900417550268,0.8710190380034744,0.3515829598698234,0.4755771499548893,370974
track_08656,Country,106.52550580713498,0.6403998098627807,0.40174018661863814,-4.527955367739034,0.05406025323780375,0.6390421356973706,0.10689509142348919,0.2324377556374964,0.7278492968225303,210350
track_08657,Reggae,97.11735477524856,0.688337818936894,0.5298816869020535,-8.06350340619977,0.05555101035620281,0.5089287493356052,0.02231473939555999,0.2558414541269871,0.6198163674397621,203268
track_08658,Jazz,131.27643968777963,0.46973459011107666,0.4173535566034165,-13.82235012405917,0.07321438945060821,0.5289606772836488,0.972406303638473,0.31166034947586363,0.5461516603398942,256875
track_08659,Metal,154.54163970057732,0.3491097077469419,0.8655541210827352,-4.297000271633008,0.05025906375807847,0.06380831703639041,0.13494588994133325,0.29884257917785173,0.5118677011749827,350822
track_08660,Metal,183.26397053554146,0.3698917077592561,0.9816748061577093,-2.7296473419047547,0.05560547099140735,0.15716757749566446,0.1350054802421164,0.24804962221606527,0.5573717530666841,219025
track_08661,Country,102.8627755603264,0.6212631008651867,0.4008420620319774,-4.393711584035545,0.04879669587198252,0.5003625104599286,0.11067599792427463,0.14340744542569717,0.787954948448893,263721
track_08662,Blues,90.83037489937963,0.6453067501396417,0.7903434059661674,-8.943568125817253,0.06518044798443849,0.4944672786731674,0.14010407712593084,0.17300402889288477,0.6263128228758862,285517
track_08663,Classical,62.19385153619266,0.19743628794285284,0.38298369935719334,-12.599539690165749,0.0396412945840753,0.9904178369808684,0.9157566888773605,0.3629445778125229,0.47579152000073816,486952
track_08664,Reggae,85.58382924640952,0.7362834039857282,0.7730340010851444,-10.384378173807072,0.04327454060445243,0.6581150318314398,0.07083201023333673,0.20994416920656284,0.7508742296620772,193957
track_08665,Rock,132.82580620146004,0.5715051011919444,0.7534643793046637,-8.7838868247261,0.1075170278743858,0.12206809643359465,0.19152116718443868,0.22463448404275477,0.6652172420207072,273522
track_08666,Reggae,97.78778549483515,0.658660836722954,0.5514004406463429,-9.055478490893663,0.047472448725454586,0.6350815568140458,0.15599509507599893,0.1613944607619981,0.6559780825699146,282262
track_08667,Blues,88.37037512351446,0.6247968803674289,0.7665707464563684,-7.9255867664498405,0.09862603131485487,0.4128762858387237,0.0074795907394824114,0.29646286088030793,0.6059067803792508,276198
track_08668,EDM,134.0209979500201,0.8270577778799745,0.957478993524655,-1.6816901691224837,0.048638666177184764,0.064867269635278,0.0006025633686326914,0.2664083502314814,0.6067941586524664,277817
track_08669,Pop,119.64718086270715,0.8952068979477497,0.6680185633857694,-3.5738172292664325,0.11591039823694056,0.28399141537387396,0.01238032962562492,0.13105997483526,0.5291168317323232,193780
track_08670,Hip-Hop,71.65588060675162,0.8933719093449489,0.7165087211425925,-5.820072679497573,0.553337574660272,0.1783568292864671,0.046014576693736056,0.22590708102989268,0.7241058363932933,226194
track_08671,Blues,78.46638961265059,0.6265785518055961,0.5513501364538954,-9.196537981888401,0.04592917104985864,0.3560765891367375,0.12474702191200637,0.2266483379204201,0.5382309548120706,242410
track_08672,Metal,174.70453597549434,0.5570176796609059,0.8759458738612487,-3.5101939235583908,0.0700772924672191,0.152541408166363,0.07254961049951936,0.16341950644614198,0.49930266996022477,279885
track_08673,Rock,132.36452424720653,0.701611701883057,0.9355438222009707,-3.6677660522836195,0.08474195453430662,0.2680912170614521,0.08667308017156142,0.14514825351271807,0.4692439166078143,241338
track_08674,Hip-Hop,86.9528201912461,0.8353685722166964,0.7128930330762184,-2.816300216489214,0.3341399815525143,0.17826950176173703,0.07907510665351242,0.12498353745654533,0.5482191430641752,166747
track_08675,Jazz,111.63198830174039,0.5673321411116223,0.39054505594882044,-13.247611659467218,0.0644243052567035,0.6069851002837829,0.7879811155763418,0.2771102746160416,0.6245892868349786,407164
track_08676,Reggae,94.07937838467699,0.795200571376123,0.5359601782302411,-5.273911985905921,0.044239545954478966,0.49093597558754454,0.17100540074003875,0.21063832090914286,0.6750380125011182,197444
track_08677,Hip-Hop,86.54185320975094,0.8346229181791275,0.6896396576387188,-4.996367248261947,0.5343162903126649,0.14311999547565135,0.0630923299055139,0.10776866150548568,0.7371761116919958,265906
track_08678,Jazz,136.731875814182,0.6036577932094807,0.3505771554132963,-12.00789193646178,0.059552312694948054,0.8552817544101496,0.8882386571796467,0.25686339053653884,0.3968449168576349,305813
track_08679,Pop,98.40139455937934,0.6024353678325763,0.6646961119418177,-7.420812902434274,0.10796854266667932,0.4109679432861828,0.02353675760851892,0.12340863472163527,0.7078218298244265,214843
track_08680,Jazz,109.61411510262828,0.5790424264173969,0.5019922581144858,-17.054948907395893,0.04412741481021868,0.9269998408501849,0.9539823494109608,0.3633929387396123,0.3788280922825273,313513
track_08681,Rock,144.7607673261639,0.6271304636886442,0.7172468506170337,-4.281882888780015,0.09727527692669903,0.19550743284421673,0.13587959801839775,0.36585995574623587,0.48126235658795835,251884
track_08682,Metal,156.30980500951654,0.5354370259817369,0.9243369485719766,-1.6501527292087967,0.04567037904917577,0.11225039360553207,0.008484221206492393,0.2693355390237109,0.3573550993562218,265841
track_08683,Blues,98.41959991728275,0.6419534866456834,0.5700416672609225,-9.790841259107165,0.08866550265764198,0.5989417576732073,0.05397096497987195,0.15102671171417756,0.7719311723171083,221780
track_08684,Country,98.9378801532922,0.5353574235457585,0.6493501912214975,-4.043286111973774,0.08479931687745897,0.4590277486742224,0.00490375365563649,0.10789859140668241,0.5805061913823877,186521
track_08685,Blues,88.50706315524066,0.6976907523547394,0.7812374376651787,-5.698040105182437,0.050998973571264525,0.6017933613242585,0.15047584813335435,0.1330604250876373,0.5894587842262903,262997
track_08686,Blues,88.3852255190696,0.6201603696865725,0.7503400007831418,-7.775323008088979,0.056940487935876055,0.4596162109560633,0.176402273008689,0.16512209741449385,0.5838361746853565,283896
track_08687,Jazz,97.40437942421005,0.6661335694958073,0.38992131652682793,-5.727359545331524,0.04236492954188585,0.5573495576260717,0.9179700850850905,0.3826092560311942,0.5868256909788694,298037
track_08688,Reggae,94.56473444977279,0.6447299831020892,0.7810998164814433,-6.865304770600883,0.08137288205779239,0.5714921358401032,0.15303459941221484,0.10873480239809018,0.5774938935272684,286469
track_08689,Hip-Hop,86.53416366445812,0.7765799804750468,0.8650534883116101,-2.688942607162427,0.5513526866588412,0.0922966377067246,0.06558623095107434,0.1902845790455483,0.715553327577237,243935
track_08690,Country,103.8993865730644,0.7114961557164566,0.525022666178588,-6.693084801457137,0.09761843104844442,0.5364880753225216,0.047154600239277714,0.10412928507632072,0.7765628542249157,293316
track_08691,Country,103.52334290610774,0.6290631498011257,0.49261720850809165,-6.018588158844538,0.06578707016089777,0.5212849553795798,0.10663910051305235,0.29073545030774894,0.5207842195717803,253334
track_08692,Hip-Hop,82.01564788595064,0.7315832949933364,0.6619113033270698,-2.1249167246196716,0.543013703861588,0.10551422743464568,0.04047215940812563,0.15982300526991272,0.5900683657829305,257078
track_08693,Hip-Hop,89.75557537288988,0.7283418642917749,0.682457347426331,-7.9007912086638665,0.4770973820568158,0.18485407663388773,0.047568689921989475,0.22681706776405733,0.8405137453485557,294650
track_08694,Metal,173.094269191492,0.3468151857068801,0.8954675274121815,-2.9132294418387867,0.07893085520895332,0.1662585194586034,0.08287362031188267,0.17003342911051597,0.3040461013324164,285911
track_08695,Rock,150.6768863796686,0.7705916281559194,0.9490023105898017,-5.52360630765031,0.1245175565352301,0.315649016628897,0.14198785761911092,0.3360630066454048,0.40213486342057786,224607
track_08696,Pop,121.78009603646214,0.8772262682790389,0.8284193477147888,-3.007200299797968,0.06951645292243117,0.15472312333086236,0.0246274759649803,0.16850199209417205,0.6829085549826432,201191
track_08697,Rock,145.84953858328043,0.5740301865180617,0.8705884984838136,-4.326654383816849,0.05789542909238976,0.3613445914643827,0.1917383069815176,0.21432117389828315,0.659076874970951,277277
track_08698,Hip-Hop,85.4805325269227,0.8892707403528981,0.8761036707790961,-3.473955888640539,0.4041160159675471,0.09054438249902506,0.06845679402471834,0.12592923712975634,0.5355280800735445,221054
track_08699,Reggae,92.59417723550689,0.6033886621437957,0.6301437012317914,-9.431439131580056,0.0515832154184975,0.5042978927694841,0.1380517884215026,0.2625937252468268,0.6386748989218172,273552
track_08700,Classical,55.84302558807719,0.2737059000281933,0.25156812573787196,-20.158738435916135,0.022290593229631894,0.949019715969228,0.9637234580192142,0.3101443035166601,0.25879023187846834,414896
track_08701,Classical,61.74679493843398,0.18882028164956918,0.29200820074179806,-26.183908639877394,0.07200766004234861,0.8676799428673375,0.9687655624773928,0.2891625185254648,0.4592570845483368,301380
track_08702,Pop,130.22351420400412,0.6764170842201633,0.7726179963068178,-6.249302793015307,0.07425838000867835,0.17210669110175614,0.01029104297539938,0.2348561187379571,0.8687370571547401,230524
track_08703,Hip-Hop,91.56799991599841,0.7411126366899812,0.8002834883970826,-4.899310499883628,0.45415588909870497,0.017574405954534512,0.007991935851900023,0.29285826657837544,0.8758843120124469,157995
track_08704,Classical,36.01671469024627,0.2080918162470051,0.11945469926020014,-14.137057914142797,0.02295529915378936,0.909862623212938,0.9619270673028248,0.22881671492807346,0.43774873917508317,416802
track_08705,Pop,112.34956030727267,0.896748235682964,0.6644848500818314,-5.71262006669768,0.052029795460023044,0.472193429561622,0.0023552041475973676,0.28046429915942506,0.5801187096243469,210411
track_08706,Country,96.94048441107952,0.5044610376109673,0.4486528273153148,-4.141683189081152,0.04862837651388015,0.4021305971608236,0.177013182669064,0.28279463696728635,0.723323859672808,226698
track_08707,Pop,113.26123541954782,0.711802417209034,0.7088493763908823,-5.56145183376432,0.0993393370072129,0.46396122079804447,0.006454111492306597,0.19404070504812343,0.8939311035861367,212648
track_08708,Country,102.03487306957268,0.7224323403562215,0.4213118852551604,-7.114423884049308,0.09733046574975011,0.44477741788597913,0.03768683330789988,0.20121146966934644,0.5399509298113138,211605
track_08709,Metal,154.20149064152872,0.37923708854704996,0.8458834634172415,-5.913673483772821,0.0712532012804141,0.17560986621074864,0.07313430799191212,0.24025169492742754,0.3194885673223159,183652
track_08710,Classical,89.52675986830708,0.17514322982249192,0.36546310370454593,-14.194494071512349,0.07283373809154872,0.9838955501929225,0.96792411914072,0.39300104322730367,0.3864565367699896,453147
track_08711,Pop,112.65703551140228,0.8957877502853313,0.7066710324984609,-3.8985456627868675,0.061824663692118184,0.43202610097771077,0.02306071192145133,0.20198606809436548,0.8874618290793438,245752
track_08712,Pop,108.05958843261402,0.8848222055962105,0.6257803188752389,-7.86907007079858,0.08728469671829324,0.40795890024731285,0.011047002130880147,0.11605895110329907,0.8382033357635716,228372
track_08713,Pop,109.8392483348348,0.6329344505195457,0.8022306107119538,-4.702007708396171,0.10690221618795182,0.3873474708118646,0.025257902581424588,0.28816494703454354,0.8014238450394792,221115
track_08714,Reggae,93.4593510197254,0.6034286643628174,0.7598519188407246,-7.062804371356274,0.09078350041886879,0.4570687697057978,0.1266594103998757,0.17757045691367723,0.598594584981762,281373
track_08715,Pop,127.85964185815133,0.8284312798836271,0.8082873609037629,-5.12916317264453,0.0551050136624464,0.24590452108215222,0.00018955743362150668,0.21904145779598566,0.8900222728858844,244620
track_08716,Reggae,95.16268190577458,0.6972467414772641,0.7124583821174266,-6.806852991665346,0.07569018491406464,0.6542332994280188,0.06436814423105178,0.23467666011053934,0.5193944910967455,201933
track_08717,Blues,90.59237111378225,0.7851353522455443,0.7608589974104335,-9.701930205978819,0.05950802315313462,0.5350501319820495,0.039334643825656906,0.22553845286389526,0.7403523656996266,184732
track_08718,Metal,155.93603853821475,0.5319580345405553,0.8631160892594327,-4.888995415803281,0.0653636008005273,0.04307142985836643,0.09974675100065154,0.16350451928161977,0.5470433284441718,304466
track_08719,Blues,94.23677646783078,0.7549644308727832,0.5323313490264983,-7.3385581498900425,0.09497966486281165,0.31408508432141946,0.12261652517967275,0.21653227118054574,0.5707318175567917,284446
track_08720,EDM,122.25550848123702,0.7726411268237064,0.8974994613664469,-0.20599821216961178,0.03308175369828642,0.16070190182348496,0.13659825088574917,0.23073838922658338,0.8877492951386499,274681
track_08721,Blues,88.50449005109375,0.7746148739229339,0.7553638530639089,-9.061928536194785,0.06838713417708184,0.5737168638946688,0.08786370885410794,0.11789759430114354,0.7188613394866848,266531
track_08722,Hip-Hop,80.3133565892642,0.7215731639390204,0.6473563219669236,-6.90632838830858,0.31295552606967486,0.14537505613578316,0.03906492456515557,0.2179184310036973,0.7754880467633237,165094
track_08723,Country,102.49541352666006,0.667792802177405,0.4662421166355584,-6.452984649819614,0.09182336493086418,0.5751020307284811,0.13776624978262347,0.29004921878359646,0.7659402410828603,224929
track_08724,Hip-Hop,95.17875096646246,0.9463217318361279,0.7403961896449951,-7.779966691639093,0.45517691402588756,0.006976541027908412,0.09475852597711859,0.13496258280786574,0.8701585458370026,184434
track_08725,Rock,137.83553921774975,0.742229282613914,0.8930449516048963,-5.278236867923337,0.06594272759754757,0.3271102870656271,0.19100822785576765,0.2572282695069652,0.5962150502469569,278534
track_08726,Blues,92.23854963176487,0.6688528138430999,0.6587531673172771,-11.12619290950581,0.06014925308557415,0.5327194894885577,0.11431600016348878,0.13159237228834963,0.6244091199883709,187909
track_08727,Classical,61.544179986095216,0.1697610237928634,0.19294006605151373,-15.522760018443758,0.04364630588046313,0.9057168977376,0.9776420309646013,0.3479785758376286,0.4902423093211333,566842
track_08728,Jazz,128.401075833112,0.6138124546409014,0.3272116712343377,-5.326713300315541,0.04521796045082254,0.8180535836088831,0.7069399956209369,0.35513554376664924,0.33840833984365687,357360
track_08729,Blues,86.8238658992986,0.6456297369849961,0.6074993198645142,-6.026335349695259,0.06256634350900142,0.39580955591916744,0.1565384832986788,0.2886318206303041,0.7324352025512587,209939
track_08730,Metal,160.0926595192224,0.581157799781107,0.8852058419628325,-3.679768197386882,0.05401978024712976,0.14622680878047314,0.05212604931400888,0.14807011888438668,0.4888566966060087,272447
track_08731,Blues,95.00755844865832,0.715683661556442,0.671669192681239,-5.988906172737419,0.09282704238353606,0.5240671744245702,0.08568357403262827,0.2240136146536904,0.5358984028052198,232866
track_08732,Reggae,85.82311179557891,0.7189270461528897,0.6275580214627553,-7.758551552525998,0.07984072901663927,0.4381982165919069,0.09241695566524342,0.151119313532108,0.7315856205208613,215981
track_08733,Rock,153.88027255040464,0.6959409118147976,0.8254163299303088,-7.305062318442089,0.08339401266054963,0.16339538365237097,0.13614938757893352,0.37137437404256757,0.5162929960088338,226107
track_08734,Pop,129.59942354487214,0.7192708514168838,0.6129880584165429,-7.968806095083039,0.07975939099852292,0.39117445094406333,0.04304041256901244,0.18629522939911952,0.5721016757193131,209843
track_08735,Rock,160.10128266524933,0.6628493460511757,0.9521844631120222,-9.87035185625683,0.14905521560102314,0.37876186256055,0.044890665979132494,0.11445016678233952,0.6470624345608154,271581
track_08736,Rock,132.67335786449948,0.6425826774509359,0.7834796473304326,-5.525923156362826,0.10630039676031726,0.1444996597352728,0.23984585119582627,0.3248532556074137,0.4339304722053767,286387
track_08737,Country,91.9000851334195,0.6153233011529454,0.5572145176176676,-8.336775093905525,0.06287444502025921,0.429848382010642,0.03533759608193483,0.11760643394449095,0.5558523785900187,248517
track_08738,Jazz,85.4912058808201,0.4113492260685645,0.5389903396631829,-17.01309041496259,0.07119939151221275,0.6851847523600714,0.7987086857338663,0.45713036474097296,0.49449108447321855,327803
track_08739,Rock,141.38708210782633,0.6460941888762672,0.786131196574523,-5.656571448070439,0.10579969137446545,0.1322002456339087,0.026749552098753526,0.10889942282311277,0.6369240053033185,229671
track_08740,Country,81.41805077870447,0.6752401365128802,0.6267828832439549,-9.782561705162442,0.060547594363453194,0.6829644575758858,0.06259256904531929,0.13939159738622642,0.6563893578664388,255113
track_08741,Pop,96.19137623803908,0.7250382832870517,0.619560143891349,-7.3820734117966404,0.07933509338735563,0.16051426690466553,0.009498492799926334,0.17374401889644164,0.70959898659475,218095
track_08742,Hip-Hop,89.554755670935,0.7446166610150189,0.8460691587767417,-2.4692468756509145,0.5512489226587426,0.24146124841871794,0.05483842053379841,0.16672956008038423,0.5687746221404859,167889
track_08743,Pop,129.07026927114921,0.8409569044290985,0.6072498518656837,-5.324008132362063,0.06304584572938333,0.4557220763279294,0.023242100432371484,0.18314661192406895,0.5827221221239691,189590
track_08744,Classical,75.05633077052505,0.2982492309115269,0.12028947035038727,-29.158670135391723,0.035954645247515696,0.8733045907033399,0.9388225694553325,0.25752592693081816,0.5756409513177122,396551
track_08745,Rock,141.90878515311863,0.7070288741855264,0.789515983611795,-9.234741393091536,0.1324888126379914,0.26629138799097485,0.20952364485703204,0.23734133147969372,0.4889431454723551,192764
track_08746,Rock,136.19940321468002,0.6028747667405603,0.9569305969056732,-4.309452617237499,0.11875438309407617,0.13868400751539664,0.0583006149903313,0.3108967665122224,0.5112256590429196,224429
track_08747,Hip-Hop,82.7612511445348,0.8030093058726291,0.8834746529335348,-3.0598414933394658,0.5789877416193043,0.033333954621699566,0.03708104109162438,0.21099949853761144,0.7881075348187211,197192
track_08748,Metal,159.84251422743745,0.46235638213780783,0.9230533084002451,-5.213740787792475,0.0669451533147005,0.17807944739063836,0.11199783031375875,0.24736902271131406,0.4566913054592586,337109
track_08749,Rock,144.49796807992337,0.5264510440051241,0.92545485440683,-3.246740457269759,0.0632291056079098,0.16769551141033268,0.28562055185263424,0.2468676071721355,0.7290353652924256,237825
track_08750,Jazz,119.37151816416433,0.6664886310532733,0.5665111210662273,-15.246036123161394,0.059017374888645016,0.6811059135589725,0.9642319035817826,0.3144256137884836,0.5264422506245006,369486
track_08751,EDM,132.83097727230225,0.8147749206529298,0.951485492824842,-1.0066971350630411,0.057325261709573555,0.19986092050864135,0.02366589134508067,0.26644154730114156,0.5867641486562633,262521
track_08752,Rock,146.45667383697062,0.5707236799981106,0.9671302519356568,-5.46784993324218,0.0673287814618023,0.26523054748802866,0.21222204768378516,0.10678877530319962,0.7679329825173431,208759
track_08753,EDM,125.93723064393795,0.8316790544536854,0.8618951987537468,-1.0749318254631857,0.03802425106310531,0.1311682141890983,0.19792134571201522,0.2862246889781844,0.6764783217401612,278776
track_08754,Pop,122.47572133533447,0.8756520791323145,0.617080623892905,-7.476455991898965,0.06068961337586802,0.35284831162631114,0.01831525352856443,0.12984878783952025,0.5487859883401658,202672
track_08755,Blues,96.31586592663632,0.7353290586973411,0.6227884393989244,-11.80399184355776,0.0948114832101262,0.3907362818205489,0.1449474115144001,0.26308223405673453,0.6760311517058695,206953
track_08756,Metal,158.04361773952976,0.4817783275293409,0.937977735043198,-5.548534143844317,0.04474742389018597,0.12830492944149757,0.1204270200033622,0.23364232396655377,0.337333222136653,323849
track_08757,Country,115.28877806272189,0.5376616411349854,0.6213598265978024,-9.573534743399048,0.07431116375786273,0.6004206727746988,0.1329463752816583,0.11173149054389529,0.615257363848605,226346
track_08758,Reggae,92.3115089342217,0.7546363156986502,0.5035222107518644,-10.364106095328026,0.05308785788690145,0.5535893847056148,0.1575713633304854,0.24370784115991664,0.7286066207796204,238070
track_08759,Metal,167.37160290885095,0.4835913789555153,0.9097979021404653,-4.6656821291074655,0.04019477998684928,0.10877537409349057,0.17828779441383583,0.147075581926249,0.38360786000392594,341302
track_08760,Reggae,87.39797827917269,0.7184644513260828,0.6682944707774925,-8.136518654540922,0.07393767844352697,0.4276711347981253,0.17238891462535896,0.20645707698927515,0.5137263978721436,181495
track_08761,Pop,108.82609064867407,0.7993239766938663,0.6502170088274706,-4.44863604036716,0.10878997254650087,0.3965194476578362,0.03814255380671321,0.228753091907033,0.6505201623743149,194650
track_08762,Metal,157.71563246511585,0.3473101762733058,0.8101956356287726,-3.9817308357116783,0.07481264954630279,0.18542072442194416,0.16646388878766352,0.13408328220733418,0.31463427179211306,260971
track_08763,Country,111.47101408743653,0.567640808783038,0.5014416423813913,-4.194455292825216,0.059872429516690015,0.5944746086931886,0.1001333824246554,0.2709555676977219,0.7513065556266563,288291
track_08764,Reggae,96.50305148509626,0.6244271173055761,0.7838226501816665,-11.608026141257072,0.058776180699974895,0.5812018099502012,0.14349251653558256,0.21341142149672226,0.5212839255569636,208776
track_08765,Hip-Hop,89.47095850237471,0.8035502491893141,0.8582643981624762,-5.902965807355027,0.5468826093908616,0.17800410644475118,0.03925165401532467,0.16877307221358706,0.6044222429613771,197189
track_08766,Jazz,144.14257671253225,0.5862323630438118,0.43633537022482116,-14.941930496067066,0.05053012908503396,0.5004725505526135,0.9027201105576008,0.45791709168250483,0.4406219736453701,419668
track_08767,Metal,141.4464977048824,0.45654070188395335,0.9411557103183277,-4.03114384873655,0.07643208377315172,0.013693843587235556,0.19742019176019698,0.2522773031328033,0.47795351012025644,334326
track_08768,Pop,115.57493854045565,0.7683968125894101,0.74649609439463,-6.552424302188843,0.10941593559676932,0.4156834883771927,0.041070537009997285,0.29939528448305786,0.6235764405870634,213550
track_08769,Rock,134.82771575884138,0.7759663147500788,0.8758262402845157,-3.4831291573931438,0.13414512270384843,0.360949860467925,0.035925035162129644,0.30876485925621133,0.5601577499328345,188778
track_08770,Country,101.77937648167766,0.7438289695961383,0.6287954132404336,-5.1249756676114675,0.06980824514081199,0.6332873718664735,0.12200121239407576,0.196955403445707,0.7562547986448878,180418
track_08771,Reggae,88.28381040903884,0.6325233412650098,0.785311056726501,-10.372930212926258,0.05331338024238677,0.3439360615920107,0.057580148714972856,0.2682014039541041,0.6709486405336504,201086
track_08772,Reggae,92.79586748884978,0.711527173172555,0.7126773630220423,-5.671597093962937,0.09311859463941136,0.403458438993542,0.015012721562040587,0.19394837573521084,0.582929020378516,226492
track_08773,Jazz,108.64064067029169,0.4442524903494018,0.46669186941993657,-10.006255134365901,0.062287984952525126,0.5322955386044348,0.9395229575605628,0.3961928442370237,0.5738257564975473,323515
track_08774,Reggae,99.89736104095593,0.626140300658048,0.6356235338007341,-10.310978249776912,0.08685851550417314,0.5127839787753647,0.026407663890545788,0.13925127198032666,0.766055700096145,289971
track_08775,EDM,135.32591881913785,0.9034752738512698,0.966925164977529,-2.859981764480076,0.03151158074261974,0.03567408199300579,0.05859816095967508,0.20075895819085696,0.8663430403542327,193991
track_08776,Classical,63.90862612231559,0.14839288895378883,0.10107863247490345,-29.61897195866841,0.050894278357385137,0.9027162402316796,0.9036073756965485,0.40983925747277,0.2107534054612705,462645
track_08777,EDM,128.9730823118532,0.9056054236432471,0.9996667611449428,-4.112986320687709,0.0325100045335474,0.15489523421230852,0.18947838813946125,0.22682875813217,0.626502957960773,296347
track_08778,Reggae,94.87401646288167,0.7175002436655894,0.6899490368589793,-5.657229844402586,0.07208998742817672,0.32068642970507216,0.1366845276061093,0.16990015795020733,0.652868089225591,215137
track_08779,Country,102.59301059586532,0.6863006698133933,0.44512240931927366,-6.609656285583731,0.051107402464154086,0.4076620720175244,0.1457178963280454,0.2958260715255371,0.7183577283542786,210393
track_08780,Metal,170.60994025048518,0.44068150661139704,0.8357830894421623,-1.425586247395576,0.07624273739042853,0.16938391122761212,0.12425671515175572,0.14731733743870895,0.3722886905119532,187283
track_08781,Pop,122.19837618023648,0.8635229514974969,0.7880196404149692,-5.702755577437998,0.06776988497148537,0.258854718080126,0.04599318779571898,0.27261197828994105,0.6449222596345613,236994
track_08782,Rock,146.15044719027253,0.7400475866218874,0.7644467248515122,-8.869708392617957,0.044492623332269256,0.17067134263227435,0.25016066779223617,0.2613917271325562,0.5075862101769386,190722
track_08783,Metal,182.35801269400534,0.5742190497821873,0.9426048001277505,-1.015811605566526,0.03382847240341877,0.15007777551589357,0.14653905530130848,0.12177385350908028,0.5897815926813634,275810
track_08784,Hip-Hop,77.8253481262039,0.7064611761116788,0.7880456310967611,-7.563280037652323,0.3606516706816318,0.1633205835375804,0.07939262459033004,0.1871155658884379,0.8517881158729963,173043
track_08785,Metal,175.1848705342481,0.5465957505194916,0.9686201902396953,-1.2740876884107548,0.043394100448720566,0.07649663772212101,0.126782180731286,0.2753236162751633,0.4802899515161834,205423
track_08786,Metal,154.3099828927563,0.5406055086997225,0.980398030310066,-5.958217812672935,0.030253378106651924,0.19079993091139114,0.1113006267340972,0.11765492951790098,0.4069352774613129,185675
track_08787,Pop,116.01963439933535,0.6968940962256138,0.8161580855863142,-4.855822484001998,0.0794883697320791,0.2813672007985587,0.013428616431411973,0.12169507306897848,0.6210329993464059,238396
track_08788,Jazz,142.88762828547272,0.5007098388928464,0.4407501820076063,-19.0544886566948,0.04635995196235956,0.864716688296326,0.755019547997312,0.30169145002932846,0.5547787819393335,307957
track_08789,Reggae,96.8505397410617,0.786644409417302,0.5382615708085676,-11.806553158463187,0.0809556402376135,0.5471337824726061,0.18093733735709944,0.16464049720886487,0.6657508482076631,277689
track_08790,Jazz,141.90878430888245,0.4680324105693251,0.31484481400260933,-5.0800790993391995,0.09893417992195155,0.5055937147718697,0.7812398477415389,0.2061338038158816,0.4206956627514333,284440
track_08791,Hip-Hop,80.18670951864803,0.900396860964469,0.686069298916977,-4.213655494171667,0.30223582133875937,0.2677345886691007,0.02599527383502226,0.20750978003974285,0.7273272563748876,294108
track_08792,Blues,84.89696788940809,0.7181974724698681,0.7600733993225613,-9.682020116130383,0.09602190936622243,0.3938427735874343,0.02358062150619531,0.16993459002641156,0.7677765315257681,186258
track_08793,Rock,158.16756133841548,0.744702447399307,0.9715251982085968,-3.056999470888969,0.13143251468053752,0.10285048366546946,0.11787241360550527,0.35627670783897003,0.7904289674958067,226959
track_08794,EDM,121.84974052381435,0.7372059481960904,0.8225606704516407,-2.3915447514976518,0.06814240579507615,0.16035560950558161,0.053132806653318466,0.21751950272286824,0.817424698387438,221128
track_08795,Rock,139.1782070639563,0.5336460484080997,0.8343896385234846,-9.306984607419237,0.05086369608133124,0.2308977309909696,0.034327365685434263,0.30102720646519365,0.6175450290960532,262349
track_08796,Reggae,96.0660487261959,0.6283250036225663,0.5514943976246216,-5.3482276380916565,0.06507693041083856,0.6810822784079569,0.06768553033524097,0.16953982059882106,0.7120949474950974,228418
track_08797,Rock,140.0032476107202,0.6417863809362205,0.7896421126558284,-7.772174248177083,0.054900793485039436,0.38365323920579464,0.07138878688185922,0.11157726616972467,0.5690342407303203,180805
track_08798,Classical,85.60998938038254,0.1160118729328432,0.13026916516927753,-26.91121455273467,0.02178863891922239,0.952476742500798,0.990615593205461,0.35664281546054677,0.526572198524907,536870
track_08799,EDM,132.90357499592176,0.946924492426206,0.91315756903924,-3.511311595564236,0.04344168118684898,0.12247026872653906,0.11432831888784731,0.20198507003433552,0.5918852304958269,234597
track_08800,Hip-Hop,86.02676728752033,0.9111094634830402,0.8858942111895033,-3.4881661890933744,0.33114313068328494,0.0511422312342747,0.017913316045498152,0.23078830145676782,0.571826056151312,188117
track_08801,Reggae,88.95407514524935,0.7897830686873304,0.7568491723145838,-6.252562335150158,0.061438415765212105,0.34592780159680636,0.1422235054345217,0.22962617326207818,0.746980564384921,242527
track_08802,Country,100.01608123467668,0.7144993714082499,0.6226684737602295,-9.512505797939136,0.07886102733803059,0.5357843035976022,0.026070264856180716,0.24494276737642165,0.606710463016997,213817
track_08803,Hip-Hop,82.44761218811819,0.8181982999443608,0.7072515406522553,-2.4928874858410808,0.45723713102316077,0.27053856744836774,0.036194303539386276,0.13595102548901183,0.716607336051996,244940
track_08804,Classical,79.05417909629514,0.1886150443978259,0.33499447864671406,-13.332762713170045,0.06777618576421837,0.8535844147761771,0.9765318044309039,0.3897810304614394,0.4104942612596242,318929
track_08805,EDM,133.02519525865745,0.8880845348616013,0.8090168395674446,-3.6653396168170778,0.05436648123067621,0.08765913844157919,0.2866481558846125,0.21672360901858467,0.8716337526843925,256529
track_08806,Pop,117.67198723871428,0.7787797292271885,0.8420004411361024,-6.057560651970069,0.06252045219627016,0.23601502766856167,0.013534746303960406,0.2697113454669404,0.6064016619545501,208790
track_08807,Classical,68.82498167149444,0.12296197743039604,0.1903429778114642,-13.836746926006324,0.07990639931849589,0.8267619381666531,0.9637563177065261,0.4775927794309107,0.5598846949086816,546914
track_08808,Hip-Hop,87.39651107752184,0.7704538875553273,0.7979816776326023,-7.009541721696163,0.3354274696066971,0.15371611740339805,0.03270065577998467,0.14440081958301582,0.5696371543718127,194161
track_08809,Reggae,88.76189190098671,0.6414876094210676,0.7998775934258022,-5.065801966809977,0.05514593848235218,0.62340830188642,0.16329254537606797,0.28718068917195305,0.538751400093085,283145
track_08810,Blues,86.96132475505067,0.6908821943489996,0.7592399373449223,-7.437995142450607,0.08381182033475235,0.3779415835052553,0.15861758520842417,0.18065757777630798,0.610908205593131,219500
track_08811,Reggae,95.69626361969043,0.7350363315320887,0.5082346999562659,-11.116633048125207,0.09295970123889369,0.5610527005638456,0.003612568937674854,0.21922917536717101,0.550573032033164,202000
track_08812,EDM,128.32394459630248,0.7754405020222433,0.8787092299416287,-2.7828683091399506,0.048029534456952024,0.07549576651127768,0.10711600028278159,0.11541891449211483,0.6553759657317649,298667
track_08813,Blues,79.14131933075913,0.7522412463516491,0.7670532519397233,-7.363152772785357,0.061609511418179774,0.46161765026607593,0.08370279618627981,0.12066127193026076,0.6611719333521164,271111
track_08814,Jazz,109.57155345545323,0.4334437772663365,0.328338646348295,-8.260297746819905,0.07929530007175603,0.7832379818721555,0.9789993141633846,0.38805318598141164,0.3190726224686032,345540
track_08815,EDM,129.35507767202455,0.727429262525761,0.9181805873587536,-0.7085337160777501,0.048073734664072665,0.1661001090094073,0.28079483510589887,0.15331848965766262,0.725730775555362,292086
track_08816,EDM,135.89036230010086,0.7347738761636238,0.8485268465215683,-0.46324958666085614,0.06276924662199884,0.19000455181993153,0.12272249343169435,0.18791211871746427,0.603546016595648,289331
track_08817,Classical,66.71487150216052,0.26674958935474946,0.36554700452952993,-10.640341387182634,0.05649897984976496,0.8477886404865058,0.966521562203241,0.2567215103435409,0.29623217795646606,392324
track_08818,Reggae,86.38291077148253,0.775680471971258,0.5458420735956434,-8.369346451697364,0.05973152364317942,0.5077848206577918,0.006265440744987916,0.17070464795019855,0.6452680811781836,272074
track_08819,Hip-Hop,91.978389463106,0.7844928384118848,0.6932864516474246,-7.931671324291382,0.48509151799101274,0.22968851816939528,0.0003601367645456266,0.10113452166592658,0.8464122861638055,245466
track_08820,Pop,115.54019065500512,0.6708363544775833,0.8472297580148398,-7.438279694143955,0.055525115275009154,0.2972657358664717,0.014541538341883882,0.20675766850838972,0.8842903981269973,212815
track_08821,Rock,131.65130056623212,0.6100370440499652,0.7594423824074208,-7.4760519727959895,0.0964831831641251,0.23761938480797382,0.17129427518819826,0.19088124218367314,0.436008024654524,230696
track_08822,Metal,164.60257719668897,0.4302549660871207,0.9506146154100611,-1.5167416214619411,0.06133430827104549,0.16546111510715375,0.10151193828666034,0.14323275578696085,0.5171848765963989,205264
track_08823,Pop,117.22286248293528,0.8523674389796155,0.6542981624311918,-7.660671336318513,0.08423653163407127,0.3471512944032069,0.006264650921555215,0.12144853133226251,0.5327354241996898,193799
track_08824,Rock,122.74711121272894,0.6981701603547654,0.9089485658510811,-6.9945942635867775,0.14254722598867992,0.20984389909654327,0.27062614113064226,0.11808883734035683,0.7396758827169172,182222
track_08825,Jazz,144.16704624710428,0.6771504610459984,0.5955671745075806,-15.162154103042944,0.04837524900055721,0.5132064393267162,0.9613013639529534,0.2867222937673771,0.31348899563298654,269557
track_08826,Hip-Hop,90.39536989850177,0.8022804088909625,0.7281518851313437,-5.973819072456516,0.37813977061649595,0.14152614129268729,0.0736588007703544,0.17359516780312628,0.5907143824777777,270173
track_08827,Reggae,86.7073942477793,0.6602096865064154,0.7761782040467711,-7.60666424319996,0.041827981725003516,0.6272365573577843,0.19416361152653797,0.18213975803815236,0.7256489196344744,227564
track_08828,Country,108.17370924622871,0.5156950157168485,0.4307428884211064,-4.220191138050197,0.09919759938260361,0.4831412453352323,0.0683840086099212,0.10199526858957267,0.7868046273302418,230023
track_08829,EDM,132.5185991862288,0.9151632326965303,0.9835377292719315,-3.777659800882179,0.06307215815833096,0.06869592825819341,0.28868222044895236,0.15211471723000464,0.6327042613545125,197268
track_08830,Pop,115.03369008382491,0.6011219611521591,0.7939233683306915,-4.722494650178673,0.11147073328553218,0.331073286073549,0.0022786282360312995,0.10431695453105937,0.8141225502077525,187696
track_08831,Rock,136.21587016953686,0.5149035954137965,0.7144035367285986,-3.2767981027055573,0.03650025695953517,0.23333388493796672,0.11678894002659364,0.2508889190111565,0.7521745774056722,213107
track_08832,Country,118.88873627877862,0.5133748385651459,0.608837548111348,-4.326338221209327,0.08206082369966307,0.47495789395003224,0.07243115435477003,0.14067547992919444,0.7052280808440469,229598
track_08833,Pop,112.44130239871144,0.8347973673823482,0.8167965142414033,-3.678396456039671,0.1118388385182372,0.16013161573757465,0.021414242681023956,0.23200654490229322,0.860487124365389,243699
track_08834,Hip-Hop,78.83694418915957,0.8805874810017335,0.6401676490005075,-6.240138964465683,0.4045120723541926,0.09292982184101319,0.07444491727089296,0.25065301940027385,0.7113877048886963,159907
track_08835,Reggae,86.40048256133679,0.6334285666819199,0.6790172212036442,-7.550499699611032,0.04476493253146409,0.5987082003929364,0.1102861869080646,0.15983095565114347,0.7869283017246206,223838
track_08836,Blues,86.94767392808687,0.7277960456571019,0.647534402702884,-7.347233214094976,0.08351921724430197,0.5091321886989048,0.09875054279289525,0.113941336818462,0.6091229837821307,247860
track_08837,Pop,117.13661456731121,0.6025489596255853,0.7118630074871352,-5.2401998628508295,0.051152227394269334,0.14267672623907673,0.049929153359528196,0.23511361099966568,0.7702614303524526,181218
track_08838,Pop,121.58093641069749,0.8688121943386751,0.6721238450768324,-3.734480482813286,0.05676876175090312,0.48995532787178375,0.040877586985921824,0.10048035501439855,0.5238607463334154,222059
track_08839,Reggae,95.72242204480517,0.6162460515094733,0.6344992898768347,-10.336383190275159,0.06394151862643727,0.3957118527923438,0.0831920126999439,0.2284573626095527,0.5461534218593715,284746
track_08840,Jazz,137.10314418382,0.44649224733692733,0.5771604872789504,-8.351453285341078,0.07242212857998709,0.6772646861381701,0.9951912698719274,0.22803703086666616,0.6738459684178177,381160
track_08841,Classical,86.70454636580017,0.211929727717719,0.2100544678228487,-15.84676273270913,0.04449070371246015,0.8702514851324579,0.9505356324226263,0.46844809164259765,0.4824780650510048,308470
track_08842,Pop,135.2157461861054,0.7603247168134826,0.7359786191566087,-3.6990890639465306,0.06022252151034473,0.4846760453311567,0.026015037554147524,0.1651525428684664,0.6258779101760075,191869
track_08843,Reggae,89.35303202290811,0.6073974902936116,0.6367771326282603,-5.250447641285949,0.07272571650178411,0.4509781165320945,0.11040081532257283,0.13307307897307832,0.7254031541426211,191440
track_08844,Classical,72.39538789257985,0.1025915782513061,0.12987558685756095,-26.1524030844096,0.04913435543760229,0.9506641148858244,0.9943924431790019,0.28556906435230794,0.4237173896655573,352421
track_08845,Reggae,99.57219523629152,0.758481191341306,0.5254785902351079,-8.033840758115131,0.060913801905310164,0.6335792167906736,0.07041367941764934,0.19356468727180706,0.5682958908682836,252164
track_08846,Reggae,98.3251885858572,0.7736065545016693,0.7027033696157682,-11.69225142590297,0.07359124070728269,0.62896574188871,0.18818196636696047,0.16054913837343515,0.587522148101992,230458
track_08847,Jazz,105.54288079687562,0.675795042647802,0.5647885432457538,-19.202526478142858,0.05245903747024943,0.9062839715384383,0.7801590923970332,0.40053222544828343,0.3160183537223477,336409
track_08848,Reggae,87.09591514206748,0.7459685674640893,0.7503952431754636,-10.664272102282482,0.07298917686380776,0.6752629938844377,0.07117704228216491,0.2981086067210919,0.7116821001098247,243509
track_08849,Hip-Hop,82.74175979481967,0.894467936005775,0.7857518365973275,-7.961886936768826,0.5505876761295685,0.03641367068465199,0.07376810470825322,0.11921276358778508,0.8885508601364713,240707
track_08850,Pop,110.87012607774886,0.6549055047476323,0.6021066207104636,-7.701740269713896,0.10661193160793589,0.13071276073594357,0.03890730542296837,0.2639605379466503,0.6227639642439987,241629
track_08851,Rock,149.07507388674537,0.5306369562258517,0.8500406543522064,-7.350416239517115,0.060841653518666244,0.1951476866952861,0.09553604476739026,0.24524536881912642,0.7373242990083748,250785
track_08852,Rock,123.75186663852872,0.719691792596075,0.8391860866601624,-8.333379675097984,0.10318140073771583,0.39613159485703164,0.012300038326484729,0.15881283472903754,0.5962427329560748,197952
track_08853,Rock,142.2858835410184,0.7004281359678244,0.7201680569604363,-4.478542212192512,0.12894401945392323,0.31533543671053654,0.21830226551181314,0.3069321086757145,0.5744607397622084,199251
track_08854,Reggae,87.7133675560568,0.6565221512567944,0.6138185349205596,-11.187451331113554,0.09121197524641991,0.6037620236822787,0.006820801238720442,0.2522525502045272,0.7484163258618083,279902
track_08855,Country,62.795717841332475,0.5997619214637286,0.4137227066429232,-9.14040973137207,0.08001417123281339,0.44282229986166005,0.08240900022526335,0.1708452195084467,0.5658578830388783,184577
track_08856,Classical,46.65623394207426,0.21475919539193922,0.22289268767729267,-21.639195138369175,0.038732303446771615,0.9637084090344277,0.910356051051005,0.35989125993115023,0.38328726279858816,483508
track_08857,Classical,75.2526122047076,0.25673273505795297,0.22228351725898066,-12.916842361463576,0.022276995321981984,0.9771108593618907,0.9470014355971562,0.29899817438874404,0.41006483635161584,493148
track_08858,Reggae,91.93748838389561,0.7230587609917005,0.6854301618784429,-11.300302543106394,0.08373967980849174,0.5846757482333959,0.023151340355566097,0.10871786015174699,0.7948400753210139,290825
track_08859,Hip-Hop,87.21025284910483,0.7982151576795754,0.7185044716344171,-3.4531450446601273,0.43790414834614894,0.021741646384082967,0.024676937332611892,0.27892421700277714,0.7367796596804046,285921
track_08860,Hip-Hop,82.13596359064056,0.8535139890483606,0.8142761409780855,-4.239994610013435,0.35083171468129254,0.03715503668036935,0.06245743605078783,0.28280131008756915,0.8854627044195921,253276
track_08861,EDM,125.98060629330428,0.8533797478238858,0.9218110558409942,-2.3122397838152784,0.05968259020075006,0.03399712314303551,0.056606812971746454,0.28893410307038736,0.8359436288192916,216199
track_08862,Reggae,95.10360479012343,0.6018049634741354,0.7600890865201535,-11.59327529836978,0.06579183993964258,0.5644558885535984,0.13022936609368888,0.15964140528469298,0.6498712140996371,256913
track_08863,Metal,183.21737014159854,0.3402885855488011,0.841212697975311,-5.508834342300584,0.04357577815076219,0.17630987997534905,0.17772992297908868,0.2347179028497695,0.5627054878208646,281517
track_08864,Jazz,127.59322847663458,0.4155322905212482,0.37868922374882563,-9.671783262157922,0.06670132713808637,0.7501060405262812,0.9926445093390532,0.32138656135090815,0.5380525303565161,306871
track_08865,Rock,132.10318113971738,0.5850831619512136,0.7083413461949485,-3.506709437958884,0.09496682642608545,0.3545648848762105,0.004629538906895291,0.33912147341871324,0.6817776662808803,252554
track_08866,Jazz,100.79073638196772,0.44664523105621856,0.5653636395394465,-11.232076210396308,0.09341618375047572,0.6285607279679202,0.8901973812254225,0.2653877118592886,0.4156193360365935,259315
track_08867,Rock,132.51842514046314,0.7064918753512123,0.7081810326413889,-5.577647615934268,0.049485418372796686,0.10442366744559976,0.16311480638256584,0.1337178284777599,0.6245940548884212,287604
track_08868,Blues,86.55112952527054,0.6967666063887159,0.6132416750610722,-8.03442396981523,0.08884363941597795,0.5708511216193382,0.17340448962501998,0.22316210532711975,0.5315103721629839,239894
track_08869,Blues,83.02782653880827,0.7533586422387433,0.5132688961010398,-9.593000939204039,0.06344864754839329,0.4326192525361956,0.18896748049812662,0.2664487411786156,0.6591204549586144,292564
track_08870,Reggae,92.19223417951655,0.6290216239632109,0.5292143883475746,-9.126253204846533,0.09540403127264135,0.6451625761499988,0.13565509799407607,0.24377964873613728,0.758166472534335,191490
track_08871,Blues,94.697084283133,0.7713422598652204,0.5001515515303329,-11.057092871252648,0.0849646106650601,0.5448447647085171,0.05226749372283068,0.15492853890170813,0.5333181562652988,249087
track_08872,Country,94.34934079642535,0.5786982254336982,0.5968711816155025,-9.740933779834222,0.09736658634007973,0.6915051671004482,0.10566390706902468,0.23151039908916293,0.7293706991614424,237497
track_08873,EDM,126.91377019224795,0.7338005781031484,0.869916701546374,-2.0192434745834005,0.06783074734328254,0.059105073761376636,0.20561910987162096,0.12011937137116242,0.607252829907943,253515
track_08874,Hip-Hop,87.70023371958723,0.9000114181612204,0.8405012099522032,-7.360980961540593,0.5279233204434695,0.23048995850449533,0.013215628587809414,0.19429775090374496,0.5391503867045144,196417
track_08875,Country,87.84417573068629,0.5330463800596374,0.591487372829828,-5.039488858668862,0.04080126918155339,0.6712740705798315,0.14740547114038832,0.2356089971570742,0.5362896856169156,289825
track_08876,Jazz,129.12688282196075,0.4284616831097027,0.3974724781563952,-8.990170861113869,0.05020267048376897,0.8107079484420544,0.722476931882222,0.2232077005888552,0.5778762656865168,301601
track_08877,Jazz,139.67736688907408,0.5857549575478898,0.3526931008488785,-5.893294615350481,0.07166440443936781,0.6954125320477029,0.74042863649642,0.3686974798657139,0.6610175020727758,316018
track_08878,Blues,82.26879498782361,0.6520661877442836,0.536931676292853,-8.213855110754793,0.09785273227155764,0.39749133880467913,0.031964146414006224,0.22122755305490666,0.7569593970935967,206389
track_08879,Hip-Hop,87.1652335076503,0.8648011238814585,0.6945848356060642,-6.88367518674592,0.4871365445027609,0.2745664688048778,0.0250501998678481,0.2612696907849354,0.5353946056037617,195372
track_08880,EDM,132.09552284333515,0.7138012498261859,0.8764369788861777,-1.5187029792168039,0.049830784992475965,0.10756983873458115,0.1724878496236611,0.14466825335529263,0.6334030704993814,252687
track_08881,Rock,150.8763709721575,0.6791395707909377,0.8450169749219543,-9.390592453004055,0.11846433003484107,0.3067809882938892,0.17692167754303628,0.11813323050135587,0.6570987224342129,211149
track_08882,Country,96.86449693079692,0.7305090424086076,0.41862075076090777,-5.414304649939281,0.056891894932019085,0.646664916129668,0.009675150051770998,0.2673881627382404,0.6859434728893207,278104
track_08883,EDM,130.67907844484566,0.9139628244360261,0.9871647408145637,-2.3900190923479325,0.058707034894017796,0.09630354146936329,0.27181904678505237,0.10610614600573681,0.7874438745007641,194412
track_08884,Pop,128.988110500862,0.8585622580225745,0.6165365203203396,-6.400063351064071,0.11590474893827053,0.40759895656349243,0.004046039377178801,0.1928918038134687,0.7050145994325343,201549
track_08885,Classical,82.8410705561564,0.16481002635890488,0.36303522071642524,-11.289868425594527,0.031377356163571714,0.9308190144764645,0.9905948819276127,0.3424959588758041,0.33413676255587504,353912
track_08886,Blues,82.05890160325202,0.6404469434289193,0.7313473028103274,-9.744163631172734,0.07391782297206373,0.688356483534101,0.008857343558772502,0.1341373069229928,0.6818302417307504,209597
track_08887,Rock,146.28002263956046,0.5344966899785355,0.9716349278667638,-5.849337724541646,0.10019837748830522,0.11676781807981457,0.12639356308299246,0.15847666432265906,0.7234110838756349,208786
track_08888,Pop,100.33763295250071,0.7056115695901937,0.7076891937119081,-7.378829087413039,0.06773868765904434,0.3906508927788218,0.03911918784028024,0.13648759140429922,0.6306480790866824,205490
track_08889,Rock,142.3917195936471,0.5907666907992091,0.7743674162847922,-3.7450966238286103,0.11083567620820328,0.25374167026655325,0.03217638996839044,0.14359376029070015,0.48953233528276474,202238
track_08890,Rock,137.86008161996492,0.7916828071035832,0.9703542030047885,-5.8497910878191695,0.12746760714108837,0.24628657387278083,0.13038847898713288,0.22013968053850946,0.5818119109139086,266148
track_08891,Blues,90.54826377246901,0.734824025435667,0.5247043959171475,-8.772964577234184,0.06590190322232625,0.6346390359812488,0.1558823928520886,0.1830863831448872,0.7183125262393104,224989
track_08892,Rock,144.09524227568025,0.7523935621684912,0.9190469447602547,-4.487334414734195,0.05174712796485578,0.11428760353926624,0.08692299723261106,0.23273382617008884,0.5083112734274688,299819
track_08893,EDM,125.05797230216152,0.8000665069968274,0.9442687523990861,-4.922167652759753,0.053184984042854884,0.05889127537453614,0.05403409262435172,0.1567971183870023,0.6466854106124612,288552
track_08894,EDM,122.99662899729078,0.8644823518595874,0.9728396840806901,-3.2928564125057216,0.04898110447143453,0.10633724634814762,0.008781701571422261,0.2656759966092809,0.8775196458082484,264923
track_08895,Pop,119.29616401945655,0.8217159509984331,0.7300158818856448,-6.277738857264196,0.06101655421471344,0.14197484747273853,0.037782311267116016,0.11201492039938035,0.7330460387520155,206422
track_08896,Jazz,106.58865974365591,0.6416987485826191,0.5864173678570936,-9.180287195322734,0.04834305752524836,0.9251201138036715,0.9375389934850007,0.4588233859012271,0.4945366051499136,333924
track_08897,Hip-Hop,83.769441087773,0.7288870127810803,0.762861837885328,-6.009437752543076,0.453298223409462,0.2186631913633887,0.032517466406710396,0.27257998409359985,0.6717101333688409,186356
track_08898,Country,101.31885083095698,0.6125221485501311,0.6233518574666624,-4.162281340723943,0.044955611924681116,0.654099722621071,0.02838672967464455,0.10342621753823825,0.7541082230729139,205611
track_08899,Country,104.25129645661858,0.5157643811765942,0.5344642312074959,-5.774953225569943,0.07477948024270667,0.5013654068999414,0.08777129558002608,0.2014915510075636,0.6285333755965036,250735
track_08900,Metal,165.43957287917644,0.39411499610263423,0.9481128108466625,-2.717581061535652,0.0722992102957438,0.018383155553374508,0.14002797563922317,0.14898720558298273,0.3724791400316331,237774
track_08901,Blues,90.19662184816222,0.6931062388135908,0.7445320118636002,-11.821861209615586,0.08242386506909039,0.32245031990806233,0.04888347026706899,0.2334133002754362,0.6140584547677053,298805
track_08902,Reggae,94.844121607791,0.738852301991451,0.7964329544824379,-5.92368318898981,0.04809355610588828,0.5825514261662137,0.057078093952896494,0.21893107595524314,0.694241271551254,193803
track_08903,Reggae,95.17044706963075,0.6779238794641149,0.5458200007227785,-8.47392360291461,0.05563530339365108,0.429199979258273,0.0632254216002701,0.16916784958819603,0.6494369069178315,196016
track_08904,Pop,110.61882312466652,0.7429829707539868,0.6876777966177452,-6.0344422997645335,0.09272141767342881,0.318881989306247,0.021938109948498027,0.19927431193157702,0.817057301253669,207361
track_08905,Rock,142.21250095715828,0.6557465365758325,0.9293647500084727,-7.767841159452523,0.14671321760608708,0.2426123573831455,0.2784880128992724,0.32793663018841945,0.48460380434855166,286297
track_08906,Rock,146.76725428913187,0.6445665561031468,0.8471431353063343,-7.599980584494874,0.07740382867079386,0.23656336048345625,0.05376457309298836,0.24585398543523446,0.6387468951703106,235520
track_08907,Blues,92.00351634398557,0.6219280606340825,0.7528055994545602,-8.522588478975369,0.06552569565509828,0.45326242915504067,0.15695199336862753,0.11619541345528922,0.7116323999553567,230470
track_08908,Classical,86.0413944569143,0.12475380960611132,0.23563546751001507,-21.552824444961495,0.031440343229076184,0.9487468134807215,0.9968544666657821,0.24578892851520198,0.30889855393451904,475127
track_08909,Jazz,103.35567841672355,0.551959412482446,0.5978455764880456,-12.816400222826871,0.08726698122203444,0.5911597485167206,0.9522559096864045,0.2529046073760209,0.6974571730988596,290299
track_08910,Metal,172.20396390231392,0.46023655768103755,0.944121291789974,-1.9772449826770648,0.06478134844687583,0.06381290495113182,0.1922927514985978,0.11214831625787225,0.4116919021400359,278122
track_08911,EDM,126.63430047043539,0.7247719886423861,0.8879348320616245,-0.4473340164437758,0.05377095192194594,0.0615954757885556,0.05644041940382918,0.20249078198521014,0.595985148169438,250480
track_08912,Rock,115.06692544035502,0.6927873141931988,0.9536303841585724,-9.11050118144523,0.030382660738897806,0.3981191565621719,0.1351309258174955,0.12053599200485787,0.6353997402250262,285334
track_08913,Metal,160.9389258504439,0.436391527979481,0.9405250571314394,-1.3519635044128915,0.061278165411795676,0.0643213987164513,0.01615211461121533,0.12237055537688918,0.44412058073022787,341897
track_08914,Country,100.97365537836137,0.5810605328141143,0.6773484033069674,-6.009095067553642,0.06210052260969544,0.5997849678525258,0.024182839223258104,0.2886882646542142,0.6566975755914797,213968
track_08915,Classical,77.64651427016531,0.27863581623072897,0.16293780108959738,-14.529580126303488,0.06841411341056168,0.8612762608657569,0.9500153352981475,0.3245597664639327,0.30017521660065066,335049
track_08916,EDM,123.47871196890405,0.9186286051281862,0.8142389907113162,-0.44277822306935466,0.03221154054509022,0.08922696803985349,0.00798564757713407,0.24457694882593808,0.5451732440960881,230004
track_08917,Blues,95.84055936745777,0.7833164281507999,0.6625609265702732,-9.477205561007985,0.05048446353657582,0.6242328498002099,0.06620134323009112,0.2032801350305859,0.6526647011188624,222628
track_08918,Metal,176.15438687595662,0.5327552490327722,0.8277018553369903,-5.766072875781445,0.07867999377486519,0.13945589712398815,0.14594558136383964,0.21500854426970673,0.35140259128298257,265619
track_08919,Pop,121.13255885881026,0.6327885448376864,0.6262259078813379,-4.661212755457337,0.11704235922323518,0.1106821087529914,0.017226673608357286,0.11340029839183224,0.6063266075069753,236164
track_08920,EDM,128.05515065791718,0.8423095193544772,0.8089788680722217,-0.4513684954242372,0.06594816464765418,0.03381429400407576,0.27616035788450455,0.24061191647233074,0.6847692868991733,238161
track_08921,Blues,91.65778678359045,0.7576886834358579,0.6998202840381473,-7.056274022413539,0.08149145283799186,0.511965373293398,0.006531173983639849,0.21591233145572747,0.6167383804961311,279597
track_08922,Reggae,88.41464873908068,0.6980247214521648,0.7544327169625773,-7.951533558332887,0.0978855489543911,0.4682281836873703,0.03365617747092704,0.16293165176606078,0.5434003029529094,188782
track_08923,Blues,93.46080419728699,0.6536973385861763,0.7333763385575917,-7.515460485077982,0.07091391587397392,0.47971910760935726,0.18272297129668497,0.22967457173824615,0.6083422835918351,241815
track_08924,Blues,89.12445250124301,0.7102495201519406,0.7630976477309499,-11.708985883089762,0.06644762446804994,0.5040509827385095,0.030392183330839508,0.10015655658368763,0.5006408225254022,258429
track_08925,EDM,125.22591657311901,0.8496779168856209,0.9978231942782889,-3.282053396588423,0.054639596510043145,0.11990551472756075,0.17828942405190887,0.29067769488591755,0.8143718658462771,183526
track_08926,Classical,77.01120749415344,0.27270843837842784,0.14831253895172453,-29.934218918591554,0.07390901018960784,0.8614240598786009,0.9363019225271726,0.34109622165555353,0.3270581298888951,566347
track_08927,EDM,127.10401331960749,0.8603569016454848,0.829803145237355,-1.6251407595468526,0.062386330081598586,0.060054018314885306,0.05016446601168007,0.14748226967289185,0.8243758068076146,188035
track_08928,Hip-Hop,86.0522761117689,0.8796770832249217,0.8488460419552666,-3.4934600371579982,0.4227452111171068,0.13653281295473918,0.06550052284893577,0.24963207092850948,0.6488568855980648,160435
track_08929,Jazz,123.96658114110846,0.6113863511288795,0.3375502971536256,-17.570279438662304,0.04146211506720621,0.8721898196243427,0.7606426308247078,0.4703252905214656,0.5061763337287899,400872
track_08930,Classical,56.8620376724404,0.20872828421452322,0.2868039867784482,-11.51177183127043,0.04163167333455557,0.9195356847717484,0.9390380199428717,0.23562197852259542,0.2578044493494003,581339
track_08931,Pop,117.99616787506213,0.6674814845407813,0.637654126899486,-4.027372657767085,0.05562062164458906,0.38463779187776315,0.005557251972800853,0.2480119631249433,0.8162152757826758,215948
track_08932,Classical,65.47236363539085,0.12854255639285989,0.3725964365219152,-28.04890322552417,0.03148324539071155,0.8455249964810421,0.9663496261679527,0.4433358528249944,0.4118162601847357,377766
track_08933,Country,93.4708762052675,0.5806497434348767,0.5756275664711823,-6.547527227310343,0.03070408916883646,0.4779935289704048,0.1472587153307768,0.23192018438442977,0.7692591869214742,272419
track_08934,Pop,118.11140151678376,0.8608575434201717,0.7382842486173546,-5.285158366672684,0.07586466083731397,0.4595178470085416,0.04153224339532511,0.25580081846624775,0.8113672526863285,214115
track_08935,Reggae,91.55788542283958,0.6726410117969532,0.6371209077395094,-5.339768736014104,0.08488252083251956,0.5676518962839715,0.025695928669278237,0.21626322756107685,0.7580168203186053,249053
track_08936,EDM,128.87517449544723,0.8392939353662747,0.9969901243914776,-2.553129948496897,0.03505784582545118,0.13481440209462356,0.1848979392176501,0.2693185081071816,0.8419521741339163,294839
track_08937,Blues,83.00815198088814,0.7072217459267096,0.6370659123540532,-11.646138482549999,0.08097908657458172,0.35454875744321024,0.04845284529583063,0.2916494089563568,0.5692249409658579,247873
track_08938,EDM,133.19334111558626,0.7139760765431685,0.9654770310972511,-4.616909262518574,0.038215755468857276,0.06378419408110632,0.09958070640371691,0.15302104093467905,0.8914396320390283,203311
track_08939,Country,94.64339064397517,0.5596399208655152,0.6372609495567587,-9.665649190619497,0.03533157626660407,0.6438971106452929,0.08377466176700782,0.26927459928805,0.7368037345680494,261335
track_08940,Metal,168.03709172500396,0.34499193001438605,0.8479578348147847,-3.106662497282592,0.04303276041248052,0.09557568928789072,0.14311634898923947,0.29747246049843745,0.3131735258813719,255054
track_08941,Country,100.5433745823674,0.5377054820071663,0.45655548276760316,-7.2962890761633705,0.03466860650929238,0.6360236376493253,0.1116858513013222,0.285207674991916,0.687417521506806,270887
track_08942,Hip-Hop,96.56120701420772,0.897533201945478,0.8751239359749405,-4.439794163853419,0.3763629696413972,0.20150059192401512,0.03229540179187519,0.1685055515991394,0.7451833738576186,269757
track_08943,Blues,92.47224588321849,0.6794519565334147,0.7986954377755542,-8.938517130600491,0.06535407784488581,0.5373743008018935,0.1693359222914753,0.2438561074328762,0.7284947813176472,256949
track_08944,Blues,88.96934149031532,0.7281038013046044,0.7830036807073018,-5.992845255160529,0.06062801562122011,0.4990792339130446,0.09527527443708646,0.15578970701214268,0.6863245138080214,220276
track_08945,Rock,161.60923139157734,0.7158327820502046,0.7109133444930422,-8.727300598534427,0.13841952630319104,0.33616758929174195,0.019822785595766067,0.33630465286415345,0.7599094862158953,287900
track_08946,Metal,166.39336309105295,0.5924305336087372,0.8681247694239465,-2.713443413347518,0.06272566608711923,0.13710025952050192,0.11445496009452649,0.1512862626397356,0.324248822852461,241265
track_08947,Rock,138.49865277554088,0.6039982133468014,0.880878357046338,-8.446327400644424,0.04955162335763102,0.14486724821587113,0.09315917640072921,0.3590405035803027,0.558889373842239,224386
track_08948,Reggae,86.23391876548361,0.6975626017859207,0.5407638007001778,-6.115569447160956,0.05426384069195825,0.3161800660761203,0.03820145305788594,0.21989876701968647,0.6303981580784077,292408
track_08949,Jazz,129.2683114729084,0.6179831207824237,0.32077334869906454,-15.203224267103812,0.0815436175700921,0.5700696565601548,0.8615955551703272,0.36383524299096315,0.3353772448901815,417917
track_08950,Jazz,120.67489533938678,0.6700218566633029,0.49551559639019205,-6.267770711007547,0.07681287285963201,0.8758999122697293,0.9677838376616245,0.3390037976125396,0.36319352413479367,365568
track_08951,EDM,126.02357600524793,0.9224578907398493,0.8057427892264546,-1.013077625448377,0.04106934027654409,0.12049203883564784,0.11355684820804779,0.15276405978335345,0.7029683283443813,285815
track_08952,Jazz,96.49543112559786,0.6042255589215055,0.31871954611176256,-16.74416648497743,0.08726257976645177,0.616887698279425,0.8733207283161831,0.22511400529743333,0.3891528541285317,296996
track_08953,Blues,95.75297556117789,0.6956937463175722,0.5966811614596551,-8.034057980246576,0.07203849082488112,0.6939116391986047,0.06888604683221843,0.230739390974753,0.7068634276808328,289930
track_08954,Country,94.8012872190913,0.5771504053459158,0.5850370365011897,-5.623389179936763,0.032246311509106486,0.5144540875635218,0.056653020106627185,0.20922068454987414,0.7312913578520881,195090
track_08955,Metal,178.78009421291605,0.5638549862785012,0.9607350334484581,-1.327360966037217,0.06936851408916413,0.06774732147095253,0.035769740217151534,0.13113140689053301,0.3262611419671347,298585
track_08956,EDM,132.409353725142,0.9351046362634693,0.9469489991148803,-0.6731768408832748,0.05231712429338071,0.013091440302983481,0.1317485725507087,0.1734707984713212,0.7061265446366305,267249
track_08957,EDM,126.83612120637588,0.8667097269540727,0.9110341234079793,-4.494868763613061,0.0629953323093162,0.16453492098635414,0.03557111089082108,0.1407779172136378,0.6001550613295852,223557
track_08958,Metal,159.37061321198263,0.4662631003817548,0.8761934141297343,-1.6833982213926006,0.05483066592045063,0.018583201801990003,0.18256852658286904,0.17731808380937314,0.47157939352436057,213364
track_08959,Blues,85.61539244626874,0.7730747127964597,0.6566075095818905,-7.1339374728759815,0.046638604096238705,0.5784945057498738,0.11481594068180918,0.16555838770503323,0.7548845419589982,248531
track_08960,Reggae,87.21013025061356,0.6965409657489791,0.598114982657287,-8.97534177614391,0.062229417535625414,0.6914018494063533,0.045270171017706834,0.18290427027686446,0.5921888214610705,199260
track_08961,Reggae,100.87478865627882,0.7511138925427401,0.7938183634360285,-5.013331842357398,0.091653606625471,0.31701709721791366,0.008385202814018,0.16462225570114136,0.7603613209892135,283777
track_08962,EDM,125.44286070301972,0.7535757646511009,0.8190406265747515,-2.3335255320568624,0.05907059100228847,0.139530104269552,0.22283916437867382,0.1339143430708068,0.734622143617672,259796
track_08963,Reggae,95.85045244153535,0.7269236686824069,0.6481452854977164,-11.10840364818695,0.07955417593555764,0.540931545087166,0.09173157199154679,0.1469873122059867,0.5660336135326172,226859
track_08964,Blues,90.51637537208808,0.6426919996217768,0.5071603557548647,-7.7688463582697755,0.07918569057655742,0.6716180333418559,0.1689624137086952,0.2552062409733697,0.7100901241543315,279186
track_08965,Hip-Hop,84.27556308250107,0.861403681050056,0.8453687238296584,-4.682291577056899,0.46895895218276173,0.15723818113109495,0.012508636154652497,0.22713050081047,0.7892702712939332,295511
track_08966,Hip-Hop,89.60067479506874,0.9469633390816827,0.7905354616232574,-6.016442872333005,0.3898100641365103,0.20811750687928557,0.034844756079306725,0.21548872452423556,0.7264396015948107,201372
track_08967,Rock,133.1308150587997,0.5405407506458321,0.9615785850712892,-8.528638590729477,0.1046919427298363,0.21902773783109586,0.04101756354948297,0.21582653798364645,0.5664972591896962,193506
track_08968,Classical,73.25110366132482,0.1121172743342668,0.3803408496916726,-21.65557047635465,0.06010462346616734,0.9918527769354988,0.9534013733129726,0.37943390687428236,0.27541886461459686,520955
track_08969,Pop,117.44777130481285,0.7745297249650034,0.7181181994101719,-5.6979647223364385,0.09696609725900007,0.43547303742712795,0.00034650474733425863,0.10405023620732229,0.6089808061114862,229626
track_08970,Jazz,115.87108989139944,0.44897750137846487,0.5726023757608193,-10.88200664062866,0.07728504525405247,0.5593132580244394,0.8366915802629635,0.37491619116633856,0.6694302270613338,247617
track_08971,Reggae,95.56926514163783,0.6410466032567071,0.6574264602326567,-5.869576678882952,0.04675019112721016,0.58857363259527,0.04474580717710504,0.1347214864880918,0.570904845165805,298406
track_08972,Hip-Hop,85.40542924549337,0.8040348887506783,0.6038820710649726,-6.263415882946714,0.4202147516295277,0.13130930823995998,0.01715734045128219,0.2233144695801595,0.8386005638414342,153664
track_08973,Country,97.92424992085373,0.5641763598550549,0.4653709277637711,-6.88285171265329,0.04004076668569834,0.4046245522337195,0.032427111575113646,0.16710316165319067,0.5032919520234207,253114
track_08974,Metal,148.8862253329771,0.5873072205116717,0.8646259621190392,-2.677337690121889,0.055853962698701104,0.07578075830629434,0.1302188849105922,0.12795646801093924,0.5198182613959887,316059
track_08975,Classical,69.5254083502182,0.22273960035472135,0.22253275458123528,-23.699575684101355,0.056637192776261724,0.9241463309815956,0.9615333102117073,0.2080453103512297,0.47861214318766826,534001
track_08976,Rock,144.9368509532696,0.639272777892948,0.9416222889501599,-8.951723779421592,0.058848870421151916,0.2659844448626411,0.036572896153658094,0.20096702325655888,0.6058857842057306,262121
track_08977,Pop,122.03667797447484,0.848165991040741,0.6655998610090818,-4.059296867729716,0.0792325296619122,0.1447441879941668,0.045531669806784546,0.23632685156680724,0.8364031151273515,180840
track_08978,Hip-Hop,77.79974342634551,0.8297584923422605,0.7673284460789436,-3.0918058022724484,0.4284729397175083,0.06467194325678012,0.0785785150280518,0.29585766646502426,0.550331219680771,241155
track_08979,Rock,164.23541252560454,0.5453990953170047,0.9411956788979181,-6.279693185272302,0.04062487744616698,0.3102755955405717,0.14668016763161865,0.2003980792537232,0.7686326744546664,263681
track_08980,Classical,79.72382457642043,0.23439636385857213,0.39588377855411505,-26.93634149847408,0.05763107687980466,0.830663444427609,0.9226487204788288,0.36265536763869566,0.5798867874069661,400305
track_08981,Metal,154.9429824618445,0.3402186771412002,0.9124734572506681,-3.5533165658042885,0.030307566199694696,0.07392646565722981,0.017609213147885105,0.21579718421806948,0.4421362247018603,307899
track_08982,Jazz,111.60005813165458,0.6723955580632415,0.5884665424958655,-19.454140459800417,0.0911464530077423,0.7012465048631864,0.9985600157173052,0.3028743169042723,0.6332746950202455,334102
track_08983,Hip-Hop,85.5431697935553,0.7709578455076811,0.8061925065096134,-5.387624668009326,0.557831210091432,0.0017820879176374538,0.0523341192375166,0.2362521157288509,0.6587375398109625,244999
track_08984,Metal,161.92587611356072,0.3843382721542641,0.8113312608263598,-2.592009964544233,0.06763928204201433,0.1254365861243586,0.0700279287479915,0.12344113531777733,0.530697184066405,358119
track_08985,Pop,129.66726274391766,0.6143634924657968,0.6420817981398912,-5.056914417134276,0.055981968826009726,0.4513645924431702,0.025154926724347545,0.17736720507075693,0.5052928674476314,231768
track_08986,Reggae,89.78714603962538,0.6068757740074512,0.747705770356126,-11.761033623347437,0.050493436891126474,0.3907182256974404,0.16988182456253595,0.24917963403851046,0.6831777497154136,231291
track_08987,Classical,72.25619988107647,0.12787013629986366,0.35350646084248805,-13.664945562658282,0.05834850250971865,0.9978461899358748,0.9528297067232918,0.2641199683280811,0.3015072648542583,563338
track_08988,Pop,124.04278038096137,0.7268111790588561,0.8077890746715282,-3.5652703977304983,0.07679177022382516,0.47812045401425196,0.04640425228467013,0.18211491382528727,0.8472279940340486,194623
track_08989,Jazz,108.86905653413389,0.4151774853984079,0.3551705071079675,-12.099306371670815,0.0728667832248623,0.6923630429517331,0.8401216586726535,0.33646449359249336,0.48301674522778326,354335
track_08990,Metal,161.91137844816492,0.47579581924415126,0.8651593869797786,-2.373688747604685,0.07739652050786072,0.0055714230961388285,0.09417417177771858,0.25981486646273694,0.506751710711301,262441
track_08991,Blues,86.55160146897326,0.7489943941657233,0.6377302204395703,-9.802105419003182,0.0649001704251777,0.6867559308775206,0.009353819157912424,0.16675874353515857,0.5593929970962774,271525
track_08992,Jazz,84.83657967330531,0.48571769949589705,0.5195794907084454,-8.665241365153916,0.0594742598360114,0.9698509299834212,0.850522426543928,0.46350617693446033,0.5119213205842993,246777
track_08993,EDM,130.4467341742213,0.8274927324162974,0.8689898220513294,-3.768379488146607,0.0628596794908934,0.11279960313288738,0.18732385065709636,0.1924534334030109,0.5857876188729425,299339
track_08994,Hip-Hop,82.47507775351046,0.8876671707792312,0.6214004747745157,-3.3497112730428675,0.32551957273825205,0.284305282040392,0.06406248045276855,0.23526834363886787,0.7723893486246239,175640
track_08995,Reggae,88.18243807742469,0.6765280264718803,0.5975828733913405,-11.85204589172824,0.04513991032402997,0.46816991703580163,0.17615268579534898,0.29234818457512035,0.7230277004227884,236620
track_08996,Classical,70.90421666202464,0.21199156183260878,0.3350475012763895,-10.740465159677463,0.07071163379634791,0.9232669343739802,0.9540628424674624,0.29860348469991205,0.3911614480874178,594746
track_08997,Country,103.93916389405082,0.5612522430446537,0.4346047896204937,-9.412084518731257,0.05237686121239436,0.49611719159152545,0.11446556163037824,0.191607029557271,0.7249824800300888,291911
track_08998,Metal,153.4702354081883,0.5369668880646963,0.9881857383965669,-1.1593305901083202,0.07817448562530599,0.05391748953956739,0.170324487683622,0.29173278300847866,0.5118958053833599,356440
track_08999,Blues,96.00876964237962,0.7685628804443262,0.6017056117287891,-9.085216375819211,0.08852240922769963,0.38427332473549636,0.1885404567283372,0.2676480615903027,0.6322617958707365,241390
track_09000,Country,105.06189599064655,0.5674014863324497,0.4701859538906357,-5.035333026648498,0.08779993371064616,0.4746483834272676,0.08805406822826725,0.19033462011599223,0.6539810811634875,282673
track_09001,Hip-Hop,83.92851014406101,0.8069306289581301,0.7508501485893272,-5.228967714990148,0.4982582369063956,0.2550156200105047,0.0631897988152098,0.17747205145216002,0.8091057157788293,186602
track_09002,Hip-Hop,81.1882124506012,0.7262716257767221,0.7650961424115978,-6.025744850446992,0.5483219803014939,0.28521435000346557,0.058766179362330875,0.24257916445535962,0.893371516434872,153605
track_09003,Classical,64.65838318091195,0.15762096969431655,0.37762487669848344,-10.372853325593244,0.03340454604713951,0.8988077791317861,0.937001259356182,0.2628991031130131,0.3472496578743943,536748
track_09004,Blues,91.12636871689824,0.7776318855622594,0.60927661917367,-8.89699392321645,0.052442734263542,0.5431373909149477,0.08803975690490849,0.13860041324230077,0.5931445499223256,279720
track_09005,Hip-Hop,90.22106371031981,0.8850413530925032,0.8093691697591088,-2.3349123928030258,0.5236941916751278,0.14674497671219583,0.08693747255245207,0.18739531544768157,0.8188277653844049,170767
track_09006,Country,105.16913528559189,0.6513948812249564,0.6216231620004251,-5.803302808404975,0.06736219921880512,0.665637916299552,0.14434323735745924,0.21612309963287918,0.7111649034363144,225965
track_09007,Blues,97.68213869933382,0.6505441717429793,0.5731231608782803,-9.783045923333319,0.05476975647956509,0.30877511492320814,0.12563818089356002,0.22255055505451146,0.7555352165233591,280900
track_09008,Country,97.35455203990828,0.5461134233341893,0.6164701377572719,-8.365866046840075,0.07803468994704249,0.6149675848571372,0.19932573369220655,0.25720576462795824,0.6732178191817282,193726
track_09009,Jazz,103.3142633958114,0.5752758328238984,0.31115331807976415,-16.86542354341868,0.09525237749356075,0.797608843017024,0.8366524985228819,0.3565917096054084,0.300011739987169,260216
track_09010,Pop,121.49520237846124,0.8728487338363733,0.825265707556406,-5.806698999795161,0.08795528982758985,0.11963596794560348,0.0010395043960652994,0.1308225668371385,0.7092821411065787,204388
track_09011,Blues,94.3139451410292,0.6513651511362127,0.5978193800306523,-6.557179564328109,0.08700328097693649,0.6906372143477144,0.12567854580200452,0.21476673172227817,0.6766543667672398,288966
track_09012,Rock,140.19189272833077,0.5598088563642475,0.9443060516115731,-8.236827729805029,0.03469306186459191,0.33620201490853385,0.04607930587064133,0.18480532481587447,0.7066579498280826,195736
track_09013,Pop,111.70183555348811,0.865669669961301,0.6606764449830111,-5.121392702881751,0.11746167336604485,0.3227398734238176,0.010446067878639016,0.14590946711468428,0.563074701491781,238368
track_09014,Pop,125.96372159956296,0.7096593010047472,0.6390165258576299,-6.468868059153726,0.06180736717550889,0.12928896432658066,0.02766176018429848,0.25195390594733946,0.696858964889648,223544
track_09015,Blues,85.99902291746352,0.6023534665089375,0.644703084569777,-11.393849230714022,0.044605766288993286,0.36345867145199445,0.0021316329596467566,0.12070005549968683,0.6783027357865035,256960
track_09016,Reggae,86.07876584264898,0.7220665902924863,0.6829661931145568,-6.240748313799519,0.0471120290951243,0.31051975954022293,0.046216552666028955,0.12198803554962474,0.7290296057156929,295850
track_09017,Hip-Hop,84.5906433654509,0.7660048032131501,0.7427454278429019,-2.5794216273016133,0.43387759073875964,0.051359620118321056,0.07978326437220881,0.17775841654429786,0.8020182991887399,297225
track_09018,Jazz,112.51212200325533,0.5010256402279957,0.33968913858221034,-12.414798933778005,0.09835659026221089,0.8678581390274493,0.928028726143857,0.3221059807901968,0.4800150591217134,255724
track_09019,Reggae,84.43328483796212,0.7998620622703713,0.7983084380349252,-7.500743513117273,0.0677724879315659,0.30312767207465213,0.12038276178035075,0.11788844420598794,0.7712152028732369,193333
track_09020,Reggae,94.63380506510174,0.7573398919393186,0.504546444237377,-6.131969741953164,0.08076240059111325,0.6789533460010757,0.02663844377137379,0.2843150439149107,0.7563431907700493,241531
track_09021,Rock,153.9166934709316,0.75810141565492,0.7188416079675808,-6.440683521934673,0.1343576248497132,0.12133630950143691,0.007779849746224787,0.11410473681999436,0.7725734097797011,269667
track_09022,Metal,162.52150925133347,0.31807373874385997,0.9992055266660128,-1.2283555950559926,0.050893496320450426,0.020640494358260632,0.14868833557403907,0.11199347753543124,0.4883189030118106,326265
track_09023,Blues,96.60199322430287,0.6159660741624042,0.5446891613873815,-11.348771968888403,0.07126930053457628,0.5123926395239018,0.09202795884140594,0.1901953146477554,0.6741345061195699,248535
track_09024,Country,122.09349254389343,0.5961645188998097,0.4043888774777946,-4.314653101607176,0.04488299353586171,0.6775629016140763,0.08798179822066746,0.12547995582584232,0.6284710256990773,254065
track_09025,Hip-Hop,75.09435344504956,0.9036139498143543,0.8867801000692692,-7.428437535743026,0.4648054502021941,0.09550037568393777,0.07467781429910082,0.22696349903003127,0.511073761099321,210884
track_09026,Reggae,88.62141927659408,0.6750304158394476,0.6903205031990368,-9.49512072476275,0.040149770056600045,0.6267075606191992,0.16987347105361192,0.24961555981177203,0.5682487901032436,216165
track_09027,Jazz,120.05764683943825,0.4792777582694521,0.5634949194297172,-11.834439628534478,0.06700978325701705,0.9357953549391278,0.7243221070245734,0.46129436582216715,0.620852541523583,292753
track_09028,Metal,147.1110379980278,0.30054211045279516,0.8637513653224608,-2.6307942134845694,0.035226678129396845,0.11590537371670323,0.08983895641615564,0.23381368843174088,0.45923522830102675,322504
track_09029,Rock,128.1947421224874,0.5825767329543359,0.7087272179351651,-9.339532276774163,0.09596738483021279,0.29000406161401104,0.2226760541898968,0.24924594941329672,0.5076092156918053,290116
track_09030,EDM,134.55012577473434,0.7200303581558697,0.8605017176663821,-4.285250076712006,0.04706598579999373,0.021686901539557858,0.17622771432003295,0.19852665314783255,0.7370072218703747,277637
track_09031,Hip-Hop,79.33188525920723,0.818234123241601,0.6332046283342033,-3.9233304083410907,0.4751900644423458,0.07770465254688252,0.09924232455896823,0.21772802729874313,0.607495734554421,226615
track_09032,EDM,127.10954309497373,0.7644421929794627,0.9719606700587184,-2.8156888781574327,0.03165270315723536,0.049481168884244524,0.09031778790992459,0.13702621968136725,0.8867734606001307,262895
track_09033,Pop,119.60012961641611,0.7731889677396593,0.603907421757497,-5.174472978580896,0.11678622570487976,0.43493085375492324,0.007220894040604786,0.29479503030007503,0.5866538884006285,203227
track_09034,Reggae,94.72876413950306,0.6510555629267363,0.769908185618692,-5.895289848947872,0.04096670313573024,0.5310562449418915,0.06390336098340808,0.20610930850272924,0.565993160675849,204035
track_09035,Classical,81.65964078575729,0.1150626650784419,0.38886739095102785,-24.93290164637807,0.044460783901072054,0.8761851520399805,0.9595965175413657,0.23182791407045178,0.3335184224946821,547790
track_09036,Hip-Hop,78.0808723551699,0.9261813492283324,0.6567405244031962,-2.7578497267935784,0.3233430447049719,0.25186473042838187,0.05416480205819583,0.2551714281284402,0.5371738741623716,239460
track_09037,Country,76.1028815236066,0.5016417491983443,0.4882021355199163,-4.123487500685439,0.08462275265832137,0.5844775480965058,0.08336966799842932,0.11538291914389907,0.6828360435808041,296276
track_09038,Metal,152.79475128066434,0.5818092932764093,0.9188931911393833,-5.285534889027954,0.04989627628049148,0.09473832374471532,0.12459589554015152,0.14305828228128814,0.4506096877392579,231947
track_09039,Jazz,108.9427805883351,0.6736874596337304,0.40156730064361257,-13.631831560051875,0.08154262097839919,0.7306327677588487,0.8763984454196291,0.34332298844445663,0.423120748019292,336699
track_09040,Hip-Hop,86.48982387696317,0.7276800027332919,0.7333784791424305,-7.196976920849881,0.5809028842911468,0.2503042519810219,0.05647670039976604,0.18614690128309713,0.6299083839771917,287947
track_09041,Country,94.63978483382421,0.5374041694595328,0.654703367927006,-8.999514418547887,0.06456761259538626,0.44859939796576753,0.009140471741384038,0.2595460202373645,0.6672207397406769,246921
track_09042,Blues,82.54148691286305,0.7505911125136999,0.5353645579350834,-10.16931910080688,0.05362219862411077,0.4394603944558839,0.12734273605164023,0.20279743708665118,0.6401104647726206,236636
track_09043,EDM,127.54317941012586,0.832950991416986,0.998574299079859,-1.0231914004097158,0.03251581845395365,0.0345204157133161,0.17882958312713151,0.1743350264530951,0.8215792599088669,189651
track_09044,Blues,96.50133999188643,0.6156036168198077,0.5242920272340265,-7.923090077425009,0.08139545905925756,0.4024240178889786,0.13059862984003154,0.1916309318035781,0.7920625585235315,236462
track_09045,Metal,157.87979854173003,0.5078508296431861,0.8458170169978342,-5.288538610429939,0.07835893918384332,0.0783053398367024,0.06074078074332972,0.15306742194364326,0.48669323320891655,329037
track_09046,Rock,162.90368003272644,0.7532116328810592,0.8289859169731866,-5.379345862067619,0.06524636190274183,0.23942041347020404,0.051928758296065865,0.1686806021101444,0.7577164975336935,217069
track_09047,Reggae,91.30554263030314,0.7694392129270036,0.6328511868088914,-8.831622943719843,0.0927165514980713,0.31173762349742123,0.1861357680138778,0.11787305263726561,0.7704296478946722,219340
track_09048,Hip-Hop,84.73716231214183,0.7196342802962393,0.8658353761029638,-3.666858480948558,0.4392821723121249,0.04870568616350588,0.0176975480935914,0.2328119930502282,0.874874206900034,276365
track_09049,Classical,88.66688826517336,0.2710102288778159,0.34112761851646095,-15.706533677030059,0.03554568321562688,0.834320939293201,0.9007186784301647,0.4908680565383378,0.3734227500552176,523417
track_09050,EDM,125.22368749887823,0.9092221437439783,0.8445287572585511,-3.5336156809648696,0.06022066767770688,0.16584098185642895,0.1792881723653712,0.2986584757543536,0.8512073820098094,279147
track_09051,EDM,132.14254545920798,0.9363141651465287,0.8982239262653093,-4.3009159068971705,0.06784733605748215,0.19257228616029443,0.2685484656157802,0.27183190436416726,0.8109701575273887,295646
track_09052,Hip-Hop,77.60190719530186,0.7837761765852906,0.7966644661593838,-5.130484110135132,0.581666594507062,0.07706589465042445,0.010387259765741098,0.12287144788491296,0.5900157253368363,228298
track_09053,Pop,119.62520830122541,0.6511594405379599,0.7151722511562778,-7.522173275134971,0.08114960172501176,0.46965781281607233,0.034680788734313225,0.2968718036264878,0.6792093457844056,203991
track_09054,Blues,87.92193374231368,0.6618823768056176,0.55561899910651,-5.905098741908344,0.06817230863559244,0.5040553585780472,0.08316033539947665,0.1809044816885454,0.7078560033514059,215806
track_09055,EDM,122.87592598237313,0.8679280003569938,0.8009306710624718,-4.15080313819169,0.036074706671729156,0.14820470617976164,0.2690927102747943,0.11726842834981997,0.8647324462121855,198076
track_09056,Country,110.7043584096345,0.718772162911813,0.5239732768325466,-9.198653516048402,0.07274453768384978,0.47169502759256987,0.10900989893396265,0.23385241714653865,0.653085057801311,292381
track_09057,Jazz,130.51251183444666,0.4314576872649803,0.455353255187142,-8.031663294788098,0.07828033796870297,0.8564168160327774,0.8720019735508445,0.4784126995709357,0.5057878635533504,319596
track_09058,Reggae,94.7530655920555,0.6732694430339314,0.5371182582112158,-8.757718033618405,0.08358233641992738,0.4232468484803913,0.02642038877460189,0.16822173160728848,0.6636406066834458,243200
track_09059,EDM,124.76614878649121,0.8612700041461017,0.906598393713698,-3.8209486591756656,0.035983957074233706,0.13835858555667427,0.015771009062582886,0.14384863420791552,0.6182904662900978,242773
track_09060,Country,92.75517296630505,0.5482243589574214,0.59447662171078,-8.269854288963788,0.07028430515277065,0.5233929255635997,0.17694554994387332,0.23928397130929469,0.7557528999408656,182194
track_09061,Metal,161.24454655833077,0.402411517427513,0.9396331997594475,-5.045869379996173,0.05562216336925932,0.10284090728337687,0.13021045772549517,0.21640765396162548,0.3377789692807634,319256
track_09062,Metal,146.34730074577053,0.5859474520304541,0.8990964430384193,-3.1349559947807437,0.04838317713489204,0.08835290438446997,0.1260205267290003,0.274290884839844,0.5856997490466824,239091
track_09063,Reggae,86.02430155480202,0.6072703499302589,0.5633698265147111,-5.240854629989036,0.09585272422234395,0.5853048321127015,0.06173213035247163,0.14227832921370256,0.5514074657926178,244112
track_09064,Pop,115.24351761319495,0.6516787278064209,0.6088823914644674,-6.569829441820645,0.06051608196727008,0.4942348644454879,0.028308453609678798,0.21290487342981623,0.8176445500985867,186236
track_09065,Classical,75.31987667424715,0.10115683959855873,0.1631509492719199,-25.69426455322941,0.04383875125576599,0.8783232708067317,0.9349248956813461,0.33036412707956436,0.5308201964085587,413007
track_09066,Reggae,94.605192301439,0.7837075580307554,0.5499545162706059,-9.43689747371305,0.07906809510418483,0.6914282944842969,0.17323408530468667,0.24818580730174655,0.781811062685649,294732
track_09067,Rock,137.70498854388535,0.7943197713357357,0.8780957782252133,-6.588405737865391,0.14102539037662115,0.21439701429539676,0.22462347662699475,0.24201148250110088,0.693444723392163,266621
track_09068,Pop,126.42318482518439,0.6146396117061781,0.7625105000014072,-5.77936649066116,0.10927618611603454,0.46515259067869563,0.020306765966709068,0.22335737251324955,0.6118391905744519,259984
track_09069,EDM,133.19869116548261,0.7659414538091165,0.9824762217015932,-3.2122501140677375,0.0626088323090065,0.025817932833057756,0.08602039540198538,0.22288394066930578,0.5967731466958728,248174
track_09070,Reggae,97.06451461264422,0.7587028377526454,0.7051758864479978,-11.947252236824774,0.05387125957314455,0.35399385935708483,0.1623372450808137,0.19619129214703324,0.6150047850931866,218140
track_09071,Blues,96.9788226821941,0.7251606451014493,0.6479035036217897,-6.302467900130025,0.07905185393220984,0.33642361639495477,0.16792383141004857,0.15488736962785363,0.6898879008685355,283131
track_09072,Metal,153.61219984648795,0.3273434644139802,0.9857461093742452,-5.318325038038188,0.05170923823758071,0.007702601886061711,0.09679349067026087,0.28531214309416486,0.36434530107509766,198940
track_09073,Country,90.13852775677145,0.6929269453936897,0.5311637344990765,-7.123557839709061,0.0729107415208164,0.6488824906855306,0.08199595370744801,0.25039381124091453,0.5482604837875127,289457
track_09074,Reggae,90.05344201396123,0.6209352970827099,0.5152533606632085,-11.38982605424982,0.08150118189613162,0.30486087735249884,0.07873128056988332,0.29066859732767636,0.52066108146492,182232
track_09075,Blues,84.43730558266606,0.7531996572089636,0.7609774043648061,-11.752976968725342,0.060282237715785544,0.46639319768802184,0.17122883633989855,0.2590397913427474,0.6645915672242082,291533
track_09076,Pop,114.10665826407579,0.6979130422041827,0.6370840084568905,-3.125817213090553,0.09117232671939005,0.43589045642426216,0.012509203167725214,0.17864148472739194,0.6907553859060108,186752
track_09077,Rock,154.48929622659182,0.6760717546923507,0.7980201868287977,-4.912471884665991,0.10441167447091258,0.12085773853161895,0.03241594094708757,0.1303855429501435,0.5275593172700694,297848
track_09078,Country,98.4315177091757,0.5737900341510229,0.5548231028059583,-9.701430095348078,0.054773172190675776,0.44058327996438335,0.050704942849706704,0.17813158718151112,0.5174101801438011,261839
track_09079,Jazz,106.27311904908082,0.5030654132134457,0.4103538361736947,-7.809620032803176,0.0570854215650342,0.7302733504806971,0.8494499409225393,0.291685143135997,0.6133293311002534,346354
track_09080,Rock,132.2838874153701,0.7975564332030641,0.7188478202847527,-7.883254507656337,0.045797213530881675,0.1706558050777165,0.1338773548477417,0.2838578288659137,0.43920302810224143,191881
track_09081,EDM,125.07729498446659,0.7319335781198844,0.932979887563258,-2.7519004467481976,0.038848219001830296,0.10315787447612518,0.185587671459186,0.18101380012546112,0.5691735721563109,288295
track_09082,Blues,91.52932480088404,0.6185277299898967,0.6678698122207865,-10.199767016650167,0.05414993330898658,0.6692515625530686,0.1446246643513071,0.2339574042400844,0.7856618907268943,227749
track_09083,Reggae,83.7155539784856,0.7525160600277017,0.5249075597225931,-9.214920933530369,0.0548102102703069,0.41414149455400745,0.08837110037165277,0.284533518845521,0.6977621186177081,289952
track_09084,Reggae,84.99132184245012,0.7093593278116388,0.5318222868900652,-9.366740053914633,0.0789936732160388,0.5332592307021435,0.09675323465818597,0.14859850381842488,0.5901194941534563,221496
track_09085,Hip-Hop,83.40629155567665,0.9440399878525056,0.6839692975577489,-3.8956976108028156,0.4639474007590188,0.14357117725532487,0.04286316821488265,0.17672574884449116,0.6212866796757671,226548
track_09086,Metal,163.6440153728638,0.3603715799871804,0.8751594301416649,-4.831569714313577,0.073769265903427,0.18037923398183733,0.13820011812919974,0.29069710563595297,0.33286250840985754,278992
track_09087,EDM,119.754267974344,0.9264519558621431,0.928022246079555,-1.60235610648028,0.05416415047788367,0.15857564928342172,0.1528254531412989,0.2735498333689156,0.5166103604265627,296875
track_09088,Blues,88.37528520095971,0.6380962640310469,0.6413912139758593,-8.916368714217622,0.05165164540115762,0.6483116057625451,0.056851045638039555,0.18546878519850163,0.6012063040964543,226702
track_09089,Reggae,95.2326407454734,0.6127091167968349,0.5958479527176466,-9.732770000194144,0.05567658434891076,0.690548703739576,0.1889196533739475,0.17863001482331192,0.611417847214718,207221
track_09090,Jazz,106.75312336180569,0.614636669518504,0.39297342963965903,-7.876223445308565,0.04749702852842923,0.6245752841256592,0.8317041256972286,0.4637626089710841,0.413638201275976,402352
track_09091,Country,103.75695810107418,0.6158933474830484,0.5934511503867436,-5.881472823530359,0.09950138934286092,0.5048015627693583,0.04248734539443391,0.18503805583765304,0.5738691402926451,181372
track_09092,EDM,137.01427524670362,0.8587213426219248,0.9011288941816855,-1.9558148651772767,0.06668372883735363,0.06850949553458223,0.07374881337027316,0.14908417437138152,0.8890918280970022,188532
track_09093,Pop,103.36350791378467,0.7520888829915658,0.6304406315446819,-3.748686233031993,0.08221953054823698,0.455888977652667,0.0018836404234703454,0.2691826397922721,0.6038438802515106,186969
track_09094,Jazz,112.3435758679665,0.6776902031269956,0.3013549928378937,-5.384002343480562,0.05777297381961314,0.8037525650244922,0.7832722192368143,0.41926586543383493,0.5063345661026359,322482
track_09095,Country,77.96340886711752,0.562415764723138,0.5778388747805049,-6.17051933265566,0.03983412371239426,0.6787475582503644,0.001330399690181916,0.15538698796585826,0.6030041527065775,193846
track_09096,Classical,70.50789804110107,0.1059986086040779,0.11008027087324443,-11.415798759186725,0.06920932935114962,0.8007069493660423,0.9934544471832238,0.28932341569852416,0.3801937951711446,388403
track_09097,Metal,164.34370466002954,0.34044742069437994,0.9149668485135672,-1.6063315127456912,0.07828518683257404,0.01758961274164719,0.18996496982913147,0.2452908852913113,0.5173932101464517,226286
track_09098,EDM,129.05882128680335,0.8439573573168014,0.8717143978642852,-2.0721825991813985,0.059495837012997696,0.03667918782072168,0.04588664216511087,0.17136843786850817,0.7569283567864149,200010
track_09099,Blues,92.57817939085531,0.7346210937721397,0.6905815441266596,-5.917729173767248,0.08729476115004867,0.41848811174621836,0.09988881476087082,0.23154478892139488,0.5707510447037043,296354
track_09100,Rock,141.44193253219024,0.7212359255091201,0.7794215706546557,-8.111621922197866,0.14920423194172708,0.20973067726656786,0.00854399029891425,0.1510062375372715,0.7015947020449993,232058
track_09101,Country,88.29989112652527,0.7304077737176436,0.580148106923875,-5.078873698363557,0.04458061769947701,0.41862310940145503,0.08378089337908207,0.28724648949957565,0.5339168101611925,266429
track_09102,Pop,108.504992564239,0.7475232237410555,0.609082285995006,-3.2242361482251836,0.1170949133840867,0.35199068493256835,0.02531883538492008,0.10672004034039316,0.8865693823461908,187418
track_09103,Reggae,78.82172976764662,0.6291652050556015,0.5646645804389212,-10.703958937518136,0.08243060768339988,0.6388366638300086,0.047505310333089204,0.13450467252112325,0.5755098787309029,205997
track_09104,Rock,151.7881326833327,0.6907865827089996,0.8623800613506942,-4.5744602619321695,0.13259414314651286,0.2869955463212405,0.22051414140428097,0.21997161736315307,0.539197160304361,288683
track_09105,Jazz,138.20260043700642,0.6701057918298897,0.4877557584473964,-18.070913815435638,0.08341105670012808,0.7640237111966681,0.7298851638321193,0.24210607123087663,0.6313496876363481,249362
track_09106,Metal,168.1388805490926,0.34734730278702936,0.9576932976375929,-3.067602998870301,0.03836915164293069,0.08995467119862291,0.18578700221122715,0.250296729941448,0.416054382331078,308720
track_09107,Blues,84.257618003123,0.6451625039841238,0.6943916944023468,-5.309303266853578,0.08911829280096757,0.6696405295471293,0.18614967680903394,0.10030915896218957,0.6872977559786889,197286
track_09108,Rock,127.79867269429718,0.582170913855903,0.8124699004296635,-8.90756639795653,0.11948713736401732,0.21440724096445005,0.03453749364343047,0.20846395128808132,0.793410641190067,276559
track_09109,Pop,113.72378497372544,0.6014851604748422,0.8035248885990621,-3.537542666991863,0.05280567006118279,0.1932127288471528,0.017054381527736823,0.2596476267895065,0.5933043310279701,197965
track_09110,Country,98.66453396081968,0.5301964021730382,0.6151596452916039,-4.566237609103458,0.098497199582814,0.41466177607392435,0.12736833048296828,0.22347016430593025,0.6107479119697189,223603
track_09111,Blues,87.30132051461604,0.6821430588858328,0.5962578750085137,-8.415826049522483,0.09464386498994695,0.3161914894716965,0.07738609759881765,0.2971675519824517,0.5743893360100847,185483
track_09112,Classical,63.220233105012376,0.1322231194257567,0.2598619749626198,-24.699298346496334,0.06092993865606586,0.8056852290551388,0.9699070788102431,0.355312876934046,0.3520063200580536,574982
track_09113,Reggae,88.80033832715971,0.6013783657819453,0.7439217343641513,-7.341101387206081,0.044608814000260386,0.41061753846026106,0.013559968589479166,0.2739674714190068,0.6511307531690872,217209
track_09114,Metal,176.8134523265229,0.37183954111872725,0.8063977714565617,-2.2095611671717115,0.04923920058788288,0.10037179379823205,0.1964575186417328,0.10095637460968959,0.3826538954686819,269247
track_09115,Rock,143.03538665569897,0.5618005853550189,0.9881401606909607,-8.422464795438712,0.07342345476565071,0.33211881137758326,0.19743727469637226,0.19648586329774134,0.6791901780481566,205282
track_09116,Metal,150.55389046641307,0.43094541090346644,0.9725226152545762,-1.151984116097915,0.07235171314829583,0.13823063718805037,0.14725834046160735,0.24746602146279928,0.539911218785447,209493
track_09117,Metal,163.42166123093756,0.5615016547840465,0.9398920947638083,-4.2993561232342685,0.07860821134233267,0.138162562579078,0.027653304941973447,0.238916327574637,0.5717417135115095,314040
track_09118,Metal,143.62930027557246,0.5962363527628016,0.8143756585579948,-1.2125475886987793,0.06838972360939562,0.08908605337193026,0.020506033985861663,0.12233969316991918,0.47472957921537673,349014
track_09119,Country,82.3439537996045,0.522942845622299,0.6398319450126955,-8.669405937327204,0.07517723282709873,0.5094518534163726,0.12680583493094866,0.25388237939603014,0.5581938763604144,277313
track_09120,Metal,162.81437640329833,0.4118779270628991,0.8966620295662875,-1.7778483561013347,0.06729512485613631,0.1869291162094372,0.1753743697844994,0.23390822221476051,0.3570132867731368,191078
track_09121,Classical,63.41801319896996,0.17184146595189928,0.264174066439372,-29.924190666150075,0.07722967491502153,0.8468897233573977,0.9172366134055212,0.39121340731603793,0.5392415864665918,533471
track_09122,Jazz,137.1970916480236,0.5718042749652003,0.5532315080404756,-14.505930583862366,0.06497684415963184,0.6246190744596659,0.8915734397639724,0.31709141973979216,0.5194415792591361,375244
track_09123,Pop,121.92841014242278,0.8828295570361904,0.6489179694480574,-6.331707923223344,0.0981584339340627,0.36117809864040795,0.021161418649189717,0.270816568433417,0.8923774477769968,193288
track_09124,Blues,91.92842952375831,0.7244280953529237,0.6926784438519095,-11.091258791941172,0.06360026501806099,0.4320507743418592,0.0691653149138403,0.24547715768873174,0.6463984384725967,288525
track_09125,Classical,77.84873492242563,0.29654106260741403,0.10745722515370075,-14.196381396127741,0.05232970453137828,0.8004921919664907,0.9429632350626364,0.4321576625206236,0.49712222194843403,454103
track_09126,Blues,90.5187817940168,0.7304881179652223,0.6869380732467391,-6.117369338249565,0.07760723515506221,0.31394228305012417,0.18106355667429863,0.2746340117331111,0.6559819881797556,199663
track_09127,Pop,90.31572301733414,0.7686331726452105,0.806481030198391,-4.786316068302267,0.07505358533204515,0.23523374378591427,0.010499040509380476,0.2030961415351688,0.8243819035307741,189842
track_09128,Jazz,117.77070647809141,0.6347863742155212,0.3823935013422061,-7.3668468527449775,0.08415594749640135,0.64888952254803,0.9397082211211346,0.2956286426310893,0.4626423010184655,368338
track_09129,EDM,131.50422822325663,0.8026455627715811,0.9436720660944411,-4.351687394240203,0.03964204086683065,0.14383540845407042,0.03837507526514805,0.2812235052861438,0.7390277097209026,267760
track_09130,Blues,95.2988050389902,0.625547881079795,0.5444438891951903,-8.441953710658304,0.0753731564572539,0.5813154988024404,0.08922267244894605,0.2729499210721483,0.5205603451155713,260385
track_09131,Blues,100.57681751990705,0.7359535925793811,0.7467935976388757,-9.32666494583844,0.08245481104948355,0.5460951433468229,0.19704744428928034,0.24792662503985544,0.7834232642386705,235124
track_09132,Jazz,112.43994688079239,0.6424426342309703,0.4341284003763367,-10.885497609354626,0.06348122958453035,0.7601191161464574,0.9200922305969513,0.4513739426265665,0.3244869899476062,334239
track_09133,Rock,156.91031656315974,0.6982445539630151,0.7748593315523824,-5.418871228111761,0.0854294287909135,0.17347471839661524,0.2653966288599195,0.25900247515501684,0.7449786591210562,288824
track_09134,Classical,76.67753500814683,0.26138551776547614,0.3155996683618979,-23.63843480813404,0.05707205125282902,0.946353292989006,0.9819061936453324,0.49657214970913616,0.35982127587447843,422085
track_09135,Rock,148.6260871789037,0.5220597802881177,0.7124859885713078,-7.9308393468105045,0.03147922933890038,0.18328644675806868,0.1566809263988559,0.3072681960550837,0.5005247949841788,216914
track_09136,Rock,119.69554480841398,0.5570697979246892,0.8911264076700287,-9.47715736389053,0.09229894413478956,0.17515042543076403,0.09334002986087525,0.2110189518193913,0.49337660391207955,187019
track_09137,Rock,143.76314340472086,0.5675627946062908,0.7876113796141672,-5.516973763181209,0.07264169527915412,0.2083587974997611,0.25317446404140204,0.10875945360532879,0.6664756012102004,223168
track_09138,Metal,160.0409171061274,0.5004204292020029,0.8489236629061193,-4.226493343370764,0.05562013511921053,0.048253310259735054,0.15214611683178259,0.24569355297791345,0.5766299276641969,333759
track_09139,Reggae,87.98854581365798,0.6029368532061178,0.5553464023550426,-11.084941993884232,0.0758858357381473,0.6777522784053691,0.04307317466559024,0.12586253439847397,0.6605856163339487,251117
track_09140,Blues,87.39977615834482,0.7407427468026263,0.6123997155676493,-10.665329514921643,0.04973366765574036,0.4062307333988163,0.15998573883598616,0.13026011345249325,0.6303523946368159,208817
track_09141,Rock,140.26595416317173,0.608554261953233,0.975252253213307,-8.589909536377792,0.11683743934530762,0.15573728408237392,0.26151188031401756,0.25313668431848246,0.732481127383674,229710
track_09142,Classical,60.208070858916635,0.2727304848659784,0.2401158821716842,-12.244002480424957,0.024480830960551106,0.87145507023302,0.9923879150684484,0.3243357676274602,0.5455716126441057,437234
track_09143,Reggae,86.26792294631717,0.6458669209134419,0.5170481571393715,-11.352513047375778,0.051674253324517874,0.3013910252091821,0.06316611843664004,0.28444662196776205,0.6665727005465076,201842
track_09144,Reggae,94.41170191084633,0.6421295497369865,0.6788172652388833,-11.907562847650526,0.070993875680344,0.6176247830939399,0.012082466747568256,0.16454937409589343,0.5109111938393511,267480
track_09145,Rock,149.3156827205691,0.602409733903732,0.8622189154024967,-6.507720797100113,0.07478946134996547,0.343583828828808,0.003078154569911584,0.19303223606794437,0.7328401496755406,264400
track_09146,Country,104.93303635475876,0.7442183377103253,0.5684831276702321,-4.246213563278716,0.07874955904396935,0.5291587045760333,0.046773567933582165,0.11190914230096227,0.5015443770431963,289769
track_09147,Rock,142.1133779859124,0.6046500407587678,0.7167111409837884,-8.000751082634425,0.0779158042110702,0.20996738858991298,0.15303894874145552,0.25083588571010396,0.5438474266718276,268534
track_09148,Country,94.9713248529624,0.6932284277305298,0.45047450514201726,-9.502289181038835,0.05962387418127691,0.5203934687753647,0.028656935701255118,0.10800159565403973,0.5745804774408234,192421
track_09149,Rock,140.94124505541188,0.5069453629208602,0.7814198581982974,-3.1916219414606175,0.07289478290525331,0.3938194988389142,0.03555587137110768,0.21553480423657567,0.40232365124099645,289873
track_09150,Classical,62.275717905316164,0.16389530650042622,0.1664431352257283,-15.235342711997212,0.07509718323551991,0.9936446855444796,0.9803596745969305,0.3149552555707905,0.5257599252537111,324903
track_09151,Country,103.85798014758231,0.5580106747414244,0.5573441683623959,-4.750292311023934,0.09012297622168677,0.5431407844856182,0.06275583171363484,0.14212587485834774,0.5583045625454471,223526
track_09152,Metal,165.5157239469569,0.4982084713867958,0.8492872978189506,-3.706109757923464,0.07822517756121602,0.003524429061206669,0.09388190935920171,0.21677450465141385,0.5604678450632623,234146
track_09153,Reggae,93.21202007668774,0.693520331568462,0.7066262377744601,-6.832979583448009,0.04297174286099424,0.6502111319941163,0.05739735830388244,0.29622073249756364,0.7724624177706687,220145
track_09154,Rock,147.66105121074014,0.7902426659038612,0.8177883952076345,-3.049859047272826,0.13333858485427347,0.371726803327308,0.11665754371753638,0.1364289766052208,0.7358068509706516,202668
track_09155,Reggae,84.88801771113015,0.642823460552699,0.5183277551871351,-10.81872253892236,0.05555713439800689,0.6033236391369321,0.07319727169650612,0.23819321092445475,0.7988470552051539,213409
track_09156,Rock,135.39275205088654,0.5195843762475352,0.7763370220785033,-3.1103936525542712,0.03980142848409486,0.11128508369067822,0.04543269681476226,0.3419349311349179,0.5885505833024572,211989
track_09157,Blues,91.42755356128976,0.7702676440724161,0.6986639759777135,-6.8001767546147684,0.07650556507299877,0.5985479351211066,0.06889568445796557,0.17789308748896243,0.7340770618127171,251466
track_09158,Blues,85.91729364242128,0.7842216284313472,0.7414608978113717,-5.415997313963726,0.04066690448720782,0.37147091678203226,0.12370227157654055,0.18455467001995107,0.7295932699764835,199405
track_09159,Hip-Hop,82.41561535532782,0.8421899466660047,0.6899100140580797,-6.902071736083433,0.4040563754066039,0.07723953716450832,0.043324174019426426,0.23803272207589832,0.5203704240358359,280509
track_09160,Rock,143.78368071667362,0.7561739051646145,0.8430714807685,-8.434606738258845,0.08891089333922428,0.38662587612868926,0.04907526723012255,0.2815368763260201,0.5897707802235351,287731
track_09161,Hip-Hop,80.08552930826886,0.7782868021184272,0.7617696762655792,-4.157317528013182,0.36502796368585166,0.2975599904172959,0.08330778077860122,0.2159948636592179,0.8893278330122554,278744
track_09162,Jazz,123.97991724185995,0.4812499961566023,0.5143713930661022,-12.471627680508815,0.06369149464615916,0.7628807435289764,0.7915726223329563,0.3384938413648947,0.4500476589327834,246919
track_09163,Jazz,123.21055395953941,0.40840414841525513,0.3371573827014549,-11.01891273562341,0.08534935353997702,0.9788016168548419,0.8471407343253994,0.27976455478213647,0.6453302782123799,370559
track_09164,Reggae,89.78358965322714,0.746364477469126,0.7122293893741345,-5.047147768149923,0.06193710322494261,0.5731365863739903,0.13863951436056915,0.2877188679923807,0.6496556658320987,192446
track_09165,Country,95.08152193121171,0.604973406727389,0.5488192366824556,-5.792411203766774,0.09754307025103866,0.48551598197474777,0.1722424618290242,0.1144315802626022,0.7615915217467406,200622
track_09166,Rock,144.18678493595442,0.5290088853480466,0.9076458504751632,-8.640727326065873,0.11591158221716559,0.19203830135304262,0.16106988210241308,0.11931342377029362,0.514354517958481,282814
track_09167,Pop,132.46210704690174,0.8129848389472532,0.788371593648555,-3.9991839563131286,0.05523429226895432,0.47373532815018504,0.027267699094579365,0.20677173026240298,0.8342091214633146,257771
track_09168,Rock,148.4053847762412,0.6967762217587161,0.7951033652256222,-4.673995228042237,0.08195390049690908,0.15598871397642491,0.2726647927445066,0.3259922731490324,0.4056750113642833,226858
track_09169,Rock,133.319982675034,0.5150907030909232,0.8135194651576044,-9.178892937052494,0.08185878741559346,0.3483789228107256,0.09716445646586915,0.3437722569512448,0.787605457280008,254239
track_09170,Pop,124.37606124979415,0.8549392140122443,0.8106800573481014,-7.900812337494408,0.0963530683770786,0.40836295051319127,0.022209571328882585,0.26917021575776723,0.7656305647289117,247142
track_09171,Jazz,96.05942329968917,0.6100147025317411,0.42212391961935325,-14.281655652034747,0.06796291261543871,0.5573642608232798,0.7608479618648466,0.3809966543203698,0.543382160956563,372302
track_09172,Hip-Hop,79.10018708622226,0.8503242891278147,0.6214147264560573,-7.404312226727295,0.5109224010876231,0.26392451574836356,0.016099806801108795,0.21905043970795046,0.5824133199818726,289953
track_09173,Reggae,93.98062442457955,0.6659002607142551,0.7383672739842313,-10.030861364625464,0.09501496925123622,0.3739393785311558,0.1437989176756715,0.1817358583409616,0.5055379697124517,183863
track_09174,Jazz,113.33368861833173,0.4537621554791398,0.5802938563121203,-8.988214553161773,0.05121751356390971,0.9512002950649303,0.7664193850274371,0.4866102942347631,0.4148831107360544,252605
track_09175,Pop,100.41533337957887,0.6845410144963486,0.748965305223027,-7.028287665124938,0.09539688087562988,0.13572299897481002,0.01624764915629781,0.12311611388063329,0.6186411058621271,184781
track_09176,Rock,150.65253182675022,0.5445877770272513,0.8147395755611391,-7.592965772572507,0.04400763548995821,0.10506429720643304,0.18990821801199015,0.17185982831850338,0.7426157950566926,218148
track_09177,Jazz,140.9862417234613,0.5660073098201266,0.5255092686670624,-10.203716753693703,0.08183017385734118,0.7198044404390533,0.9499350326108906,0.33369636064069275,0.5823072127973314,276425
track_09178,Classical,69.00663564885991,0.2661180088752186,0.16405096242524314,-22.66467578287167,0.05632944094038722,0.9821087242546107,0.9027353440497479,0.3674573303198715,0.25489923696286787,542523
track_09179,Blues,97.2982807751304,0.7996228330469194,0.6679735465851662,-8.98509970037313,0.07045775054044645,0.5407056371940699,0.01684387283733797,0.11438249911646024,0.6031650096345341,202399
track_09180,Rock,141.71650928055905,0.7149019937856358,0.8057513101203412,-7.874002833902568,0.07474772487688636,0.2726915003576589,0.03436381890873275,0.30947516370068207,0.5780668351969125,254349
track_09181,EDM,133.1401187460021,0.8250406498037812,0.9139998147805354,-1.8658056835329417,0.04237879857469489,0.18177331812797104,0.0026776731050779266,0.13583609943516392,0.7584391649401705,263774
track_09182,Pop,98.77483297939744,0.7108626704342066,0.8287550656257994,-5.438668524993091,0.10506279292746054,0.34478147120733527,0.014569122407492197,0.23076402623113923,0.5038265316120217,222995
track_09183,Metal,176.84335684635042,0.35940703861676604,0.9112598396710777,-2.118534978754907,0.04612509980493604,0.04183595740152506,0.05814274967700677,0.1552945238927263,0.3812902026067962,197101
track_09184,Country,102.44195884128146,0.711960510348453,0.41543580254938167,-7.3095056012754425,0.04226976138416682,0.6720144634926969,0.11534379105660522,0.19369101279480516,0.6332532341178784,268784
track_09185,Metal,143.07896546034914,0.4083625759565875,0.9143649417723445,-1.772752284840708,0.03060906590166875,0.08819159843214386,0.0011282875263243675,0.15749728822199482,0.42299313941879224,281163
track_09186,Jazz,119.82689211784778,0.6633133077781458,0.5536399432991534,-14.33892011880851,0.08148134963220552,0.9633539552216049,0.727400473635172,0.30635611267209684,0.6896033128044841,353156
track_09187,Rock,148.25669029357388,0.7158777152193647,0.9508645176269671,-7.283879164531519,0.10776585300208433,0.20885457933648405,0.07034274466406423,0.3959024280454789,0.7612750073980623,230135
track_09188,Country,90.97467811906256,0.6075250741241809,0.6302978678854767,-7.125986471355211,0.039745698711611904,0.6226289594090657,0.013185953904626957,0.2884884871343988,0.7522967886910339,266012
track_09189,Country,104.82842729604832,0.5662884063889158,0.6256394552196568,-4.3059675733586165,0.03157584905396211,0.44703835350628573,0.07089946303530748,0.2572728816629637,0.6755601772774527,182382
track_09190,Reggae,91.62224994552956,0.6925877737049232,0.6501275090999418,-8.07839380260545,0.09441894640872944,0.32378133121678837,0.1021682821690657,0.17528386616381902,0.5918584503290943,236429
track_09191,Metal,146.44772793268655,0.4841699954448928,0.98075930738994,-4.487689770543283,0.04115445706659111,0.1803925105057167,0.15470124733800006,0.24051906871089798,0.46715756973528755,251861
track_09192,Rock,130.29022227220105,0.7333057835054068,0.7823896450182246,-8.312846126247308,0.11673452444350325,0.3948295319558832,0.21743388133872438,0.25180177407412724,0.5220761259658637,288313
track_09193,Reggae,85.04955996367009,0.7466880052189757,0.7872194328850005,-6.374351427403168,0.05750181559887185,0.5831394460457696,0.06555083868235212,0.18791865118201923,0.536916049872652,183905
track_09194,Hip-Hop,78.08477008993034,0.8785443493107316,0.8668543313360961,-3.702834447167473,0.40983053400217695,0.1813223536658025,0.05092106228990603,0.20415344561923549,0.8302639563140203,253007
track_09195,Metal,162.96020177311644,0.4373498237512783,0.8476144426919431,-4.119123971867249,0.0732176993347897,0.0015369896314722633,0.06425179580312693,0.19773831547672027,0.31202752828567343,358981
track_09196,Blues,92.21765922145246,0.7514168138920903,0.5946069723593272,-10.907557936596577,0.07625187347932669,0.6737427571348623,0.13769748599345466,0.13835962859664394,0.6242369882460533,234880
track_09197,Blues,92.71260316565218,0.7486205688903095,0.5231391658454699,-7.95129640060825,0.08922307066441126,0.3764292639998784,0.14109494592103708,0.18237790752846234,0.6967756459329025,237529
track_09198,Reggae,85.83334863257899,0.7732161610391874,0.7128935616258281,-11.601884756341354,0.0684434793192338,0.6111931940931978,0.11828813878383922,0.25170884194259313,0.7885802534650974,227248
track_09199,Hip-Hop,81.34639226334565,0.8333074232936508,0.796636201128043,-5.022683767107673,0.4639406847580436,0.0578442710886978,0.029475080548014555,0.23183246429170928,0.822647788512806,260049
track_09200,Classical,65.37132598873042,0.1515808212721554,0.21777558169673128,-24.047600774986144,0.07488746563499417,0.9607402797964468,0.9882530615365992,0.21548003422759282,0.4644088406543237,406202
track_09201,Classical,85.48452154853854,0.17819539124656225,0.2686221321914882,-11.184102684449318,0.07217291338331759,0.9203091092033022,0.9479511341676703,0.21457254788964983,0.41098509046396003,557844
track_09202,Blues,90.00828714724211,0.7261844857485321,0.7586403669529176,-8.30190407222828,0.04652946721673709,0.6795560753184289,0.11118718441689507,0.2565577780673457,0.7037100291629318,214348
track_09203,EDM,130.0480824208188,0.943781816645555,0.9637865900930958,-0.5851862579635201,0.03163737514302589,0.0035720139521164375,0.19848822493265497,0.2222362744588034,0.5098791598625454,197128
track_09204,Pop,123.20932622719499,0.7430683373750918,0.7999935541993224,-4.3868272740662935,0.08671382323230961,0.2787687105690795,0.03928030136553877,0.1623832825714568,0.7928358135760623,203382
track_09205,Pop,118.2798884472669,0.8695225449069302,0.6790600356357213,-3.8592858142667366,0.097946563588409,0.3935958165684418,0.004287385518313452,0.1697938413357471,0.5194854305099933,232360
track_09206,EDM,131.95991379479176,0.8697588368983639,0.9567005839346072,-2.6110660989404892,0.03816921593388713,0.12211791110580905,0.04213358789025046,0.17485852010295738,0.7462242934487592,186926
track_09207,Reggae,85.17159513387217,0.752457694298819,0.5256737876753617,-8.988580121482538,0.06523448761233352,0.6683080546348314,0.08596145345643783,0.1141881533179796,0.6630243130259154,222577
track_09208,Pop,115.85955216686395,0.7799234867185744,0.6861702852110871,-5.2478953703620395,0.07925497814843478,0.3646573161063097,0.015779662234206623,0.1753902087226673,0.515185578923246,246836
track_09209,Pop,122.2571154483625,0.6596864714118578,0.7964472114072204,-6.600694510927171,0.11593067243870486,0.307922483404948,0.008784881720932863,0.12284211565175647,0.5578150174564336,220847
track_09210,Metal,146.69055829910627,0.34689346190368586,0.9878376789575365,-4.431058266928,0.03320667792881098,0.03230444133809347,0.0679750923786954,0.12455866345578459,0.5542262922573842,239578
track_09211,Metal,153.62872426044686,0.47244345183055925,0.9629853490187562,-2.87285920739589,0.07792814596580742,0.13553877147477483,0.11213535934781282,0.29907915647044947,0.46036351633757544,218540
track_09212,EDM,132.15300369300002,0.7030360879094348,0.9100155908994648,-3.555082138990358,0.045825372043924284,0.017585375474079123,0.07926507753759877,0.21393022558046138,0.7885283787095325,271455
track_09213,Rock,135.1423593398182,0.5309547439766065,0.8164743182670036,-5.455980798875846,0.09970236168421524,0.39249509033977437,0.13162021720337388,0.2047779450500527,0.7038918408121817,258530
track_09214,Hip-Hop,86.6119190117569,0.906615445935228,0.6890983777016191,-5.884178416510991,0.45917919012072395,0.2012022630446652,0.004664106183082162,0.21484579179067964,0.7440244708517669,269952
track_09215,Reggae,88.54862337387041,0.6112150138057418,0.7339807154559542,-6.533937206798964,0.044022312013188694,0.37309709364891225,0.0320046417264235,0.19230015458634006,0.5748155769824106,242067
track_09216,Metal,164.8022208470751,0.3108261211611931,0.9133485044208932,-3.554521993617756,0.07763124678247585,0.06399071168742075,0.004351273964924874,0.2520233006410038,0.35030138648068265,312918
track_09217,Metal,160.0143287664708,0.4231508320145368,0.977878297361298,-2.6813488165662522,0.05132167073380346,0.11896304577127466,0.06735353449660385,0.2606821708760364,0.5150185687473026,243691
track_09218,Classical,74.87266233412159,0.16151509514487716,0.10084299613758085,-14.179709320055629,0.025415591944440433,0.9144525158075331,0.9846360328741574,0.48983579531166394,0.32762071735799714,433572
track_09219,Hip-Hop,86.5559287439878,0.7234225003985693,0.8993119416940643,-4.0762874512603915,0.3672579723876604,0.26991197758979807,0.034975284649318615,0.15505036849856477,0.6189732934096842,174394
track_09220,Classical,52.1813052682481,0.2028097957871165,0.2338418937879476,-16.260314144528078,0.05987671337226058,0.8162694376872088,0.9278937397703962,0.3315681085514151,0.4243248408747659,384582
track_09221,Rock,140.47951825803122,0.7702647702865986,0.8164288434653795,-7.9381582660067735,0.13234823418595093,0.16950983301680284,0.181284670827353,0.2240981881830168,0.7627847168543185,240204
track_09222,Hip-Hop,74.8986371980508,0.7840843429558307,0.6172642409660939,-2.61080311706466,0.3720779018479845,0.15698257374545474,0.09418575449815852,0.2246244943608121,0.7492200751260398,245870
track_09223,Pop,106.05253893864992,0.7684780868638814,0.6162512911421534,-5.014279396014496,0.10874840762041293,0.16226138181075048,0.029812888559883267,0.11178164043321562,0.6084643636513395,185695
track_09224,Classical,68.74636391480949,0.23898087743647792,0.39289255256682054,-18.705411492296186,0.030169950940318546,0.8752909386683262,0.9234356514374281,0.2143520679359368,0.5652266288677228,463605
track_09225,Blues,92.38901592583383,0.6550073357988676,0.6403367613401765,-10.982078744390229,0.0952185866652989,0.5633522000751701,0.0011253514836865764,0.25996235189206407,0.5043661388934539,238091
track_09226,Reggae,93.26983360788287,0.7453466019630597,0.6800333161841293,-9.751578433218365,0.0631861542159102,0.5662491282913009,0.10379885257423671,0.11475109743000556,0.6646007778675036,226673
track_09227,Pop,120.03300581207296,0.6948935911082593,0.616075843611291,-3.7112906422008622,0.0571503300384158,0.3250383234650275,0.0015750955365641528,0.2071400659846645,0.5227335402965156,239294
track_09228,Hip-Hop,95.9335286720004,0.879599755713991,0.7698127397298944,-3.527890358967438,0.40994577727370285,0.09827820450507639,0.049409983082580246,0.2009234187208256,0.6356152952810488,155081
track_09229,Blues,81.65750586800681,0.6832162394698864,0.6586263252901485,-6.853251775173728,0.04238809223693788,0.36814983087421793,0.12326968356542434,0.18817161414112393,0.5629649722853881,230188
track_09230,Rock,142.51480675405398,0.7312978355171929,0.7023728617196738,-4.6440061787225835,0.1259084693036488,0.15251286641935835,0.2552969343785334,0.3136614530793601,0.6478402147031082,229293
track_09231,Blues,89.51409272060712,0.6774486423568221,0.7494950021039578,-6.457431111153385,0.06849368710976073,0.478969590064528,0.19368956872971296,0.18170323205690436,0.7585162011665336,251560
track_09232,Metal,164.85301366722572,0.3523996243780661,0.8970317589625432,-5.793131908868085,0.05245058865665168,0.18030169994302345,0.1039259375289141,0.14322867413788037,0.5751070177056088,307845
track_09233,EDM,120.4422384288101,0.7989773163396167,0.870667692678776,-3.018489043602204,0.06716109179481275,0.1939397128850554,0.021741905750635403,0.12210356621704482,0.5218725950656007,211322
track_09234,Blues,91.4867503144384,0.678648105041864,0.6663700330253621,-9.08696768817661,0.06911957282604601,0.5244339018433775,0.042180146565957616,0.268491955047673,0.5799035983624801,250480
track_09235,Country,102.11920585358857,0.5255630044813998,0.408918921487233,-5.412386824627036,0.09264844748957678,0.5201175931088365,0.004813074276477991,0.2195119133165655,0.5699892278432998,209528
track_09236,Rock,137.22742630075194,0.5171143941236854,0.9904752983653313,-4.052262262834914,0.13200775010743446,0.3036698618957671,0.057892277551081346,0.16413629423993054,0.4351553518411415,282142
track_09237,Pop,106.14145480925204,0.7127495367449574,0.6566173641120241,-5.795660378532821,0.10706777674735415,0.4883868072591592,0.01097111046185722,0.28776687304550624,0.6111566326321596,207414
track_09238,Classical,56.005022735335714,0.12012933491009173,0.2824135219144398,-19.78313130812896,0.060735151198966136,0.9200862969501415,0.9981417239719634,0.4310432780185958,0.5861945937365205,560921
track_09239,Jazz,123.92335201377865,0.5400235787052963,0.4281600597083879,-13.983905059689018,0.08868139973831844,0.8705598374088468,0.8931623743777392,0.3935066728939386,0.4495648113830968,328091
track_09240,Rock,122.11386070761982,0.75527876277092,0.9251389374859388,-6.284539193053432,0.05553134314595035,0.17628805804772768,0.048357363140546984,0.35451003015435534,0.4025548806080312,253499
track_09241,Country,113.54220539871756,0.6873381273783126,0.4009230290589591,-8.997812848892854,0.052812427728507055,0.4184628579619498,0.03563368041969202,0.21628658197591022,0.6371161970707283,275036
track_09242,Metal,165.58863663095426,0.3349056740639248,0.8906002767910657,-1.8621730334432307,0.05297918426261582,0.10879830996702114,0.11436923495528249,0.1770760578803738,0.40174010101362306,201749
track_09243,Classical,66.62660427977706,0.2882385475378041,0.22933220845438196,-27.832594688445628,0.06600885412569812,0.9733620712808817,0.992949609398459,0.35192267615083217,0.36151562139625837,571533
track_09244,Reggae,90.64474952740261,0.6656752560985573,0.5817314559060622,-8.668481642207194,0.09520620263713778,0.3070712830229297,0.1521302314567647,0.17048759033373978,0.7430332135801244,273965
track_09245,Jazz,100.43133397517195,0.5837651814601903,0.5176098027800311,-7.122287593589768,0.09203936068620341,0.6073439207761218,0.7936645280023906,0.25449952031714074,0.5721913709346577,371781
track_09246,Blues,92.11538260178475,0.7686321601331185,0.5774570222903411,-11.055934232891833,0.062250048610805,0.3969895945529555,0.11869625902238806,0.21405891899200818,0.7210474888968542,220246
track_09247,Country,115.33913053601985,0.6126739197945117,0.5702187523537648,-9.543535643752548,0.056918365264711675,0.6129618502192408,0.07324933503837863,0.15080993583698915,0.6695361559287546,198996
track_09248,Blues,99.01629780592951,0.7066878547233815,0.787517231946523,-10.950031120822858,0.07698895845759604,0.3122327717220422,0.12943708740829626,0.13945668333238093,0.7420725320847832,299040
track_09249,Reggae,82.07300141001997,0.7389148674039718,0.6421308660305249,-9.350246192828081,0.08666769182703445,0.39570857737165493,0.13763498679859665,0.17752205203916763,0.578395110544386,214059
track_09250,Rock,131.59496007725403,0.5398182740388154,0.8870761872533721,-8.75490502754121,0.0670910078833302,0.20879645519437862,0.22901528171213115,0.16782083867011655,0.5054619002421666,188448
track_09251,EDM,133.81361273963512,0.7825999627187299,0.8351181638117476,-0.5128662823665193,0.05237907777141318,0.15779346870607963,0.057584916332218815,0.19273975483873645,0.5472924132444543,225117
track_09252,Country,103.23768239025725,0.6698406403031294,0.5160714833328504,-4.14059348728246,0.05849349367184987,0.4035918899759093,0.16023517063206594,0.2025771085977158,0.545069913013861,255120
track_09253,Hip-Hop,85.56381734936103,0.7626664263490612,0.7785408616079055,-6.180124756446643,0.35081471274494996,0.23779254414656323,0.06629060059017576,0.270002196890869,0.8488120920840587,235681
track_09254,Pop,120.73677896804367,0.7210332761239817,0.7993512873938142,-4.115021208132392,0.06709242309876456,0.24450144720965084,0.002955598984484198,0.17567805649455742,0.5673300403458631,233586
track_09255,Hip-Hop,82.7399847890359,0.8226923735865155,0.8874974097026815,-5.536365000687751,0.4344269537726006,0.10245162015951238,0.04922656673152932,0.21931301018628443,0.5359804596781448,157880
track_09256,EDM,130.07826823485436,0.795434769557827,0.9096343353133728,-0.6721366758926361,0.05398092027347642,0.037679514093653936,0.17964890458336305,0.2932470460666003,0.8945278487491641,225398
track_09257,Reggae,84.51164058496272,0.7472472131177182,0.5952225570726867,-6.03618546722756,0.0705563705310679,0.41706387404241574,0.05727231268056648,0.25678618562852906,0.5373990782388791,232141
track_09258,Hip-Hop,78.15843745690655,0.9025460105639707,0.6450181801108712,-5.88960366879531,0.3766017521454086,0.03900727333378805,0.09691661782521549,0.1868338635413475,0.508722894134459,252072
track_09259,Metal,155.27188249643166,0.5731311850054517,0.8055766848251665,-3.378629565727173,0.054438540764410945,0.00236060248228831,0.012665943817282166,0.1575582398031326,0.4724281875313725,232138
track_09260,Country,111.09042415723034,0.538137611254737,0.6034325717268445,-6.728214059857552,0.055535282919115726,0.5605580932748659,0.033747317505422834,0.25512768642926553,0.5797877442338613,196384
track_09261,Metal,180.06762208225956,0.5097287276108576,0.8691996516807642,-5.144075590794619,0.050678100869088416,0.10097860725721855,0.093263446802611,0.10676990232347366,0.53827696103663,298193
track_09262,Jazz,103.36876368037191,0.6259204476168536,0.5924009558858503,-18.642015392011693,0.044816366101390816,0.9536803492563588,0.9867196671798879,0.32199030378053956,0.482347931869225,402982
track_09263,EDM,136.3292279468466,0.7435282911805325,0.9805574137157749,-4.3213158083474585,0.06251152248863026,0.07973883620921243,0.04924517429593659,0.2739072791087258,0.7929347725630388,198285
track_09264,Jazz,116.80335539281295,0.6542234174874939,0.5136245932190447,-8.245357352250673,0.07704880709136813,0.831938665920487,0.7340230101334718,0.2174502945600345,0.6956856448788509,345463
track_09265,Jazz,119.95748341937346,0.5017470930685237,0.513032480044213,-7.96549259121991,0.08118824198878147,0.871659148357316,0.9076926037984173,0.252133621620199,0.624243739235496,316964
track_09266,Jazz,126.22357295732195,0.5174571829819313,0.4989305222489885,-7.298879827427413,0.09173499301749968,0.6669052009144949,0.7354208266093507,0.2669797984827459,0.5427697345944018,401127
track_09267,Rock,140.1794116087688,0.5217089081011929,0.7966583914331783,-4.535258264517111,0.10541462357818111,0.3051843232139016,0.276541868832528,0.23313408633843793,0.40780882016586956,215265
track_09268,Rock,142.2608022690568,0.7360022771088282,0.9359313050604126,-6.258938097655112,0.031203293135943857,0.1882785519160332,0.011734711300398248,0.22259331417002254,0.6276027293041739,222981
track_09269,EDM,124.13135888195465,0.9072438621285069,0.9812765080381792,-4.473216477281861,0.03589098182264043,0.1850577508755629,0.23121132124449206,0.1077793744504084,0.5728797972684089,299739
track_09270,Classical,76.52068716314548,0.2031058324339961,0.34271596405891536,-18.671167235949614,0.07580977622436627,0.8059968016552463,0.9941804138787047,0.42491392135183537,0.33102210522961234,562122
track_09271,Hip-Hop,89.2648427504357,0.803201789114972,0.6298445944198826,-7.5878358393142875,0.4240971529862437,0.29570609768130207,0.0618893436206313,0.24836168706097475,0.885000779054596,220278
track_09272,Rock,141.28803468119685,0.6805854623392955,0.7565328362894518,-7.973033773519436,0.13559122266596005,0.252323559607896,0.2590931472698467,0.10474219174275927,0.6024020265615873,220573
track_09273,Blues,91.89006376071063,0.688693231103143,0.7400051464796404,-5.421945445191641,0.06952040178846564,0.5612433621902573,0.017251066847385445,0.23051628285220202,0.564525058838004,281139
track_09274,Metal,158.3546856309571,0.5673158506327395,0.9263217754590634,-3.9002614497759605,0.048066341982602845,0.028134052092915997,0.0961359139599213,0.25790726349708115,0.34131063587582966,348165
track_09275,Rock,141.62388480878,0.6044964636640444,0.7177566442011597,-6.249295355492837,0.057329061325374596,0.21608876171153327,0.014983803161970432,0.29226300399534777,0.7546757103160365,208800
track_09276,Reggae,94.34093264056222,0.7090028804613296,0.6546842413983602,-6.3613591934594025,0.07491409260619888,0.43476315813848676,0.11606378161943146,0.2902467893910235,0.536815599019447,209844
track_09277,Jazz,111.31156842102966,0.6801722414176914,0.5305088367148654,-14.648994813362293,0.07772564894792869,0.8597080350411037,0.8783452781296923,0.3854771889334144,0.6663875584335229,248096
track_09278,Rock,142.85042773332017,0.774141493982158,0.9655632600293733,-5.202245523101788,0.08901064954362001,0.24621507534981443,0.2314684164170895,0.3771862635113069,0.43522379961239155,290208
track_09279,EDM,117.1985847520418,0.8193784189532457,0.9349818527279649,-1.9434776212402638,0.05309392454112848,0.061018109210113906,0.13044189551417135,0.23945588629316647,0.8494680083627677,233611
track_09280,Metal,154.4803600581806,0.44497162440289595,0.9630450469207094,-4.664404237924236,0.0495126065849299,0.02821564460350843,0.05831026357158586,0.28041405753972115,0.504238049573968,329716
track_09281,Metal,189.3001111400843,0.4985631955134008,0.8543385445231894,-2.4241155216998487,0.07851421100279757,0.039213312327593314,0.18369867166638895,0.1847731713977379,0.5747257291240488,189361
track_09282,Classical,66.36474041337921,0.24285929176651536,0.26732356601662277,-15.00334451885135,0.06208733262639177,0.9918074014881488,0.9289045392043129,0.4790046782836492,0.3009291676686191,438278
track_09283,Pop,131.94722966925394,0.6011850472504268,0.7713559953217548,-7.789865449911054,0.11213552256463521,0.4586103892578187,0.005716001192608233,0.23592595012902062,0.7672575013981592,198345
track_09284,Pop,119.78560424947837,0.704190690871381,0.6535531679431041,-6.931893905279207,0.06284805124307613,0.34105913056807635,0.04457311686782418,0.17955225236600103,0.5659294542386191,238624
track_09285,Hip-Hop,90.21755313546208,0.8922766579970651,0.6400241766787543,-6.858828665161547,0.4457206016242392,0.13530679855929262,0.01843608252888874,0.23565178164582457,0.7964344296303774,282627
track_09286,Blues,96.31927679063467,0.6388311629190103,0.7022158598691153,-7.667570114506595,0.06915532158226032,0.6093284441265194,0.13846552742151041,0.11173587811724517,0.6963350592939845,242524
track_09287,Country,100.47297339286699,0.6265244955852457,0.42900723095544807,-6.223888044306608,0.04947173605958415,0.4140884874158964,0.1294202243507836,0.10968355621777669,0.6325645873961392,289159
track_09288,EDM,117.20831773036295,0.7457992777202017,0.82182492839564,-0.6260637075380906,0.04581171288848354,0.12321901201561661,0.025544242049644138,0.1822212485567919,0.7829815481189593,270743
track_09289,Reggae,101.43985581971886,0.6626017809102913,0.7207742520142487,-7.354061962346754,0.06783935747965449,0.5560285508751404,0.16805332112850313,0.22008200981497114,0.6706381924851164,299340
track_09290,Rock,145.70981546704533,0.6000803992351329,0.8104137206148065,-8.012411751913312,0.06553096257797211,0.23005755831717656,0.21065243904306277,0.30273494886901275,0.5641325545995385,190419
track_09291,EDM,141.986843590185,0.934766307177976,0.9296158821726808,-2.4572801823285664,0.03493594607960283,0.13337608445179114,0.16641796636900236,0.2880016337457477,0.6368132504318158,192758
track_09292,Blues,89.20571508181571,0.7957202766575332,0.7830634217823527,-11.075038544197797,0.05217330570314262,0.4389387382406553,0.1979395781177207,0.24108233362904474,0.7743568630036375,209622
track_09293,Pop,101.4310631808888,0.6263370327550587,0.7554314775516348,-3.1365549327330893,0.09443561514757402,0.4787548805804086,0.04390013324583416,0.1311680410604254,0.8516168643846671,242674
track_09294,EDM,125.35984997408724,0.827410213452187,0.9045435769081254,-1.3658746179182208,0.06024087462125311,0.046333766019066386,0.2646082652357737,0.13582240212461702,0.8845924910189054,264993
track_09295,Rock,137.90875097358895,0.7184969841969082,0.7524174546644155,-3.8159426860613967,0.05699660665348179,0.21043561361933483,0.2600906076903021,0.20288194649005248,0.6354620582729109,277585
track_09296,Classical,66.71245264940187,0.219872625885392,0.1712848398174446,-20.92347823445906,0.06453987301896379,0.9056274976171906,0.9871475028566609,0.35788937614031635,0.27769561885996713,325280
track_09297,Hip-Hop,84.91887227581097,0.9420533116260097,0.623351530909687,-6.012078419377086,0.31177971216409883,0.18940366340707307,0.0578463263909764,0.15667963557203451,0.8039328399297883,227039
track_09298,Classical,63.858919966551774,0.25750723350897986,0.18781206546309498,-23.113153228450486,0.03513905979928504,0.8227853600528192,0.9500336396059657,0.33430193045846,0.41577279639560905,510296
track_09299,Pop,120.11581820851112,0.8182437872720227,0.726210025182251,-4.480557687900529,0.08089552449018522,0.4649023286057028,0.008824136015250311,0.13419214386584852,0.5237748625843711,254177
track_09300,Jazz,115.74566861779705,0.6746740554730385,0.5063425291939307,-5.773292425069398,0.048734494390721125,0.8286263192135185,0.7589071126491875,0.4599302789956802,0.5078116534309118,305715
track_09301,Pop,114.10251061131859,0.8414192802138869,0.6389738718873355,-3.5445028706201427,0.10547405692661557,0.36340658426675454,0.0418860035617271,0.21249802900327275,0.632954803857299,245440
track_09302,Hip-Hop,86.62149578103241,0.9020030350686867,0.7421451074924471,-5.720037186715,0.5445455433132214,0.14661255919721708,0.08149426920473535,0.16369415852513264,0.8847660842156898,210412
track_09303,Rock,123.36697539859009,0.7317498543728103,0.8471183549261312,-3.2683651332281105,0.144690422541209,0.3643980054623901,0.18892582338811792,0.2795797457958201,0.4871693392444827,202083
track_09304,Blues,88.98241078530062,0.6783731802022204,0.567676190987616,-7.708121121645691,0.04442618820530984,0.54993405328666,0.19487952351348967,0.2422860797827822,0.5984232369281921,220004
track_09305,Country,91.71227918608845,0.5390127401395085,0.4300171801124769,-9.438046666832745,0.08386575734079779,0.5143465494954755,0.07606308521683146,0.14035022353230703,0.5643628380054677,276905
track_09306,Classical,84.89882798523507,0.2623675424040218,0.3696159444022047,-28.766148857580735,0.05447546363405059,0.8698853377946306,0.9554331021921255,0.36404709208620467,0.20399335508990024,397249
track_09307,Pop,107.60779089214903,0.8161348505396268,0.6301453490995801,-6.7921185608304215,0.06613092028280253,0.1851044849896653,0.03523566139954409,0.13861453221114994,0.8439788297780437,209575
track_09308,Blues,85.16850481771037,0.7947397984843434,0.7250680820380326,-5.620666573602735,0.07889866389051259,0.6957437401910618,0.10508610596729612,0.22812031152953563,0.540263552558746,261858
track_09309,Classical,62.66996696012986,0.18229615555757045,0.28933853559527,-26.488595064623137,0.049233549366818743,0.9421614892834369,0.9148984398642444,0.27492172500217077,0.3970114211112351,375046
track_09310,Pop,120.82507763062827,0.6369992909466627,0.6818238318190446,-4.954416266698417,0.05590895977960922,0.1743814680325413,0.04299730480703989,0.11825551385902594,0.5965155979866248,257071
track_09311,Hip-Hop,79.13961622350932,0.8161939816168242,0.6481870894883551,-6.603514742688949,0.5089018968332715,0.256163512940147,0.00620708161193192,0.21855674057669647,0.7377668961557347,207830
track_09312,Classical,62.352539710885964,0.25691936364220014,0.24990177976711017,-27.137338050548095,0.05773343011661243,0.9200745532004552,0.9993072507635005,0.2658086506076554,0.4425524549320847,366999
track_09313,Pop,106.08192179707608,0.632543482615852,0.6010282572271948,-4.458024427541904,0.11293660089263377,0.37123143580026907,0.0013777504794058204,0.14387832590548855,0.8785473701129352,225897
track_09314,Rock,155.78468029969568,0.7499057227465361,0.741585587277243,-5.680658978312434,0.13372635791230486,0.2888343083042093,0.2646996841350814,0.31311968699952253,0.5759207431391222,267205
track_09315,Hip-Hop,95.98529071290318,0.9484297457347678,0.7197850888503041,-3.9877337536788398,0.5858040241140168,0.17144269009303872,0.05343436477957514,0.21460735049500684,0.8271453137997486,279836
track_09316,Blues,84.58323022498544,0.7817124318482165,0.5094806973016031,-10.459591445545124,0.06779178506138495,0.6494918454472925,0.08926131045687027,0.13213322718813075,0.6839677587577468,210232
track_09317,Blues,83.87934801836907,0.732088392943362,0.541329917481101,-10.743074202394935,0.06710809240580194,0.511978909722034,0.08326305705855291,0.2222178013081669,0.5160380763882089,258214
track_09318,Country,106.80207905774158,0.737611128024134,0.5742867266373254,-6.279784290910335,0.09358152265737228,0.5716011087474822,0.04164775822420355,0.1717306916951658,0.6467385849094834,298504
track_09319,EDM,139.70492263735318,0.9136076554202753,0.9657448309747666,-0.9644828547592574,0.04645955294879691,0.07799035674567655,0.06206116710528011,0.10633607178745504,0.7020640622901013,239827
track_09320,Jazz,117.16745847663195,0.540410346728948,0.3096061227041773,-19.497444968888914,0.055708320940371064,0.8498856844894502,0.9264927466234124,0.4979965767802137,0.6133138011870719,375637
track_09321,Rock,137.05809742988865,0.5771075747122384,0.8605335122733474,-9.276777035500432,0.06458481551543872,0.20307971792157747,0.15816812046388454,0.1896167775225977,0.45993920695701584,278741
track_09322,Hip-Hop,82.54857740531159,0.8127275250349524,0.7293458591954504,-6.801512106495554,0.33199017168353373,0.13013474752759177,0.02691324224790144,0.16172162271063484,0.5423937497694293,182422
track_09323,Classical,76.04513363528709,0.2676544652065438,0.22265928423902803,-16.274716023397115,0.031400782489575424,0.9936240026147998,0.9722694555246559,0.22295590781520613,0.5511963456788695,414605
track_09324,Blues,93.63276996664246,0.7676627033038421,0.5776927791355365,-6.525411433304688,0.06058779224711356,0.4317540301455598,0.06276921045133864,0.12178818510408196,0.5311738420130796,250698
track_09325,Rock,139.28488300179467,0.7466844769961553,0.8060288295368583,-3.1581879113949096,0.07598250235162728,0.33494483876135145,0.07367382154072795,0.19971333841811273,0.688413851243058,264441
track_09326,Hip-Hop,82.22160275736465,0.7234451968504709,0.6800315836946332,-6.495271012320676,0.3198115625606461,0.2915634459279948,0.02935252033129251,0.24450497316451217,0.6572141374678099,272309
track_09327,Hip-Hop,83.2796603982954,0.8079264494083099,0.8151941218906674,-5.023956408827084,0.5250940692585908,0.2523691797320272,0.028921460147392233,0.26078316409500224,0.6966149114402256,220862
track_09328,Classical,60.155264466271355,0.15940530021937727,0.34087547174432664,-22.22163994407782,0.025595782073854823,0.9276700492875689,0.9850300652943536,0.2398571068257448,0.41720215217495216,348180
track_09329,Hip-Hop,80.309234250102,0.7013054656159812,0.7067128629081736,-6.143571056101418,0.5005106391390453,0.26403080772035153,0.010525564214396255,0.19656367815236458,0.6106731313123408,271427
track_09330,Reggae,81.16001567685065,0.7415814619963526,0.7652902218353536,-10.87064706100656,0.06485993941627599,0.3909022324890661,0.10965586824280582,0.14090181685579845,0.5719398354922455,195360
track_09331,Rock,134.1147107811506,0.7558321301673729,0.8781238394128066,-7.2057796324912395,0.10900227794773619,0.18212603664766702,0.12557975003716493,0.34712528191426395,0.4035794898947543,226145
track_09332,Pop,120.55978707535755,0.8482029804765387,0.6339117119451101,-4.775598631663127,0.1126438230932448,0.3209262301816843,0.04329772419161142,0.27668817691636505,0.6011433944782228,247647
track_09333,Blues,90.99078233331198,0.7603511372250439,0.7715818630619338,-10.966575459551088,0.08472761902290019,0.6933169112852302,0.013560917300045517,0.10564537481357975,0.5637280461995063,196596
track_09334,Blues,87.2052573907058,0.6318559815279732,0.6447307532807088,-6.917655253548144,0.09831649676444279,0.5287200882892571,0.145100359433466,0.15567879309408594,0.7029281024505686,287863
track_09335,Pop,114.08197801189608,0.7050250552375112,0.689074894379422,-6.026344959891123,0.09961338849586691,0.22581683150141987,0.023252153630357215,0.1526994150039177,0.7031677905020606,192655
track_09336,Rock,142.16317482552532,0.5868782691988237,0.9449271790457339,-8.467180099152362,0.047363176411580395,0.1273378594023552,0.2939590541140749,0.271124789043859,0.6057081591447212,280717
track_09337,Jazz,151.57362058982267,0.5229844599110212,0.33867555560139184,-15.984529980880755,0.08284757453145053,0.7376670878343746,0.8437916199563995,0.2115214113728751,0.5117290081980403,292964
track_09338,Rock,137.96800468406397,0.7638870433774694,0.8142522380612498,-5.7353578990623815,0.14230686932626085,0.26986493308513904,0.008935676842396644,0.13047668378688956,0.7867389669341354,201664
track_09339,Metal,155.72759791519454,0.33267036741391026,0.9161358938289121,-4.282647187743185,0.04763508399432216,0.09198518014959625,0.05058694877410319,0.22336844274276824,0.5014927088382916,348596
track_09340,Hip-Hop,79.02959729897569,0.8461480833040819,0.889079931498151,-6.1136707205270415,0.3063354256035364,0.046369002659070846,0.007156675605476337,0.24779428448939753,0.5759431098214571,269767
track_09341,EDM,124.94856230239974,0.8895496249412314,0.8459932540874587,-2.7461904367553696,0.04276777468598436,0.14305277584595344,0.28876996991234366,0.2901102789838448,0.6988183152895198,299804
track_09342,Classical,52.49115662763007,0.28970734770016104,0.3848459323297837,-29.826143807396505,0.07773344677984774,0.9741094054445459,0.9606007881134969,0.29735949353304536,0.3683024000950539,548078
track_09343,Reggae,90.78308618355585,0.7032820645434628,0.6149486319232972,-11.937902763225344,0.04895733936252765,0.5309636059659857,0.16044848228019074,0.2294065096402411,0.7279706466824221,240255
track_09344,EDM,134.1437440483967,0.8289193324044573,0.9968772923512723,-1.9649162391447987,0.05465634179848785,0.18415715526246743,0.07740598369773187,0.17257300881797233,0.7659938912865016,280756
track_09345,Pop,114.39963090383222,0.847669817704591,0.6245194528070536,-4.657389440504245,0.11012210444610085,0.28715758407444436,0.002113864434623164,0.20061430590055362,0.7770237663231222,200240
track_09346,Classical,67.85162889901125,0.15627279804933894,0.16449174792210058,-11.811484206205712,0.026098113601954978,0.8492804063654796,0.9624406243030262,0.34027261739766035,0.24828190262278305,526930
track_09347,Classical,65.64926892901507,0.13586562442155045,0.3867350816109012,-29.683232093748863,0.04086022040532844,0.9258823046253172,0.9878315588895635,0.4989450641956833,0.44349764976365885,355341
track_09348,Classical,62.412793124803045,0.14779197118954707,0.36486518205022,-26.12258492173835,0.06540670402430142,0.804598579531906,0.9419579480201292,0.4954777807427343,0.4535457362788634,558068
track_09349,Blues,81.24975459270394,0.6880541790052228,0.7140095911621686,-11.24871816619326,0.08806925257830026,0.46924779884955836,0.19502742184590338,0.206249664087727,0.5170430113803208,295602
track_09350,Reggae,93.14296690850354,0.6114850573676303,0.7758996181183495,-8.632028161343124,0.0688154544577067,0.5979130428644308,0.11200617390500363,0.1908573765994095,0.7383817553926837,260302
track_09351,Blues,92.78038698953769,0.7284871683025262,0.6802443880197072,-6.17391304869821,0.049308966216240695,0.44148996494734627,0.04166572676406306,0.1768470569605835,0.5168620975784872,213817
track_09352,Hip-Hop,84.98369390648493,0.8902719999624881,0.6004596314297722,-6.663771727070121,0.3643875218947914,0.174447493497108,0.0656927903191923,0.28033428207010613,0.695197782412094,183420
track_09353,Metal,140.18725177969077,0.42850041533063105,0.9303360366574632,-3.9014374362178987,0.054779042074070194,0.054612508745209204,0.016475510918126334,0.2510327946154486,0.4135158192387015,188703
track_09354,Country,107.51240933094245,0.6215241643506675,0.6419310981519687,-9.061656146450373,0.06723305752433097,0.543376154408689,0.16585862238510146,0.28382060272175524,0.5339878807863252,256516
track_09355,Reggae,92.35648031815964,0.6098071051152808,0.5338022992108753,-7.754411417572188,0.07950021962601979,0.5944134469463558,0.055117316301324396,0.158886141094909,0.6240959967225447,266709
track_09356,EDM,126.56476859638468,0.7391641806386909,0.8644883076800687,-0.17288142820419772,0.0672859287162453,0.18025371369659174,0.16911351381675768,0.19958023157984955,0.5995485699768812,237477
track_09357,Hip-Hop,84.81025260361427,0.9400035443913717,0.8331910757214249,-6.195833761575068,0.5396320251187532,0.2795293133046336,0.06726946303417751,0.20236098757064724,0.5543472734691784,215645
track_09358,Rock,136.82588857208395,0.5854774867421175,0.762941708408276,-9.42284799305204,0.11990695464596123,0.3886260690613079,0.03567883736315064,0.24329549905377543,0.5092138409024638,288058
track_09359,Pop,126.14157250084995,0.6048691429589789,0.6198659289598879,-4.560857968455465,0.057674989999461926,0.45814379384636195,0.031072942183605796,0.11421495933073936,0.7454504697023643,186336
track_09360,Metal,169.54285360639722,0.5655553284307759,0.8237663677351904,-5.636652489748754,0.07595336792473925,0.0548973677667159,0.03520183234449872,0.14665831714288552,0.4607470029404247,198921
track_09361,Hip-Hop,89.68275073369432,0.9299228691246253,0.7943698232602956,-5.7079800415669535,0.5923057405239562,0.2849099008418001,0.0780540325453742,0.10655013242117405,0.7914348048046285,216416
track_09362,Rock,158.49322491527838,0.7343303346789164,0.8260055445563381,-6.613176284630886,0.08657122990231758,0.33748951012761863,0.2017905820888057,0.2280409440396385,0.42861798537783635,254719
track_09363,Metal,159.17670046754438,0.5276129084067908,0.8133308103584855,-1.4209628106022931,0.05382322446022414,0.10240762704106088,0.059888370502806314,0.2293995126619758,0.3064352735726724,268372
track_09364,Rock,133.61114623183892,0.6666505413483712,0.9648103306694958,-7.697706289367005,0.09118180558338632,0.1422284896622606,0.18188952296673613,0.36950068656329116,0.698736544083459,220514
track_09365,Reggae,85.0257842792665,0.7731710994671415,0.5482707849425481,-8.075892565634572,0.04535825056993622,0.36698721504475706,0.1817546567652215,0.2985586546687422,0.7992398637986821,281153
track_09366,Rock,153.87529309416087,0.7722108420720997,0.8915855861144074,-3.9678275017202127,0.030533748019382047,0.38218771084979586,0.002413061724019483,0.3805064305527477,0.47186995023514317,257367
track_09367,Metal,167.93786124558596,0.34631624758105606,0.8235917493824586,-1.205573850440702,0.0783623416881227,0.15000860755675524,0.011835652624359217,0.22604893920726457,0.33852034627306254,208609
track_09368,Rock,144.20216617248474,0.5032855413179894,0.7511000479946055,-3.4214928648775196,0.09993055140236361,0.10530608334138669,0.06456727468782299,0.22423347157176604,0.46863695495375823,251863
track_09369,EDM,126.61234153254803,0.9257554170181067,0.8151524601380953,-4.205545096276225,0.05652605682789639,0.19883562562390067,0.2801438260810284,0.20168256547495544,0.7111291613933286,201256
track_09370,Hip-Hop,87.23896844500267,0.8874596696202979,0.6775477868709292,-3.1430091954274957,0.513410905387119,0.28056615267394275,0.06210802414863784,0.2961642644116544,0.7110994822420847,230240
track_09371,Metal,170.55758874716446,0.4157317382080061,0.985472380278133,-1.2538735725517753,0.03104782738730375,0.14180999252189563,0.0064197496668382485,0.11968175488177893,0.3121379852069435,330213
track_09372,EDM,127.01034983154831,0.8028446068625814,0.8904383715769498,-2.6555650749318938,0.036228913471736054,0.05358020075814163,0.2260633552293509,0.16997532202262552,0.604213690528716,206433
track_09373,Rock,142.32810023229231,0.6958963679622912,0.9030070771088529,-5.116552825500379,0.03746753282383509,0.2811499069338408,0.14498970710869638,0.35097566783829626,0.5712525226125159,184259
track_09374,Rock,137.92468723716425,0.6741420643622655,0.8760202612232487,-7.200275493777012,0.049947576893179496,0.17541440945706005,0.12372236146119804,0.28592134846446826,0.5818024089283779,226779
track_09375,Classical,72.36443274413628,0.12160858218421483,0.297087096306091,-24.867472432422375,0.04021864366022687,0.8218463520997193,0.9727191819713383,0.28676206163380147,0.2621445954567723,498820
track_09376,Metal,167.0401430496279,0.35072789172245233,0.9248323172417535,-5.353460539135638,0.07785125743476808,0.09161592822358655,0.12119490583811682,0.11109004901824791,0.5836611212679461,330206
track_09377,Reggae,88.07077398801823,0.6828594981378159,0.6183975561306307,-11.638260243626917,0.0763623985525286,0.6191678048871916,0.14881149233197052,0.21656783235249916,0.6071695186004068,216944
track_09378,Rock,155.70847771840283,0.5003917579253488,0.8979068633312237,-5.708081305670801,0.12473304757662593,0.30139369071248484,0.2821242766299003,0.3563042885050006,0.5125199707147868,197193
track_09379,Pop,114.17041730600485,0.7383947124601633,0.7711382939261882,-4.826693948156981,0.0667108049509864,0.35788440347522865,0.04290986248371775,0.17835128849125875,0.6159086079336401,227549
track_09380,Blues,96.17993494319516,0.6456030005292929,0.5937510499850768,-6.745677472848671,0.09511061308322477,0.4475148989197913,0.12360528399820735,0.25547597732963434,0.7537536264398719,267133
track_09381,Country,95.7592794046707,0.7394133649239221,0.51402084027148,-7.80219891998731,0.03807636296794523,0.6476562912102124,0.09034456692454014,0.1604993917508109,0.7482064497515688,276712
track_09382,Blues,88.88110510655892,0.7558174501566834,0.5861336382296668,-8.346143565351989,0.06269046121011598,0.4412704365196705,0.1461916097504636,0.2198798444083534,0.559678095712954,297242
track_09383,Reggae,94.44369138452049,0.626270905236199,0.6661482570961693,-7.182951129736274,0.09765035776951433,0.3384989725242329,0.14538360366921949,0.21657929944909565,0.6024484354447242,226656
track_09384,Hip-Hop,86.78966360297697,0.8186719747806601,0.6941985141327507,-5.253062055942845,0.5543958333765973,0.12264354897954904,0.07993972655088066,0.1465290921760658,0.7374921732579706,283907
track_09385,Jazz,136.96977141046912,0.5174516348414676,0.36525290496575025,-7.2008281840657276,0.07550364948999783,0.7783250385549905,0.8202497012473229,0.24728552204242737,0.5302370141586641,372889
track_09386,Pop,110.07828948922084,0.7307665237831276,0.745267559358632,-5.364348260650015,0.09493278044627279,0.11850213575087701,0.023001021940815405,0.11410532787865105,0.8021072967942302,235656
track_09387,Jazz,107.04062961140203,0.6402551316021842,0.395749796322846,-10.0145793115496,0.09621582178929289,0.8570919303457969,0.7207789714252129,0.31292801067064724,0.5312643089068141,391179
track_09388,Rock,147.31094937695502,0.7845631122845862,0.9830303730712867,-7.631107362867052,0.10367400589405314,0.21649267803189154,0.21780956486964598,0.337911595992358,0.46664902430804167,206473
track_09389,Hip-Hop,87.97978853409509,0.7492210378236406,0.8839478931050561,-5.48437871049969,0.5620562077496771,0.13929106465053104,0.061383416397853975,0.29761975286220727,0.7926563470338525,185747
track_09390,EDM,126.92190834984427,0.8157723176094821,0.9172036241667748,-4.694606632941846,0.03174137273236331,0.09148236814986783,0.15706090827856303,0.1159550678693344,0.6901877594050596,189756
track_09391,Rock,138.82390887913124,0.5917297290372675,0.7582168906492304,-6.596857109752463,0.12956215242991298,0.27450655715260686,0.14622850508236998,0.39822037728643667,0.7041238757379594,289785
track_09392,Jazz,101.11364922496718,0.6160151774068005,0.4442135888300095,-19.154965064240518,0.09098202110011777,0.7236933385041959,0.7431817241774148,0.30159762524844147,0.31149729516899316,345359
track_09393,Rock,141.063822642417,0.5590466929382898,0.976930947176418,-7.593919046080945,0.13569127556834382,0.10781414309417968,0.027174120128238353,0.2304185041258781,0.7391862839428918,210948
track_09394,Country,100.64413859537778,0.7098744294099311,0.5022277946198369,-9.2052147703529,0.0947817866068531,0.42295083705664477,0.14142701486960763,0.2765980726173962,0.5359883734253511,270382
track_09395,Classical,77.04296016405652,0.2168532427957267,0.12888568633200922,-15.254152084401742,0.046249899082628484,0.8321635094154707,0.9926910854680219,0.4236214881278716,0.4894210817475915,585494
track_09396,Country,87.2853092751223,0.5314737905633247,0.5884734197871071,-5.943358459907032,0.06145189480178715,0.4237999532013531,0.18561776598892507,0.2859911163491362,0.6180697435193483,217967
track_09397,Hip-Hop,91.3711386591375,0.7008958328542925,0.752034741043516,-2.796597843260524,0.39337731396207554,0.21725179117834312,0.005465501304753074,0.21143869466732662,0.8507658395303411,209210
track_09398,EDM,123.70824810039709,0.7455575355033224,0.9797673400222173,-3.3421010438943144,0.053101768418524306,0.001969205197052415,0.1540277807367875,0.2620032879115699,0.8873437128551549,212248
track_09399,Country,109.35123574796597,0.5390425420494112,0.46933050156641143,-5.096624751628626,0.03651343005982081,0.4292933431424923,0.15479767501941186,0.12466598962792169,0.7684999643983315,224916
track_09400,Metal,146.86461657533667,0.594330017301867,0.8427646198846441,-1.8345771682299468,0.060888216083891174,0.02677701915144817,0.1567887111695764,0.1349817849820098,0.5099246285227175,349861
track_09401,EDM,135.45012796689366,0.8585658668787253,0.9480681742157303,-0.9830132020141562,0.03139024378804655,0.09611572354800371,0.2956898746495571,0.2590629143382334,0.6463237746806196,262770
track_09402,Jazz,117.50185140846979,0.4963449717420583,0.5193738590266563,-14.070913953776707,0.08931973654711339,0.5059340244498289,0.7348247822676045,0.23077828523510321,0.31398451771006464,391328
track_09403,Country,104.24443119809126,0.5238427182849436,0.4094608414059977,-7.482585224262529,0.07138412413230794,0.5074171403408122,0.143544628792739,0.2045680597699095,0.604140136115674,276949
track_09404,Classical,70.91357537379952,0.2774906964591153,0.2120365546049055,-20.602337262507337,0.05881365916769102,0.9387786847325158,0.914554968350214,0.47831408593888775,0.4272912129507912,449916
track_09405,EDM,132.16986883095348,0.9113184187753731,0.8039835675230319,-2.151176118077191,0.0380425859164767,0.17400770157395754,0.28709819578602364,0.26561615701849683,0.5134790301100409,257949
track_09406,Rock,122.78643569622463,0.5039417681762888,0.9808606836786675,-4.921574718307073,0.07181880437381827,0.3187763063330195,0.06079451310055647,0.2540288577728694,0.7263919761987279,281735
track_09407,Classical,82.24395493627708,0.18615433251368152,0.37957682985892127,-11.390299748232902,0.05421850424537927,0.9546697612390769,0.9742315971659341,0.4119231135411169,0.5896307774734255,335984
track_09408,Rock,127.34691177869186,0.7235997104277382,0.7237112807344628,-7.514661866077127,0.07120076754111418,0.2536519249210718,0.25704235157550187,0.30157002398515387,0.7086133151375071,197303
track_09409,Country,104.63128210092587,0.5681611675947091,0.6469832192240419,-5.236285945106883,0.061914809305059056,0.45686377606587536,0.00961002851261299,0.19534211942380497,0.5492358565753742,200360
track_09410,Pop,103.07989745796185,0.6879898290410308,0.761157690427545,-4.378654659975311,0.08348481513693756,0.18583010541751968,0.016063887761056574,0.2494686447524027,0.8534627483341235,226845
track_09411,Pop,126.91030106125498,0.6859790652381208,0.6599488521167048,-3.663693164103133,0.057828094938516386,0.4879304965455694,0.028289559423911332,0.28550884291966705,0.8928225273705178,255123
track_09412,Jazz,103.80349412674175,0.5431172956373579,0.532360403843881,-16.351410875118674,0.06085993655655551,0.7073651297075556,0.8650656148580795,0.35312111581465355,0.3946131153518637,361737
track_09413,Classical,80.86847959441052,0.10289764760574112,0.13027373061625622,-16.332770767408967,0.06074279739275559,0.9970661386062971,0.9026854335330557,0.2237357338963234,0.3920967380341558,545309
track_09414,Rock,144.03424889510254,0.6567443190331822,0.9313526762788491,-9.269545456227577,0.11437641982405701,0.36881637667813727,0.06313684225641106,0.3433570359949645,0.7563320350861703,251786
track_09415,Reggae,90.01430170821186,0.6915777891848227,0.6807737502389846,-10.504088663845295,0.07981749412514749,0.6235435819547686,0.06446923468072133,0.15110103897269483,0.7745115573954828,237822
track_09416,Classical,75.92464596834664,0.19621150438316243,0.2865855630978973,-10.429201764317419,0.04024823784311322,0.9699953154034424,0.9872918028152746,0.22501009534701713,0.39006004160510316,558512
track_09417,Metal,170.9977104778148,0.5300305130772309,0.8391884882416447,-4.420328904307906,0.05918216636349585,0.11309188546450875,0.10913912411253264,0.29045359974367746,0.5078098279201615,208511
track_09418,Jazz,118.12301652012326,0.6821432068230907,0.43896380207833685,-11.29138755363477,0.08916952526778921,0.606643500161933,0.8535760557238258,0.4578169006841636,0.5946487577837012,341531
track_09419,Blues,93.29238922275745,0.7313290402998015,0.7140570836814647,-5.932192110559716,0.09813666341606317,0.3803584006909616,0.0517946566768873,0.17887537840098397,0.6148486246174742,211524
track_09420,Blues,83.55596204026624,0.6085495100352039,0.5030349437805157,-10.247903528481212,0.0476564728262927,0.4080938220016904,0.06111955119587003,0.19108861108583686,0.6831845510744535,269238
track_09421,Rock,148.44317775982972,0.5483130884384358,0.9263909953884749,-5.852270928497693,0.03607139599747764,0.18764131770985315,0.06609050834170141,0.18734098367286062,0.4799154279590665,233359
track_09422,Pop,122.63689431850652,0.6651031185875803,0.6990260831238777,-7.917059587091462,0.10151531805582159,0.23882160211613757,0.014376864298065006,0.27178142024249163,0.7994760171422808,196514
track_09423,EDM,126.40217422479378,0.7462071040564082,0.9808953718443655,-3.424636563362909,0.031371483166172894,0.003485556003879986,0.2806638815773552,0.17450413572432127,0.7484703170607991,225902
track_09424,Metal,161.81110828995202,0.39574586796778977,0.988162611242667,-5.32340786048547,0.07022903553688686,0.12897109991516356,0.1306328371917733,0.17035532721574037,0.30135788211857684,191116
track_09425,Blues,100.01370305539348,0.7323894613281204,0.5112739972347219,-9.839645690427284,0.07084956962603159,0.3697573389262003,0.18880639471530178,0.26576342808767306,0.5418275559971943,189542
track_09426,Rock,155.46564545872877,0.7070864768553938,0.9846484221029912,-6.750713489675913,0.11528800576567755,0.2377410595943564,0.08341566734675027,0.1958474859944711,0.6368076554171498,253596
track_09427,Rock,114.09999980998366,0.5890178535948257,0.7243678120431053,-8.653003309014027,0.09796874254136155,0.3185968643369214,0.011030793637276914,0.2137497857870656,0.46632142275866023,219439
track_09428,Country,111.8945065532804,0.6730039843631094,0.44217705263874796,-6.466046219234804,0.07891459212500779,0.5825093916079387,0.038581413392680064,0.1047685172363452,0.6825496160786767,191497
track_09429,Pop,110.7068130010858,0.6328011315432006,0.7246713850097741,-6.392186469641906,0.11300854230296732,0.11466029077220052,0.01620414325156293,0.27520422063061656,0.8995977466935838,190546
track_09430,Classical,65.31042986733212,0.2801335304784174,0.10483725362089913,-14.565051106012806,0.04769754419054398,0.9380866128870302,0.9429960154278523,0.3707928563288694,0.3039996023385361,349347
track_09431,EDM,122.88054723973792,0.7817787005824003,0.840153127550284,-3.886241970885048,0.06726098003451145,0.09089094227222304,0.18424241902630858,0.21435372043183887,0.606162531402646,291341
track_09432,Country,90.25340443735394,0.7150874978012025,0.5893008414598921,-9.983306820272482,0.09547109450752693,0.5388802921313597,0.03487083138200051,0.13660174169134265,0.6023645080107168,229949
track_09433,Blues,78.66582740095902,0.6995181697635903,0.5453158878193325,-5.316571639723651,0.05028963174324831,0.37443715063383354,0.07376874651817932,0.14251834107645137,0.5938548925989853,287783
track_09434,EDM,129.31574481051257,0.7103528026757304,0.8270080033557435,-4.415480830856509,0.054413846169175425,0.010246640559030752,0.09328503722149413,0.17180306247240834,0.5342803113087656,226517
track_09435,Jazz,136.59551788125637,0.5780698670387592,0.34157317419189115,-17.21488896932891,0.06145703980566896,0.9600145458250094,0.8380070387621597,0.46224551839884537,0.32986415982445344,266359
track_09436,Pop,116.81312678894952,0.8917397159350366,0.6047721251344155,-7.945859421730476,0.056680001184868024,0.24226371592462936,0.01824772828839934,0.11116274962141076,0.797214328782192,210987
track_09437,Blues,87.13268741080634,0.7108142907771342,0.676887527365875,-9.753455835429962,0.07025831451330322,0.3479855236954806,0.0022096372047662573,0.281019039452417,0.6324510158751236,264513
track_09438,Rock,131.72281840884017,0.6717974103908906,0.7333022836990396,-5.477275806477838,0.09752517496434351,0.24333825099807896,0.1627052264930448,0.10894911478075031,0.7011535059303695,208440
track_09439,Blues,88.11697325524979,0.6975280275871618,0.7090687797724368,-9.344989520050593,0.0426231593098833,0.606338725672328,0.1890880957071458,0.26209846142872584,0.7520266284680638,194436
track_09440,Reggae,88.12409689434473,0.6233818840377103,0.6831555496277658,-5.351744685048897,0.07695702570137616,0.37605358086595775,0.041491858052493585,0.10603122598117838,0.6067397572729767,267671
track_09441,Hip-Hop,80.04794876661002,0.911437099711818,0.8977990691498916,-5.352849299380681,0.46129141890174996,0.0779734618683481,0.06555458017142263,0.28299872733783193,0.5723147674062062,285803
track_09442,Hip-Hop,86.76810130543157,0.7664834488887234,0.8734711296770186,-4.439744265949932,0.3095068660027178,0.2408856737967451,0.06420528139663283,0.24861267292530315,0.5647006354798185,183192
track_09443,Blues,91.90819535900975,0.6482321983706865,0.5753240120076136,-10.751083121358525,0.051713836686785246,0.621819893152621,0.11207826925553821,0.12573573730158144,0.592702957245765,181123
track_09444,Reggae,92.44930574290186,0.7987933588441837,0.6186752780125633,-7.46197014189542,0.06464400582187668,0.6136186715870464,0.1901162485859909,0.18955504521373373,0.5540595734991716,204218
track_09445,Blues,85.19708481425721,0.6858993590075255,0.7925141845537406,-9.687491888057114,0.0697920727055164,0.654497722229169,0.017091086567515235,0.15793678370807235,0.7253223076581616,202219
track_09446,Hip-Hop,74.363181601281,0.7142816110643283,0.6220251262813074,-3.105215656000145,0.5178554549398784,0.09284931878929029,0.03038823827028142,0.168870277166802,0.726214558420619,236740
track_09447,Country,88.18926992896947,0.5396363945471845,0.4171000951297983,-5.557814515383389,0.05794733494008868,0.6754068528954412,0.062014105533471864,0.2596614808552339,0.6485648508264682,273015
track_09448,Jazz,118.84323050791377,0.49259052700086003,0.46807996450153344,-15.622664525981056,0.07370219454421792,0.6557391788971552,0.9279996734764155,0.42247267142988,0.616062752631595,265074
track_09449,Hip-Hop,75.05838182685149,0.8611940756087346,0.6562377698223798,-3.260562320568704,0.4805564838133776,0.10553204873871258,0.053186762497811374,0.1807924643185678,0.8499641759860783,254151
track_09450,Jazz,132.295625761501,0.6941723215325505,0.5189887824541313,-5.906116060843752,0.0700190663713822,0.9933083587308293,0.7597530026831707,0.365797814818786,0.40418724433767506,291764
track_09451,Rock,137.33771327126985,0.542720806040303,0.8419275463391904,-3.5436115721886994,0.13512327709231975,0.12590986420637373,0.13215457911583717,0.25286281484695283,0.6764307292405384,281537
track_09452,Jazz,152.79054747001277,0.455118402455352,0.3212719014205897,-18.95798930351966,0.0940053113802554,0.8768104166652654,0.853884105664405,0.2956960681703099,0.5445444273176565,300549
track_09453,Country,118.24904122576515,0.5285835951284849,0.6843262795630263,-4.9407600926652915,0.08985240567683518,0.40991377423046743,0.04586887713094845,0.1198540472868947,0.7596199309992537,293271
track_09454,Reggae,89.59763891378593,0.6221169994714332,0.5396231503831174,-9.656174476568516,0.07847424568912144,0.3585373827618872,0.026108283237272812,0.2583392255479766,0.7384493437235906,188629
track_09455,Jazz,143.05474595519337,0.5845061157267912,0.5037308553752229,-16.495560707795608,0.07093740485805816,0.999105740131826,0.7527787448451088,0.22325414839661104,0.32767110179145476,287197
track_09456,EDM,118.66702848485627,0.7454822816592188,0.9768535788576101,-2.9458343704286625,0.05686011232842401,0.09678304048624618,0.1420892040420932,0.22995882535131387,0.6739123419515876,257879
track_09457,Classical,69.02543591293771,0.12605753790050092,0.27460814489013785,-16.678601481823307,0.043611076994821266,0.8063779137250845,0.9089233862919996,0.280272351816433,0.2881310472168608,515444
track_09458,Hip-Hop,85.66207315099653,0.834679695797606,0.6167580174383418,-6.641310935615137,0.5400214876566983,0.05051227545949159,0.02992590242609651,0.19141005826996094,0.564920467463573,283104
track_09459,Reggae,94.6142148880681,0.7072558249350249,0.5505969787328333,-9.642416649360687,0.08937578792737888,0.5050370310694193,0.09022488977158523,0.23181596670204885,0.6064187285645367,201537
track_09460,Metal,165.51267861177254,0.3056592776047451,0.8042777444579968,-4.775051647498088,0.06580226631836537,0.06783541049650237,0.09586982485445271,0.11155732742579681,0.5644444088800937,295292
track_09461,Rock,125.9863942832533,0.7880113587523696,0.930341144281817,-3.821859584598183,0.05088304971082693,0.277773996048681,0.29725892678181925,0.20483644992480515,0.5613475444598287,270958
track_09462,Classical,76.86977231195876,0.2378834397264413,0.22821377566271533,-11.391910117434062,0.07271399870928945,0.9505259607966678,0.9733123962173637,0.4654476628138521,0.518319781219458,395795
track_09463,EDM,125.9089732782938,0.9403503483122448,0.8829979566721817,-2.8083711188224827,0.05059184241970519,0.07863340899888216,0.19571322593856336,0.13558403301306585,0.8681626248514593,186206
track_09464,Pop,118.54191588212825,0.7733937568473143,0.7873967829893471,-3.619476783702946,0.08932703519766498,0.35710332440015435,0.021292213843847347,0.11173334700536558,0.6308240522916974,183682
track_09465,Country,100.75828861642833,0.6091318839584208,0.5287912056125614,-7.33586964482385,0.09623355163385483,0.44509176091897185,0.030358407768029828,0.17744633203448923,0.7405641306373053,252100
track_09466,Blues,95.25421532969796,0.7650956138906881,0.6746034070009987,-5.996001061255052,0.05156694287223934,0.5394596633500423,0.06570972614250058,0.1546196032118272,0.5298929408152444,273608
track_09467,Classical,50.33814767861646,0.22298023473444126,0.3170567505608023,-12.008546922921532,0.03057335210475965,0.8731304423136891,0.9749776484065871,0.4088370192499398,0.5594199914810547,360286
track_09468,Reggae,83.78131398936883,0.6230711170115135,0.7159447120481301,-11.79146227706944,0.07370995918351027,0.5679363016194403,0.1650335436155187,0.22012280713601629,0.6905448188971773,216120
track_09469,Reggae,88.51157077067295,0.6785708815892008,0.5904398460576306,-5.781946510127366,0.045278761377997565,0.3576617540585426,0.08699865331306395,0.12591795683414359,0.5466725653954447,242574
track_09470,Reggae,82.41850210426041,0.6301211915824348,0.6275591398142181,-9.425431151957527,0.09544773641302093,0.3847375851410204,0.017293417877707974,0.15529058976150362,0.6638173811853625,214662
track_09471,Rock,144.60293260426252,0.619976342184425,0.8138841129751329,-4.5553768076729755,0.12790900683665601,0.18617014453643232,0.2067232576411892,0.291773677904266,0.41346560474181365,217787
track_09472,Jazz,117.86226714461336,0.5350429589313676,0.3420594041465435,-10.398654085877464,0.06965978584810326,0.7488988947536777,0.9901189786049708,0.4021260545957945,0.5928172549166619,381467
track_09473,Hip-Hop,85.58145406774295,0.9342387372567605,0.72484636780726,-7.758304338871057,0.4783788839081453,0.24850841548689387,0.0286046081895467,0.1634611381624972,0.7686221094136794,286003
track_09474,Pop,131.37711601791935,0.7302201015680814,0.6222383598619844,-4.267061549011172,0.0798568100924649,0.46406621686146476,0.012657474965156373,0.19265705314523696,0.7832504098884017,189064
track_09475,Blues,88.24854773314652,0.6525555717646142,0.6085446203928158,-9.820693963671836,0.08402808404877547,0.4075635309929473,0.15014667675552876,0.11142242418182223,0.5955733563836312,247873
track_09476,Reggae,91.34025851371267,0.7891856556915307,0.6440608191571188,-6.0564679930361915,0.09336103426835254,0.4442961177247572,0.10092098722520906,0.21422877543056112,0.7324529795605836,294303
track_09477,Blues,90.2358171308909,0.713786543986457,0.5464303338669342,-5.9738606112017205,0.08948717344833867,0.5682837791468531,0.08109644752343777,0.19883703962679,0.7110302078596874,244392
track_09478,Metal,159.52242444990256,0.41803218706418255,0.8230168992609409,-4.6621402493828,0.03549777713740036,0.09609485889195735,0.09483700248771035,0.11480267308817044,0.3574489917072447,266878
track_09479,Rock,115.1434621443207,0.5425575335167044,0.8449753071452126,-5.228073842897383,0.040670990787180214,0.39333945903988743,0.2750318104450385,0.3661728865391737,0.5638261539659207,261798
track_09480,Reggae,90.21610862250485,0.7598752798519082,0.7645332774015282,-10.296438664327002,0.06405540477655758,0.4989308496187399,0.19925971232461467,0.28314117334610067,0.7909708866479152,211496
track_09481,Metal,156.9155871519991,0.5415269985074607,0.8098855438715117,-4.778601326838071,0.039890018572979455,0.19565266308109336,0.041956053536235154,0.1742201998595735,0.3894150052330415,249046
track_09482,Pop,120.0554217061033,0.7826992249843622,0.7732157475496225,-4.459148604128506,0.06471745118130681,0.12800739021145313,0.018812042655940022,0.2623272411492631,0.8882549963317539,235105
track_09483,Pop,114.71822911561937,0.8943718585029106,0.7634340776976895,-6.105817036912283,0.0619076810874509,0.24347453312880318,0.023995536476230817,0.22614051994829212,0.8932534334605489,205005
track_09484,Hip-Hop,83.89962812700448,0.7909017376652796,0.6761376150827825,-3.403585598784322,0.4391443224138428,0.21754221346394814,0.028365880989417436,0.17425812563140358,0.8822878030912366,207769
track_09485,EDM,127.3395537151578,0.7661270245378734,0.880473944995775,-2.4469781646985305,0.049102992193372524,0.03246532738148642,0.04452527366181247,0.1827206330820307,0.7763652190775203,185724
track_09486,Hip-Hop,80.74320121354866,0.8991034505628367,0.811456838882175,-5.44739248985094,0.3371613875010804,0.28646683494818703,0.03367166179337414,0.12062573259014736,0.6345891887972175,229140
track_09487,Jazz,109.04964737827933,0.4790860809951799,0.4655197391603271,-6.88126817172598,0.0479251676013498,0.5718850072252686,0.8285439416101136,0.23761620077185655,0.6916604158953825,413067
track_09488,Blues,87.13392746201649,0.6695264116894717,0.7599477773313343,-9.704925865001005,0.09451446294320476,0.3067588965251113,0.08101943294704124,0.11002757367286094,0.6222406547870732,275732
track_09489,Country,106.51272449521714,0.51504742590067,0.5007883641911994,-6.633532769315938,0.038105210799530546,0.5276179006935252,0.07075333888368984,0.1643392129743944,0.5811294048319737,260009
track_09490,Pop,107.92058857601404,0.6088194438634488,0.761828290909867,-7.186453178235025,0.05822795498173347,0.462879797650942,0.028185078126426257,0.28679895174303605,0.6058209810720585,255698
track_09491,Country,104.26771450874472,0.5077509381509266,0.4066127637367873,-6.3247890911537485,0.03276114869966551,0.5174733081707135,0.07548571389469011,0.11979611606238959,0.7237644334630177,180448
track_09492,Rock,141.79540756861192,0.7738533711594353,0.8446680204434118,-9.90820803249439,0.10207393211658265,0.24033455040067725,0.28245814240661155,0.3657782692283963,0.7598778548901883,230071
track_09493,Classical,51.79257551854903,0.2265864518639288,0.2719523306434807,-18.783461262918788,0.06688031482535767,0.9855952803470108,0.982174476250649,0.4162849604930393,0.22022236273439125,572979
track_09494,Reggae,81.9484793130422,0.6535170839799299,0.7790970307321794,-5.190419200324978,0.046170692756881834,0.6246871075727172,0.18976462682641435,0.14205756566435307,0.6155162190938367,275339
track_09495,Rock,141.85378079023585,0.5724236524437938,0.9295240504063199,-5.668853191237197,0.10412076176733806,0.37486521973747466,0.20172555614514975,0.14420171894080797,0.4695827883534347,280829
track_09496,Pop,103.90178419757653,0.7333238192750713,0.810501040080625,-5.37290977005273,0.10708721421407844,0.4626096049791315,0.034798208943207384,0.12265728918343424,0.5803763926010648,235824
track_09497,Metal,170.04045256815004,0.3662579207915728,0.8006983896611677,-3.434502875769595,0.05574548544554581,0.19099737448206025,0.0390579424983641,0.13942959905739732,0.42583498207090775,326010
track_09498,Blues,89.67702363863076,0.728361225474209,0.5884314134846239,-10.145433918811461,0.09042928658955073,0.4980628321819962,0.1863076614774369,0.23668229714535105,0.5187341549621757,204259
track_09499,Country,107.59407853496882,0.6389462369577512,0.5064000077225388,-8.568822081316537,0.0660138630237116,0.5324539220306916,0.018690440146551034,0.10125954530872808,0.6785103315155843,260741
track_09500,Hip-Hop,84.70446710522022,0.7081650961355077,0.8862074673019815,-7.946371906106819,0.4062508659192565,0.2416909837025912,0.0974481298378912,0.10903297511170403,0.8803109529975461,262570
track_09501,Classical,74.99892439103161,0.11064615413435533,0.18272774730252345,-14.117057797819543,0.02290199483140441,0.9635752399901141,0.918464115421336,0.2915230350580344,0.4872302305673875,409623
track_09502,EDM,117.64375635246384,0.75270398923044,0.8810749676114469,-3.79055448644087,0.05053174691069791,0.13048032638371185,0.08102255585519169,0.1924295116975356,0.7143182940834405,184264
track_09503,Rock,128.3656897352953,0.5121470097790194,0.7189500459035518,-3.190235674888366,0.0388720435837963,0.21580776682452615,0.23749171918283185,0.3551856272842304,0.5073885845861554,226625
track_09504,EDM,128.22742737441075,0.7998402828796946,0.969765098267647,-2.967203002828228,0.05872828287932787,0.038948193999145314,0.27700598940458654,0.15905421316435928,0.5023198764206485,290570
track_09505,Country,98.05415168038998,0.5605821450676043,0.547937633198634,-5.2911833767443985,0.048909666733205494,0.5219802556772942,0.030286222362101878,0.2403189094214034,0.7212218637033754,237877
track_09506,Country,105.46096902149498,0.6321038077350329,0.5793661981323657,-6.745044323976563,0.05455489934280636,0.4862508930791858,0.08815584440477227,0.11331754037254978,0.6413497808791553,245406
track_09507,Reggae,86.9564865529986,0.6721384368564323,0.5423623579204578,-9.231485289686155,0.040113441131139065,0.4752950234078009,0.18783006953385334,0.25247258317355814,0.572348018793257,193589
track_09508,Metal,158.51997932957755,0.4525934375283611,0.9453041882704021,-5.455420002641257,0.0772455749913474,0.12235065957672689,0.061550500534057,0.14666249821343944,0.5213159519799011,344610
track_09509,Metal,154.11953945937498,0.39775798437987797,0.9905247834760716,-5.804825161878249,0.0337692819777822,0.19122313434171848,0.137524829127551,0.22717991900670248,0.5457869933731683,353287
track_09510,Jazz,99.3177820290185,0.6496112500648453,0.3787611361714177,-5.534827658491466,0.05530134244351735,0.7946883421059281,0.9004006649118459,0.3659017777930545,0.5486222695245453,419429
track_09511,Hip-Hop,81.16096277949683,0.8053640388116173,0.81693432463101,-7.4774221026611105,0.5586044929571821,0.2751178880018922,0.08720298082988161,0.1001504089283573,0.8213826511835423,178210
track_09512,Pop,121.79525591765461,0.8191078081365669,0.6388096199064375,-6.528132194138515,0.07375242472987494,0.21424643019155956,0.02622960576949353,0.21102883770822706,0.827829676938564,239582
track_09513,Pop,117.86892599053088,0.6742399999415639,0.7699568442959527,-5.4280135991366105,0.10021713976017227,0.28912885155667745,0.005123702052213614,0.2824264220096261,0.7731569422211781,230389
track_09514,Country,109.21637215106897,0.691893646315205,0.5536903394835325,-5.716844936407477,0.044816580681322944,0.5406311451681846,0.13832428447666006,0.26098637821408177,0.790417127979583,228056
track_09515,Rock,158.20731768205698,0.5481568604993239,0.9848092021392734,-3.381262064223715,0.13285436106130827,0.17679736991176487,0.2628026717479679,0.3100344950641093,0.49848782789588075,197746
track_09516,Blues,83.4420227554801,0.620968152718166,0.7017795817191032,-5.162334844604634,0.058306305601200877,0.6714286018062575,0.0006225946790833881,0.2325774453081392,0.6592050823008337,241336
track_09517,Pop,125.26946559033838,0.7765053985075023,0.7852742629278047,-4.550866924859907,0.11460569928439791,0.29142119639660446,0.026921385495882147,0.1744316108411868,0.6411354303778596,204977
track_09518,Pop,122.35599454676174,0.7058454893002457,0.8497212652477597,-5.280756631779832,0.06892495848108471,0.40078619702996,0.01390657458528642,0.10494342001262819,0.5385697518966726,222704
track_09519,Rock,140.61544634400997,0.613244764839715,0.8220774335929559,-4.2312413206740445,0.1274671371404063,0.3484488954007959,0.25435506384274326,0.12083506966731603,0.7025631159434944,259557
track_09520,Hip-Hop,89.81998939007153,0.7434817154961264,0.8408657370341166,-2.805931626981873,0.5865884398768537,0.18143887673150397,0.010010572705053788,0.10463393045411606,0.6771622599866691,246398
track_09521,Classical,57.60887490219712,0.19893890446902515,0.26909360789614356,-22.407419647664195,0.04280940631013185,0.9496795466472208,0.900592641554254,0.49934321529560843,0.3763752528208504,363366
track_09522,Metal,153.05994448257098,0.3731152932522801,0.8419414440408435,-2.636009063544731,0.07863542378267824,0.18167572311005165,0.1863636067159974,0.20162430700917,0.4076824213160871,320472
track_09523,Reggae,102.58267952488731,0.7218444095080628,0.6173460817966097,-8.891132281612071,0.07112468442085881,0.686243935887421,0.043690445568815565,0.28292184816141597,0.7927562038030787,251519
track_09524,Reggae,91.25133540162507,0.7313550520646326,0.7631431031119447,-11.72393231309168,0.09952629140977023,0.46299679075100597,0.025999396002654464,0.16624975751847182,0.7387257297962223,195735
track_09525,Reggae,87.65091707627143,0.6901325986615753,0.5947162592411923,-10.02055731009061,0.09963310704435427,0.4611703058874891,0.10139443280855281,0.17942685531865338,0.7178842567447797,192343
track_09526,Rock,166.01261893402068,0.5156140665910289,0.9922117788959743,-6.250687701639658,0.09607589350146394,0.24006413040305494,0.014967262125129732,0.3030039329839145,0.626343245334268,285102
track_09527,Reggae,92.61225509971992,0.6533454338313253,0.7643856100765518,-8.692567131843743,0.08730630640421903,0.6448510879216083,0.08998892551132028,0.1666130879583905,0.6660365267053802,281413
track_09528,Country,119.31240497898526,0.679811179048919,0.46852166895791475,-7.559496278785291,0.04550612003161278,0.4213416615881853,0.18133876519866676,0.10932615490874785,0.5138276717091215,290704
track_09529,Jazz,132.82336431955983,0.5482079888150886,0.3360497074962064,-18.473834683551072,0.09504158754081271,0.6910687522750991,0.8661964904573962,0.39225908945151133,0.5896165436533447,374419
track_09530,Rock,132.2570131468143,0.7509618911626762,0.7561182649374,-6.991380485849581,0.09629013831998424,0.3640581474927932,0.0645334794350922,0.28613862287521397,0.4124729756015982,232456
track_09531,Rock,130.16062480971578,0.7882555852279992,0.7025112772005726,-3.8393495983594983,0.07876427203997137,0.27023676821160036,0.20806393058317174,0.11348081730727738,0.6070026289684304,196966
track_09532,Metal,151.51984973584126,0.5414803350678841,0.9220539102366455,-5.0508415075065125,0.042115137332010506,0.12113460458744539,0.13561203301561361,0.12265558784186965,0.5519092463674702,334074
track_09533,Reggae,91.48720516656267,0.7752568657098963,0.5165312773393572,-10.453106453210708,0.07379401662287513,0.3007401384391737,0.0359550633378799,0.14734429871163066,0.765224454787973,213365
track_09534,EDM,121.1809101644991,0.7813785113993728,0.8837061584041587,-1.9435454388434708,0.04695154382204325,0.11088167255951223,0.033426641362899544,0.16196864108036207,0.669066363051068,293978
track_09535,Classical,76.7185825244068,0.11830767442770587,0.30175366020349387,-21.534921605344742,0.07568165223119636,0.8400839241171436,0.9067131374348696,0.36005739924379654,0.5670435834259773,468856
track_09536,Jazz,104.79332938863675,0.6302649926428296,0.5706009626523418,-19.496097069344252,0.0714207243575837,0.7040702049506534,0.7674491029345799,0.2791956725037136,0.6293779541410527,417880
track_09537,Rock,136.93771436486256,0.6233675927204109,0.8393299773155241,-7.417335493520631,0.10565597491876279,0.17975366691337696,0.05494244662471387,0.23583055290431074,0.6907845747327706,264275
track_09538,Jazz,118.26569753426294,0.5840953998201414,0.4472343952447748,-5.810925020281848,0.06515987166264155,0.5639948016107053,0.9467437061985495,0.35123331383796075,0.36425957290011635,380550
track_09539,Rock,148.46166885301625,0.5335800821863955,0.9902711607160561,-6.254552009355692,0.09884550526764456,0.38511397607069364,0.1403101948210206,0.30882999347221657,0.41442278324075904,293874
track_09540,Hip-Hop,78.65011771455357,0.7002670711707345,0.7360531812998274,-6.158473980877565,0.4283811878141644,0.28144806957435503,0.08085292621836411,0.14033104042023367,0.7816971730783698,210993
track_09541,Metal,165.44553334559558,0.4723681646638541,0.8901301362361455,-5.988296561950008,0.04297865955792803,0.1637664562625436,0.021366584936564473,0.20178254819014807,0.3093079517703573,249521
track_09542,Country,95.05301798084527,0.5977936040925352,0.5245435467261398,-8.220387111360365,0.03859042568100249,0.6235842008215077,0.17976359817300683,0.20041789689514528,0.5575345067689034,216617
track_09543,Hip-Hop,93.33492858740382,0.7230196928991289,0.8896455779195288,-5.969389150780675,0.3601388560075601,0.2877124840870451,0.0005091237640183045,0.2575517062484456,0.6677400409833267,196117
track_09544,Blues,88.23337253586705,0.663002914892018,0.7667896558001107,-5.070367088601735,0.09693859071271978,0.5113698789255696,0.0400239627681291,0.26152124477671257,0.7824816408245667,185946
track_09545,Reggae,88.63187724614663,0.6596584672415512,0.6375125264882073,-9.178982366543067,0.05566263473771718,0.6271580758827171,0.18134260441622552,0.25501689920543424,0.7101531383807758,192124
track_09546,Blues,86.96514177671894,0.6856587981219968,0.5550196168984642,-8.940604123917007,0.08318404431170395,0.6045924259808553,0.18435544433011927,0.23948316138531042,0.7988978743643727,194580
track_09547,Classical,68.77012184780617,0.1950262793668952,0.3753764212423073,-19.853792607296196,0.0707176847217612,0.8256834467455032,0.9572133516417329,0.3613694807919978,0.26233971057112876,311825
track_09548,EDM,115.86733993089751,0.7795070333412707,0.9428455390352835,-0.6504051424537582,0.06353530560865661,0.13180532500853032,0.2548443635703772,0.11765571502238131,0.6908720112321016,222859
track_09549,Country,97.63849169641936,0.5960815606485548,0.6601288679709758,-9.268488908434211,0.05411577529274535,0.6103882535252703,0.14462213808006927,0.17128169472102056,0.7889527737349391,265724
track_09550,Hip-Hop,83.38179105228718,0.8556615002705028,0.6999934240029091,-2.782084682564464,0.5977718674171992,0.04849707128921153,0.049210470481368986,0.20066271284029874,0.8129618726153587,259560
track_09551,Jazz,129.7131796854312,0.6143137776746566,0.47775979815359493,-11.536276516911162,0.07862209661936478,0.5040315111215257,0.8343687159870022,0.2119138862530855,0.49534971822049967,382094
track_09552,Jazz,128.13858445314645,0.6191397003731668,0.5113622515802192,-14.199574099579316,0.043928308595300176,0.9874626518401031,0.7452477399977369,0.3464960751095246,0.4088302143459306,374166
track_09553,Classical,67.31358858338632,0.17901204580185495,0.19563956843279712,-17.840761484677067,0.041453277104846906,0.8383328173041477,0.9910286409378082,0.3735156833407596,0.2913159093051065,456195
track_09554,Rock,135.42420555839797,0.6709263263802527,0.738723289871295,-7.310507737915481,0.05236108300841138,0.20935832538209775,0.13071922368946903,0.26497308397046937,0.4090806914635859,267803
track_09555,Jazz,129.59731861872012,0.6881410936351825,0.5969960955576066,-11.071268682185458,0.04524701536650584,0.7892168783166622,0.7613261070590953,0.39450161491503233,0.4342686912478959,369730
track_09556,Reggae,92.03568437604619,0.7321873888520769,0.7724943819147192,-6.450886857603244,0.041268116303945515,0.36120172326952793,0.17374941011448802,0.24864473819180372,0.5443658693243039,271507
track_09557,EDM,128.96285022537452,0.9486107718449373,0.83538746934233,-0.8590238275668636,0.05244170626005254,0.036315706597251605,0.18736198623008482,0.29841849874127546,0.5888985573583796,238085
track_09558,Metal,164.77125194639171,0.512651950340605,0.8748264510382278,-1.4497411364259971,0.0415189807763332,0.09348494420458181,0.012725445455527607,0.22574243986602663,0.4675635621254297,212345
track_09559,Reggae,83.88574700404077,0.7785778857159236,0.7461454384517143,-11.171785942192184,0.08299180145646282,0.3502640300659736,0.04733290094121423,0.2641541584919709,0.6429127912192995,262290
track_09560,EDM,133.20547126832824,0.8875017550846533,0.9083580756453008,-1.1783834866687064,0.05649737292442546,0.013022386332347424,0.27406549493598925,0.253686893723006,0.5886400976578825,234061
track_09561,Classical,69.67894963040791,0.2892423794970885,0.3508765173816001,-10.031112172166289,0.029397504620568386,0.9275318435322113,0.9133654073523133,0.47153331094758333,0.33917079512140014,433638
track_09562,Reggae,89.11318655145571,0.6000444996403108,0.6590078595860589,-11.947672879305449,0.061090114614276575,0.647778561304404,0.13476228421980394,0.2701233731933984,0.6671546533777091,275117
track_09563,Metal,150.3981802758508,0.49862278024131457,0.9995048327083703,-2.6954903245151707,0.030029973453597713,0.025984670103047083,0.021887526380120592,0.18351839762210895,0.38344023818050077,270158
track_09564,Metal,153.13233474757027,0.5530312169405807,0.8285488898541961,-2.0648915483341694,0.03148478096067478,0.07891496721640404,0.055961671543636494,0.2282306194777396,0.5293946165358887,277874
track_09565,Pop,130.92918919079494,0.8175407456118534,0.6346025820348156,-4.342712788858273,0.1078412306636792,0.11400818637261773,0.008119268768898397,0.2040819419337569,0.5235345493389489,203168
track_09566,Rock,143.25607935973252,0.6713203091309672,0.8480286347144291,-5.81446011379667,0.051447620200431615,0.21883473741608434,0.08861326866767782,0.3329534958668122,0.713216056174587,197736
track_09567,Classical,57.764273141722846,0.19835787484667056,0.2112007843291127,-20.054698784499546,0.06129604078167329,0.8901664273431648,0.9066675428068378,0.3112588814414565,0.555407799595782,331497
track_09568,Reggae,95.40464605470379,0.7665834462659167,0.5543297450271755,-11.44440428037885,0.0887964014238229,0.5663797783305209,0.10165372367717392,0.23743260892630333,0.7792673033221881,258122
track_09569,Country,98.81056097953797,0.5713817862920515,0.5593070074400102,-6.64314495381963,0.03645610186124823,0.5710804139678864,0.13884352598212824,0.27690734359972924,0.5640727060685882,289647
track_09570,Country,111.33088272414396,0.7133275178417398,0.5966001857015311,-6.7195601645755545,0.09268513378270199,0.5991567865937732,0.050110762617498895,0.19351532926787213,0.7017330163073864,253338
track_09571,Classical,73.13961857169227,0.20394367677390518,0.28479180070865945,-21.193130738600104,0.0639146626748289,0.9424459061192713,0.9337823444110002,0.41610437576694215,0.3371669706631501,461026
track_09572,Reggae,101.68881661912776,0.6383098948173742,0.610271143128839,-8.736916553014236,0.04498170077308741,0.35527340057962326,0.10508618455293646,0.23987677639370264,0.7533442460638965,266524
track_09573,Hip-Hop,89.61944958462703,0.7851461469746461,0.7759678571440134,-7.8344347795736695,0.363713109494495,0.05764716083001226,0.025624604743580227,0.176385100081664,0.5873519972265631,231288
track_09574,Hip-Hop,88.61794225610203,0.737630479701366,0.8005255943234751,-6.621713970592819,0.3104560501327033,0.26157078290815783,0.04344206904503606,0.25547419409994176,0.8417970537815385,226755
track_09575,Rock,133.50442177636347,0.7551737369839711,0.7766442889249022,-3.8994129703789184,0.13967094275222153,0.27422387256983494,0.2501630720984772,0.360087922594302,0.5398140309485724,234180
track_09576,Reggae,93.87754632940545,0.641944747574041,0.6023109326403825,-11.217183207739616,0.07842310211284709,0.6125861444093026,0.12357023995719195,0.2192994087943305,0.7407398039297064,212708
track_09577,Metal,164.33928789907506,0.3350811495914365,0.8439449916541328,-3.6209419726147365,0.04675808274142636,0.15635117053506176,0.020292183545427125,0.29634908925011527,0.547536412138887,253678
track_09578,Jazz,108.81594584360549,0.43806112728645785,0.3289115990465799,-17.616696961758805,0.05079323573513,0.8771550601890261,0.9917330053603377,0.4267193493225537,0.6072932875481856,354034
track_09579,Country,101.2205232690189,0.5620280857853973,0.460019617326261,-6.358152179925325,0.07457327019573894,0.6276053907293894,0.1292309737965179,0.24415910693759982,0.7142131587351568,298063
track_09580,Reggae,94.70464015073588,0.6772645633092043,0.6143649604011029,-9.719313021710876,0.05793174754922406,0.3373130639808948,0.12148756280759823,0.15067495690650984,0.604111029314732,198944
track_09581,Reggae,77.25433619746325,0.6382591031059149,0.5209856871738503,-10.420107428071962,0.04777781351262877,0.3744123630539271,0.17176720675899415,0.24491691694908096,0.5425316299732926,236056
track_09582,Jazz,105.36657836716249,0.6066732702119204,0.4406525647309563,-19.02119498164677,0.07605780915622216,0.845707511837545,0.7606350102464658,0.4805853129507116,0.3909736398756863,384117
track_09583,Jazz,107.7369569519583,0.6763870107701698,0.49228856088557416,-8.76739912774748,0.04713837469016637,0.9108469720502148,0.8706506621651324,0.4308615757031717,0.3286454461621127,263738
track_09584,EDM,131.21911821257456,0.7851148621916813,0.8278159506540573,-4.256367652293339,0.0365851956425951,0.04024784300168019,0.2647773766383584,0.19790226187267276,0.5882917120477196,197770
track_09585,Pop,92.58135059117811,0.6137162080448996,0.6602504459872002,-4.29983601090273,0.10651832941242206,0.10161588697865037,0.005319455724756717,0.2996525954674021,0.7595015280114035,200492
track_09586,Rock,134.82536033625416,0.6138088331068309,0.8513157140974174,-6.445455369220175,0.07174537742752538,0.3069218250025425,0.17178427456061846,0.3831088440008701,0.402726621016421,228919
track_09587,Country,97.48068415115173,0.6244695134869936,0.4416598380741661,-8.62742235205728,0.06470107357762869,0.6164383423704204,0.005352051335728691,0.21415730702066357,0.6151861876868571,258572
track_09588,Jazz,113.30462982672822,0.5520779623996774,0.3046927035681627,-10.711209602087056,0.0608474686496865,0.9229397975751656,0.9752428909675841,0.3495416081803815,0.6810584056958933,305493
track_09589,Hip-Hop,88.47939008059171,0.8559016486697821,0.6001237007917681,-4.083130152482261,0.5643114888203306,0.02037666831710102,0.029881972461893315,0.2713943840817946,0.7500688697967719,247992
track_09590,Classical,76.5663012044658,0.25967298089965596,0.19068158779609076,-29.908712936998405,0.02429004632169634,0.8435918161024784,0.9498155947126046,0.4193724130787222,0.2395726133200458,449264
track_09591,Hip-Hop,87.7914582676517,0.7051444427904936,0.7205319682420981,-6.948055699183082,0.49387017267256084,0.13423023819182053,0.05897797319064582,0.26804059220652554,0.7275631977699963,250252
track_09592,EDM,128.99695355851418,0.7358990551474969,0.8924292724333163,-1.8614181781464834,0.05825863714374155,0.016391840891121157,0.20547053186230288,0.13916255322693621,0.7644212658335421,249345
track_09593,EDM,119.24979789637875,0.8744089889530708,0.8725941593955713,-0.23609939014127335,0.05962060953128873,0.08589462035443739,0.052038740835254525,0.21130835167907258,0.7382769262464881,256084
track_09594,Jazz,107.80111255809418,0.5853440107637973,0.3748654251999915,-6.697782174285477,0.05634290542309507,0.5530739319299685,0.9966440193999447,0.3164243983011983,0.5624391870896516,351822
track_09595,EDM,130.35982532678298,0.9322115703010849,0.9859863719126342,-4.189231386505535,0.03914195381436492,0.1848626300925034,0.08240202278856236,0.17594541425983884,0.516632525085102,278284
track_09596,Metal,166.50242412674288,0.5513187335554453,0.8679673932935171,-4.411402917668703,0.0453737850589643,0.0803095508961159,0.1653627047897114,0.15195321752007107,0.48574163060930187,221565
track_09597,Blues,87.4907273971483,0.6894726703001975,0.578014806690331,-6.829496151679025,0.07977649023584149,0.3470470568755361,0.1603317403461038,0.27977601691337106,0.5198163119309193,235171
track_09598,Reggae,93.14605150914059,0.7579762757716609,0.538231365218071,-5.476058180886833,0.04299952649602256,0.6026697545094903,0.05707172200479127,0.2559720468144474,0.5044179415538286,272660
track_09599,Reggae,92.38046597353613,0.608818580499352,0.5032645611337851,-8.954270482980462,0.06516528817385833,0.5634219492224539,0.006271813740054588,0.23648217538247962,0.6635224275389648,205650
track_09600,Jazz,114.52582227887297,0.5092859904682389,0.38506328627325914,-9.697458433614623,0.06425346890687186,0.7862166674575661,0.7595758542614157,0.4144245321317095,0.6877567032000409,306131
track_09601,EDM,123.20674656234176,0.8581983576461596,0.9999833905940683,-4.986223469900036,0.0320583581420436,0.08884865588914517,0.004171478244679172,0.16580544803839029,0.5855125712481096,261636
track_09602,Classical,71.08482823438486,0.1095462698007185,0.10731529212984452,-12.956312010113333,0.03691641225735768,0.8701835718421234,0.9449367109951021,0.21272497871909657,0.584637690911687,536610
track_09603,Metal,167.06422533220416,0.5683069982803,0.844763395856987,-3.7838990109880974,0.0784547330612094,0.12242857001245139,0.16157593231134687,0.20799623755553628,0.4463030280454786,241202
track_09604,Rock,135.10291193968135,0.5827095925491323,0.7845034188985351,-5.8179674548734726,0.03253199344271538,0.11621092737620792,0.004755484331409721,0.3300350352492356,0.41076438100161455,246440
track_09605,EDM,133.05960429357543,0.7087469171100269,0.856456575327555,-4.531801087426873,0.04001218589480775,0.06750490803440166,0.18579645805600484,0.11281873954489562,0.5839364974409612,286326
track_09606,Metal,156.44805885894667,0.49164678831595715,0.850255920852757,-1.0881983077325028,0.07072664593218222,0.0628221604361258,0.11983535517978483,0.2112388353300792,0.48499249592895366,192202
track_09607,Pop,103.12368922437912,0.69579230409657,0.7363489118628047,-6.934904620168095,0.11245407491998052,0.2670245645770858,0.008273796382217553,0.11216234975260218,0.8125764510865615,183271
track_09608,Rock,146.04434007773546,0.6627886169180429,0.8959867402384537,-3.642081581158089,0.03579174086700909,0.20425953049480072,0.03581906104494894,0.2285916431036548,0.548864521507445,209446
track_09609,Reggae,96.94691328871893,0.6696635854062217,0.7487781167394892,-8.571936620455096,0.05875733277977731,0.6271475707513661,0.05183166842961356,0.24521745735092956,0.5982924895047061,294740
track_09610,Pop,103.20004421154417,0.7968953280738078,0.675837436419074,-5.772129235136067,0.09344753831702482,0.4424734674480758,0.021338909449110856,0.23979962753750164,0.5994975063162142,207024
track_09611,Jazz,106.48989946242045,0.43072471347113767,0.32133601107443194,-19.93480123968387,0.09532977952808146,0.8025092776005709,0.880995174938757,0.4434114539828246,0.6446969685886101,381894
track_09612,Country,106.74772442467784,0.6886606179732339,0.5166900542374603,-8.032799630234877,0.0821219523535939,0.5290529590339248,0.19723768391218538,0.2685822967262048,0.5575049636285934,250475
track_09613,Jazz,137.76350466780394,0.5840130860891468,0.4942847510479134,-11.609539942421264,0.05054293859241841,0.8371657372968868,0.9852841309362308,0.21232891540518975,0.4447335465121592,328269
track_09614,Classical,57.89713197216782,0.2507819461049447,0.2572063451955042,-13.2814618907218,0.059599051464838196,0.8926378780788797,0.9911287430699458,0.3249419189558087,0.5825187294965974,569371
track_09615,Metal,156.84563771689852,0.5693151191104467,0.8401816707077174,-1.217691649872373,0.07904977939952872,0.09507674500087332,0.029260550989784175,0.25171904144433477,0.4045816119509365,293756
track_09616,Country,82.1841699422518,0.5516599399971838,0.5608437485461149,-6.7806617366962225,0.06713416375719711,0.6578550220967565,0.0003093547904047256,0.15338585849873101,0.7656951714144934,261623
track_09617,Rock,134.1063647532763,0.6731680985077783,0.8647533131774894,-7.18726281158874,0.14616353087874775,0.20234504152982746,0.01016442093329919,0.35381177768290706,0.7723492962114984,240711
track_09618,Rock,152.86593552000446,0.7466875867888038,0.7450982200104393,-8.77101359533705,0.07580871294631665,0.3785996247741834,0.054583596693769165,0.3866873321425973,0.6687934857179008,259642
track_09619,Pop,105.46331327370866,0.7260798128299502,0.7304807249285542,-5.346289844839556,0.06569914622726107,0.15981895360922024,0.009294975517304677,0.14086262640292563,0.828399385533934,230456
track_09620,Classical,49.62854090572975,0.23696590817210547,0.3838498173641115,-10.306686195619609,0.05849258431264252,0.9119566024541944,0.9252980586230966,0.28264177807574625,0.30150120130053704,326127
track_09621,Reggae,85.18571936032512,0.7395118353012791,0.5999102157950864,-7.008941896046191,0.0693057709373867,0.6131625462941799,0.10050044047534162,0.15753563929903644,0.7969362633525674,228099
track_09622,EDM,132.58320948994876,0.8006555833405545,0.9550398755930201,-2.4108176869887794,0.057323236840743974,0.09759347750020433,0.1831525631948525,0.20244959231059517,0.8966757905482259,184319
track_09623,EDM,125.00189610966987,0.7698673967741068,0.9964296817451366,-0.18713221440172312,0.0637917372803618,0.013677932893507183,0.24955735325107115,0.25112728850043164,0.8754444418070335,182299
track_09624,Country,94.44959133880137,0.6490536378974203,0.6429100742214351,-7.299007227452227,0.03649032832653798,0.46809899619537126,0.0271233882185423,0.2603692723997787,0.7771056935184847,290980
track_09625,Classical,70.83231375800294,0.20102769946069293,0.39564180331725407,-10.109098506204518,0.056523823228880374,0.8741756555944532,0.937243352346063,0.4015600919154888,0.2897484739012258,311701
track_09626,Classical,82.87394751811645,0.17038579838423717,0.32307647875203627,-19.429105465983575,0.05564221541152638,0.8781107173652511,0.9089958203172943,0.4095049726316517,0.337210513341924,418432
track_09627,Rock,144.2098645384591,0.7771368601356171,0.7286107001998792,-9.265304981773044,0.0450834352310853,0.20725865972853158,0.20147700989122558,0.261588773258141,0.5192743694402735,267820
track_09628,Reggae,84.0051461869941,0.6973338252998834,0.5837260581984628,-9.56824961545211,0.0743556027230684,0.638978521560884,0.08566535916960799,0.2080223848216309,0.7385692022465709,193865
track_09629,Metal,153.36420214289572,0.3858191287611693,0.9944513753480977,-4.97913243120869,0.0522291839404006,0.18170705856280542,0.0023006293334270067,0.22097242567043374,0.5610571108221881,219029
track_09630,Reggae,86.78722177916502,0.6117656019519535,0.7496427140670411,-5.46544598229989,0.049976040603632615,0.5039019646375542,0.057572826956187775,0.20997655537570753,0.7107320693419739,272699
track_09631,Hip-Hop,89.9904046555151,0.7637735159477519,0.6635712970264739,-6.592973678056933,0.5190186181143123,0.19020691569433928,0.05017752657118868,0.2667118275599637,0.5237187789855694,283522
track_09632,Classical,95.3931402358011,0.2602826637338195,0.33917255196642837,-13.35106437421721,0.07605539518783365,0.9180493406035912,0.9144785747099795,0.4743847262794305,0.5986157120330406,354601
track_09633,Jazz,106.33866925823007,0.465350219541231,0.5722497398464543,-5.4599049350562545,0.041984563387785445,0.9570067012408072,0.9553583023042376,0.3548635853547947,0.4934752951547541,367441
track_09634,Blues,88.13756471592667,0.7149645338258366,0.7076231684889019,-11.509718883636603,0.06468880637577676,0.5857886785900679,0.06557113286861747,0.2514898003125455,0.6027356415031594,254120
track_09635,Classical,79.98818923806867,0.2690337210183792,0.27547126075463246,-20.796560832813988,0.020895253281176605,0.8696016201860328,0.9083837112332948,0.2658061884030187,0.22741650321490844,549692
track_09636,Country,91.39278977349505,0.557619969275425,0.5543078130432653,-8.118491074061872,0.08535425995850712,0.6700879717041837,0.10699126690583292,0.16412592877250543,0.6936278443008093,207427
track_09637,Jazz,137.9040348242063,0.6802572524460813,0.3828327932773629,-8.507841491587522,0.09529292834982346,0.7281416657543973,0.82509866242616,0.3105681303023212,0.693517518701011,271715
track_09638,Country,114.24686757117496,0.5151525119736214,0.5086427698644429,-8.316287239692725,0.04386858524663126,0.47722707873058323,0.1287030959115476,0.23779121915908716,0.7785438188186083,285938
track_09639,Pop,137.16040886771438,0.6718980035047223,0.7664301220179865,-7.063051870026541,0.06556988569420245,0.3656900158623433,0.04772238703291249,0.2806278723194723,0.5108088547201319,243332
track_09640,Blues,89.47575363574012,0.6728955101570747,0.6662809319119198,-9.582715058669628,0.08946437349643224,0.5689542547923547,0.17543963659590772,0.14242501146575431,0.692125212443709,184809
track_09641,Blues,94.80348886097148,0.7379166767097076,0.7126104758039031,-5.955476813015275,0.08212460884603069,0.44019432354724647,0.047867548762414086,0.18208891759531518,0.6389623294433338,237375
track_09642,Rock,146.42248681715503,0.7636089733848168,0.7513531507026224,-9.236621734117243,0.1318552965826846,0.39332468641695983,0.12234854267485641,0.3714789456327926,0.7085560376095841,225115
track_09643,Classical,72.76131692298847,0.2201503940315771,0.10499827950598963,-13.697184330433135,0.06135501313895028,0.8512237997310651,0.9268507295247066,0.34766871312055025,0.4665668026151457,458191
track_09644,Rock,139.38914526494509,0.7836325217030342,0.9850660618409354,-3.2605255776634436,0.14058076082275683,0.3663636398920904,0.18624167670488556,0.38551222472000735,0.7182081625800284,186166
track_09645,EDM,121.62279762253846,0.7314255661914846,0.8685148764846362,-2.8437964934571487,0.0364441096635543,0.09768459511662185,0.10164552875708847,0.28000269738785943,0.5257201625894045,191967
track_09646,Country,115.55437236982735,0.5302898375725877,0.43558927836033035,-7.892573780335781,0.07991958281449335,0.4804114407483769,0.1392574855188023,0.2993246300709671,0.6273984928552393,180646
track_09647,Hip-Hop,89.09377379979722,0.737308429131705,0.8089106294170478,-5.249712422155495,0.3402384420139826,0.006816025866721587,0.021627789702009428,0.10334419498770019,0.7391134522416732,174080
track_09648,Hip-Hop,85.6440370495481,0.9384166245745709,0.7897736119968903,-3.417722747443314,0.4301297582652706,0.08015883175618811,0.07673631940062284,0.19353719746816084,0.8998220208500813,220072
track_09649,EDM,135.7920662318715,0.8198398053509747,0.8261417429612534,-0.26707402018521353,0.058217259311102235,0.020285908762068774,0.17297967522736735,0.1079547351195967,0.6618262137227673,207171
track_09650,Pop,132.8912864580148,0.8941795472755127,0.7447483973503434,-4.700764900195807,0.10954520467828799,0.3690603389953895,0.009840481547203107,0.18462152298336465,0.7448155194093242,188130
track_09651,Hip-Hop,93.36004992054973,0.8300765558308841,0.6239143901208513,-3.2163274270774433,0.45682002460224713,0.1819915250430049,0.0338491583404571,0.28296176420659697,0.7749744109635162,152779
track_09652,Country,87.99231795005278,0.6472337515965187,0.5603728114939834,-8.547203765563216,0.031102912847812178,0.4389298260424964,0.19636487337721106,0.28555377710893104,0.5933415429182977,218841
track_09653,Hip-Hop,89.58845741410498,0.9307155533712606,0.7450113171222252,-5.198939621349221,0.4262316095685508,0.19567134179471704,0.0323195820649821,0.2336790318416316,0.7814671436320251,160391
track_09654,EDM,137.94086079365326,0.8487375286549398,0.9453595872332705,-0.1939134030461256,0.06755614523840049,0.04101185510322092,0.17318865695127317,0.19387289792102547,0.6396987078466371,257971
track_09655,Jazz,123.61129401350138,0.5961959739050922,0.419084050238378,-5.8399637411804814,0.07138440540821785,0.8088204725126931,0.7626743965260786,0.36744407749791164,0.3882587237884183,321127
track_09656,Rock,150.45506531035204,0.6545125971697221,0.9538320421176603,-3.8581656186530386,0.14243750949541273,0.3808821356103749,0.2905980612047181,0.31652156994392244,0.4446117220964549,253801
track_09657,Metal,142.39940954393842,0.5624834844549529,0.831576700411821,-3.6900415051060564,0.03627441969661212,0.1226432326476459,0.008498210853759547,0.2960366037058929,0.30244414974543304,351898
track_09658,Country,121.6205795198134,0.628194167547302,0.6070381108435191,-5.90223584958368,0.07696564865917206,0.5272914957400114,0.08182804514647185,0.2838778544464272,0.7859853726925995,215000
track_09659,Rock,133.95474075544885,0.7318218111255226,0.8231208519350375,-5.484635903844877,0.10671045419964567,0.2091522182180708,0.03425768255927617,0.22990681536836877,0.75002508497615,294251
track_09660,Blues,100.29711986067137,0.7806202730110819,0.5029303465796815,-10.574244453973147,0.07300136828254648,0.6150497611284258,0.042719534775076645,0.2269609517363194,0.6134050113743145,262058
track_09661,Reggae,91.46672122483132,0.6414671690099052,0.577794253534517,-9.322750067771953,0.07205948224857528,0.6220709216662421,0.04144904795016527,0.2477168479344866,0.77486827697854,266613
track_09662,Hip-Hop,92.72758682497819,0.9251140947748506,0.7932614530869785,-3.0780457936032457,0.3126336047631717,0.1426078976406059,0.03254344763556099,0.13196138369715765,0.8896917699102287,226207
track_09663,Hip-Hop,82.53769737123096,0.8747258389667817,0.8071540698749123,-4.419661621408197,0.3725153598356431,0.019969883694181723,0.022227494699519724,0.22781009092858137,0.618495994821117,151283
track_09664,Pop,108.1597228540206,0.7397835979346792,0.824549985082063,-5.025064841897167,0.09349924635575181,0.4207230630613813,0.014408003103236311,0.20593324537995616,0.5364043216822099,181035
track_09665,Rock,151.9903651196963,0.607616557750813,0.9759065967097766,-6.143417889775483,0.04882895048303108,0.2640333035493726,0.2296419635374337,0.2759731113380679,0.633649259295224,207603
track_09666,Reggae,93.00724016876246,0.6377440027346242,0.5709042430644798,-7.8538655392340075,0.0638429331844321,0.35246453637814623,0.19677966289210042,0.19465360429524353,0.7996807599968137,197687
track_09667,Hip-Hop,89.08913838725935,0.7423115088161052,0.6835782410576023,-6.885096587909356,0.4497584179899016,0.023776847847817573,0.07412703563686916,0.12558826997292682,0.878707784755844,285331
track_09668,Blues,92.39313590528195,0.641031905946008,0.7883070713333689,-5.107514299861314,0.056842106544278015,0.539501460970671,0.04149936306474729,0.27895902839849085,0.5410570757576453,255374
track_09669,Pop,111.69752841313047,0.6887714684299677,0.8124352125380859,-4.24291804660806,0.11243516638281402,0.24957576102553714,0.039337530302497425,0.2685464058542062,0.8988362129337739,214370
track_09670,Rock,128.2165590258589,0.757595961704947,0.7911630779138649,-5.31125053805373,0.10939134237840792,0.2750234554345218,0.28901932943281117,0.2252096851275176,0.7471833424356021,265851
track_09671,Pop,117.12276690987214,0.740382768796588,0.6768454737819161,-7.906544337171596,0.06514465669861307,0.18238837767384966,0.035768792578678786,0.151847136899917,0.8914381778188059,202977
track_09672,Rock,131.33884090870006,0.7679215165725224,0.8095825959514655,-3.004160256348044,0.12645341510121108,0.281211493493593,0.24918922111813815,0.36902922832452023,0.7990349856373509,192785
track_09673,Classical,65.02763480321758,0.15855216757082916,0.24891007947295613,-29.90309844489701,0.034459302662311966,0.9717076673590733,0.9123854846436649,0.45138882011586756,0.42399496466414266,527405
track_09674,Classical,66.0030688119945,0.13417557532414257,0.27880801301123637,-28.365433776128675,0.056662096824238214,0.895007188404101,0.9001130313798794,0.4787084309090105,0.21185158405275073,424826
track_09675,EDM,124.14191924778753,0.7026245508337687,0.8763053733607027,-1.4226259197248852,0.05859194244386505,0.08396050056904998,0.10463227406899178,0.24041336272642413,0.8795806863067045,209427
track_09676,Country,113.16190996863958,0.5922016952732025,0.5342523819863271,-8.404945748610375,0.03830908282004622,0.6123421713788226,0.09858687627923512,0.2537385491576823,0.772040799698589,226773
track_09677,Pop,112.97112782675342,0.7255670412019599,0.7942826972102002,-5.694898139417551,0.10812383478693599,0.36291767231707595,0.009665655921041905,0.14288159176914703,0.6398666368110681,240965
track_09678,EDM,127.61824449572384,0.7432702617882392,0.8306548589113213,-4.938101074009602,0.034514120438665113,0.15036688138314397,0.016613266678934056,0.22115539377914462,0.7403510894141816,288317
track_09679,Pop,116.35945099034673,0.8295043008542802,0.7381091864338851,-7.444735336303068,0.09276409225075091,0.3279127730896205,0.025015639032287137,0.21288928433425525,0.6356337868497166,203155
track_09680,Hip-Hop,87.52841172997749,0.7607779568484415,0.7296177097336043,-3.7188072835693484,0.46868798265528666,0.039151118835439876,0.049543092691629834,0.24938277197979433,0.528153721853182,281170
track_09681,Metal,191.10301715218003,0.46920244522455873,0.8487131867070433,-4.096176020457216,0.06344465955993014,0.07899861494269889,0.1875743901020221,0.2812687021703457,0.35279951070464716,268083
track_09682,Pop,127.34521262355578,0.6979632930703934,0.6678877766861601,-3.509633351772653,0.07059446915083628,0.1961318486791043,0.04635879178398706,0.2999550857474773,0.7374295073138287,217829
track_09683,Hip-Hop,88.91906968909012,0.8697954712718806,0.6151979233812687,-5.648546396687433,0.33445437131728767,0.2736074191498257,0.036686229680801256,0.27524447997335677,0.627095643944623,244215
track_09684,Reggae,95.63782611863769,0.7198483854673133,0.6919370279408187,-6.391314403109587,0.08204735508762326,0.637770794175428,0.07895155054809873,0.18425664533799208,0.5565753003777197,274858
track_09685,Classical,70.39742316694384,0.18526947225375795,0.3606140760677601,-13.277119961302713,0.05233467998536005,0.9525359593305621,0.9742798974384852,0.23981500462352962,0.49377795354252135,594831
track_09686,EDM,127.99720911213251,0.8880059250265637,0.8386246027852873,-3.2882450725430292,0.0646892818054279,0.1672222254866725,0.20433026783679425,0.1610640903384931,0.5825056171321619,232997
track_09687,Metal,146.98107744602623,0.40102441552232787,0.9081090848000687,-3.1604583614326884,0.0670777608270485,0.1966031812148562,0.017911302650873175,0.14711977964298079,0.4229589457055708,273699
track_09688,Blues,86.67826745964788,0.612970753433215,0.6020870809493136,-11.726213307366962,0.06968930182994855,0.6295785368570361,0.0695381272464377,0.19516496366113953,0.672302395295368,199673
track_09689,Classical,57.89144013078179,0.11101801992980945,0.33767084745230747,-14.801062911498352,0.07516110074473281,0.8334378402048263,0.9573980637557593,0.47545665492787753,0.28221903296454803,441361
track_09690,EDM,131.43292458846176,0.8928419631106856,0.8688885450986099,-2.5140848091896135,0.04984592491075651,0.18535200833036442,0.2535680585559958,0.27157691377405285,0.5666428659403712,216744
track_09691,Metal,151.58761708537983,0.558099218340927,0.9222965395900257,-3.1161393693372315,0.05671626629233992,0.008249413242269488,0.16775691634063777,0.19063481802526666,0.4110185902787028,295056
track_09692,Blues,92.27875728183206,0.6685615815218717,0.5038164823223696,-10.546079814157645,0.05120879505634656,0.5353399313584052,0.18415224979834216,0.16324530409250876,0.7379433612865841,276212
track_09693,Jazz,122.65147786498437,0.6590750904535239,0.36450716737514594,-5.068642844309387,0.07256928314535113,0.9053148221578949,0.8455687283616449,0.2572791720565908,0.6384681435854087,399746
track_09694,Hip-Hop,86.00110646917855,0.7553275942286013,0.6963264356806583,-2.3793931118920923,0.4794128262679376,0.032181578746022496,0.036974316013785126,0.2430359730438497,0.8912940084814527,267600
track_09695,Jazz,107.39231584733734,0.6272291168645066,0.31319564241705344,-14.214193149089283,0.06696603668316874,0.9439512604695537,0.8683273961892012,0.48323381601243315,0.39605981237703847,404109
track_09696,Hip-Hop,85.22516660908443,0.9308363939918267,0.795786277345956,-7.271400331847163,0.5474594463537845,0.1889504367196231,0.0016154232262048597,0.28371403479466734,0.5189744900703405,235680
track_09697,Rock,142.99892840214736,0.7827758927232218,0.9933001237891013,-5.59333207649959,0.14035818687701623,0.31649655118063375,0.20336704670207137,0.23965027071746595,0.6240949057310121,279090
track_09698,Country,115.8718469296488,0.5364728554617043,0.4088769024418085,-4.411050489014015,0.051955199151745374,0.6375198380733238,0.06394759241272747,0.10078878008664623,0.5646778955859276,187601
track_09699,Metal,172.84756911148875,0.4971478991069278,0.8093485588024576,-2.950173812995855,0.06512107078163634,0.18172558242337544,0.010135782712920283,0.21940610372069536,0.45021879112811325,309169
track_09700,Jazz,116.59614959609377,0.6295925274131868,0.34030373231576866,-11.871292828553685,0.07123647907678696,0.7575579339608682,0.8240033450878167,0.4548699081917255,0.32532372820322103,281095
track_09701,Country,103.06552722606793,0.5458629049922092,0.5306578512440868,-5.173312544183251,0.0516968622339256,0.6226869290777771,0.0655690961645193,0.1079526263063627,0.5274947609429155,194906
track_09702,Metal,150.42023389551838,0.3953663603657336,0.8937904033152536,-3.384602691380832,0.0771345988072647,0.09443243285252156,0.171495141895752,0.2701396606904618,0.5662324625367949,296941
track_09703,EDM,128.685357783704,0.8690653158774246,0.9047647683259581,-1.7162261119169342,0.03972781529371594,0.09937032085848255,0.042228648678385904,0.12565869109515157,0.7834647595026822,287322
track_09704,Rock,141.6661553584418,0.7407574220413269,0.981689709923027,-8.4469027953602,0.061400064098290665,0.22716469711949,0.11494996619072234,0.18942645946538073,0.51695465451856,200407
track_09705,EDM,127.10941039526307,0.7282339332810273,0.9535732148988691,-0.05848694526196052,0.06610935307204291,0.032940842954666594,0.0649830068829893,0.2975385311469873,0.5810995056457098,288818
track_09706,Hip-Hop,90.00420393737303,0.8919361085124996,0.8355876742855148,-4.306547386287168,0.5727041462241247,0.1888228466957327,0.0023819825128792993,0.2035956573120974,0.8870358818747708,176056
track_09707,Country,94.42466658917591,0.5456427118921546,0.4367897082411651,-4.89829200013023,0.0302673984970638,0.5882541535194252,0.1745765498189076,0.1334991662654309,0.7794914454879844,253492
track_09708,Metal,152.60969706630266,0.5780331900286693,0.9756826127575798,-1.0657623191688348,0.05083638905888148,0.09213772526304165,0.14106149303349638,0.12204999551322965,0.3730734488769882,334792
track_09709,Pop,114.70333871512605,0.6688703110921287,0.6729430738365672,-4.251649098188258,0.10641340007125341,0.27446683809202876,0.009666538028975748,0.2149773661976807,0.6600450856328314,225617
track_09710,Country,118.23301876448136,0.7062210125573698,0.5584136742599194,-4.588731264169221,0.05580973900718741,0.5442397532651901,0.11413301323426646,0.24378337502007677,0.6586214229574084,228731
track_09711,Reggae,89.2551215297992,0.6379092553852852,0.7666271715984572,-7.085066094875153,0.08493383332496483,0.6395858263293634,0.15923707440575274,0.2695558728735139,0.5682988451986223,282469
track_09712,Blues,93.19820673500114,0.7285603652532437,0.6000221899733744,-10.874855965674138,0.09924551329341316,0.6479718146164068,0.035375024604942955,0.2887216613258782,0.6818127245350079,221283
track_09713,Jazz,99.30883947540292,0.4308990273004263,0.3544267609210148,-15.963580129392883,0.08417404314767436,0.9799823741211977,0.8396591190139134,0.31131489034954885,0.6436404939450826,344706
track_09714,Metal,148.9440752261767,0.37458944375395653,0.8657743789824426,-1.899295587708263,0.07861193845420596,0.1550877844883949,0.010471201581095269,0.1816607369461686,0.5328234621317528,342827
track_09715,Classical,68.30186673636574,0.1423277416338547,0.3277156754453926,-26.14876861079467,0.07827236116662542,0.8733409067081778,0.9194246121039095,0.25830024218896047,0.27002911316597505,414009
track_09716,Classical,70.64422373816136,0.11883886841179292,0.22685975108251305,-20.413071672094418,0.035790405243578495,0.9913102859747571,0.9166626144356602,0.37212531939899096,0.44426436583385776,579243
track_09717,Blues,87.53056175401206,0.6399097983415034,0.7519471950516701,-10.85886905418731,0.08481631463057661,0.3265541614321878,0.13194349221198218,0.2531199661351059,0.5301774668134964,266518
track_09718,Hip-Hop,80.33855249416095,0.7765164840704337,0.7343230843979662,-3.416357514712203,0.4588943105113838,0.1894210691703439,0.03686913086612157,0.27396340615576653,0.6465819671891166,155196
track_09719,Country,104.0739800873141,0.6124557633509833,0.5275489693381512,-5.032831685701429,0.07644849085407202,0.5421696771468038,0.1576984978538044,0.28862158179049424,0.6223034912570223,293884
track_09720,Country,79.54025366901521,0.5112474726881735,0.40786091750269665,-9.472784307191874,0.09637842577240034,0.6138661394055289,0.08289111561544689,0.1441637889957989,0.7843392896081435,288533
track_09721,Classical,90.60439787712598,0.2109203081231864,0.15815497451834767,-13.713268846953383,0.03285171269608788,0.8364606707751113,0.9617807094774473,0.46077910919125015,0.5464612734101426,457295
track_09722,Country,94.56908889682664,0.680493736314278,0.47415514711197904,-8.124321025835801,0.030829702126512478,0.5977044079589575,0.15177235802412348,0.11887157502960972,0.5411094420967063,293986
track_09723,Blues,87.93140200945771,0.7162480083882219,0.5539309437936624,-11.856653324493806,0.04860098580703634,0.6367153842885649,0.14873945411342399,0.25197415176526294,0.6217690576910098,253280
track_09724,Country,104.94793282335208,0.6167053139168306,0.6239441516738397,-4.911111204709763,0.03591790940681852,0.6081614843285589,0.030575306889529877,0.12119582728724357,0.7530579259098147,286769
track_09725,Hip-Hop,84.58429578594736,0.8828353931323801,0.8685367795030248,-4.3934916609505485,0.4226236638199593,0.17274401373856907,0.01668997481809196,0.24048877482079736,0.5149661856445594,212371
track_09726,Jazz,137.36396593406158,0.5114076268955107,0.3481534870027648,-13.710069825926318,0.05432326756822349,0.7250970008900981,0.7919494117270817,0.2131918793926272,0.6969775026434457,292626
track_09727,Reggae,93.19395520206825,0.6534988829624006,0.6157128293624453,-11.287529903089643,0.04279826542896414,0.564166305700773,0.029767515948865887,0.2117152801275755,0.6290683152395891,256902
track_09728,Jazz,114.51844614853603,0.48743925712014546,0.4118832668249258,-10.915038228951405,0.07245291021297567,0.6977394249238533,0.9812889762624748,0.35121231420301646,0.58850029872564,354040
track_09729,Reggae,84.30079347625917,0.6481581144097447,0.6944911820416713,-7.5330377251876675,0.0798768071461655,0.5170408309525417,0.15678046120291894,0.22968150033339776,0.5640038647812126,279796
track_09730,Pop,118.81323433963648,0.6341821365286621,0.8368507515769471,-3.33454354456301,0.10566586301025685,0.18307203652221374,0.03864391311357267,0.16698246267033123,0.7436299476876951,256942
track_09731,Jazz,131.47359584984375,0.6157207107037806,0.45849689466606186,-17.569510321941422,0.06967196435360662,0.8845030247272926,0.9539508991426309,0.2080854657564244,0.3746432088265342,310209
track_09732,Blues,83.76367445697839,0.7544869553770195,0.7833064154949185,-9.96204697366342,0.05352346629099265,0.5295035469197897,0.015756879547298985,0.24504803131707353,0.6434595966399732,282315
track_09733,Rock,146.76461900242694,0.6243583132877082,0.9408776730700417,-8.334964662287273,0.06358313998549464,0.17991597375319457,0.1641485008145736,0.29681535959433714,0.43706145995836704,253927
track_09734,Pop,134.33729365652934,0.7323953348060357,0.8317135253015614,-3.4503790801232785,0.0548361200698468,0.26554190601858646,0.016002752159757373,0.17221867782648229,0.8002328954686995,235059
track_09735,Reggae,82.93041611571412,0.727016734620583,0.753595505084465,-10.446528610300676,0.07690013562325715,0.6973320922698912,0.15948202179900045,0.15986781033019,0.735365244459077,285735
track_09736,Reggae,98.87150297793994,0.7072253462386342,0.6010324055650822,-10.383517541085869,0.07240196689714404,0.436054272776167,0.19178548680622062,0.10270447758896839,0.7835754610975734,223922
track_09737,Pop,116.23147666356806,0.725535117426898,0.6499931605515434,-3.8751569601019957,0.10257812395352324,0.2198800441878932,0.019313372382532057,0.15051755132352512,0.5839200311689727,201311
track_09738,Reggae,86.09578105134351,0.6765700521078735,0.5115035146600285,-10.8314994733318,0.06844272252758148,0.48824399919185846,0.02115729416211698,0.15736336758464528,0.6133547642626294,281673
track_09739,Metal,152.93309624960412,0.3821863918163553,0.9183179507935896,-1.4023579528677876,0.06775955107438943,0.053844845713411416,0.1625558682483587,0.18195965936937517,0.34324704825371927,330339
track_09740,Rock,144.26243750225942,0.5784239757548469,0.964865250969551,-4.172019305380678,0.0501687258271089,0.1282130848979763,0.2030817959386205,0.21978493719525927,0.49292358744650205,266655
track_09741,Blues,92.09747177874154,0.6500185581628858,0.7186188641064641,-8.487214312624445,0.09503062824656153,0.30054812959433364,0.1840446590806417,0.28999141923840566,0.5658405468059164,208095
track_09742,Metal,175.9491112809755,0.5945634653944252,0.8274181727966403,-2.2400892870317786,0.06868143141176941,0.01687664303408796,0.16225485149204782,0.14990987956748775,0.5380024284853078,242734
track_09743,Reggae,93.30679666415283,0.6008824901062187,0.6569749009366148,-9.606539179381935,0.09063308024111821,0.4931034022980257,0.07646118602349083,0.12954689687368354,0.5849406739712228,229724
track_09744,Jazz,127.30925136621724,0.5414750922992904,0.37845715799891205,-9.9512470195419,0.04326461538578004,0.7895240734859104,0.9212308153634582,0.2586184219432182,0.39478251278183873,334689
track_09745,Metal,152.646036143012,0.33460002115369186,0.8214276662749003,-5.4302379973029975,0.05579701341131819,0.15271396726270098,0.178542425859248,0.2372158385837985,0.3286993739647796,252878
track_09746,Jazz,113.35961690081875,0.6542680837342105,0.31211039666605944,-12.207660565262309,0.04757513086245092,0.8427504886541688,0.9683025468697339,0.32739655300870313,0.5543240893638457,385129
track_09747,Pop,120.15816773553084,0.7821269922256826,0.6433487739567986,-7.965813964130714,0.09380444219750356,0.14490106182957604,0.006674292303546936,0.13273477832393235,0.6599788450858012,192098
track_09748,Country,114.77611219010794,0.6263167615114424,0.5197286866832866,-6.454308948179753,0.06817246225678755,0.6660799159414206,0.19461820095749716,0.28620461295401445,0.730412430643973,243927
track_09749,EDM,121.07470214235089,0.8717566217667938,0.9006752965137143,-4.955631199770117,0.04286298178175192,0.15325033170127786,0.08863533187861962,0.23704107498786509,0.5811790663925832,232823
track_09750,Reggae,86.7837322792098,0.6750218785222153,0.5338517129599337,-8.962340008113769,0.09524514775407629,0.6125173108876364,0.07085024856312848,0.13920903261585893,0.6381760602456089,281003
track_09751,EDM,130.7380747383319,0.922837476538995,0.9272334110339749,-2.3922711454312138,0.0453729696358163,0.13183685811568466,0.015939902655502613,0.14956472586363045,0.5403376918333422,269012
track_09752,Rock,169.49574986360494,0.7065136635968675,0.9827200468138229,-7.027822062080848,0.034674613436264615,0.36364236027103525,0.04992105223108886,0.37044815947194865,0.7318177055696222,252249
track_09753,Jazz,89.66680103378995,0.4511556018646798,0.43108440390594194,-10.046511309911534,0.05956905018741989,0.9048158257821646,0.9462247755588439,0.26259038196824835,0.40797118897553436,417110
track_09754,Metal,157.7157493336087,0.5738394364562873,0.9564672119564664,-1.1976867671260907,0.04071162896594897,0.1144604826941773,0.07294373065976989,0.22317568635345825,0.523225594261531,321586
track_09755,EDM,127.98261029179717,0.8643058476612113,0.8106357034217456,-4.016119404189751,0.06573058584341686,0.08350724258430389,0.16960519715090813,0.19141371097093157,0.8643270363975617,211420
track_09756,Hip-Hop,95.50443495630711,0.879299607572909,0.8470124402495036,-2.4472386453760233,0.3832050380921149,0.19377997396099192,0.04123061245465698,0.14589292722063713,0.5768488422061722,207023
track_09757,Reggae,95.09253748010497,0.7011845782320345,0.6639967209801433,-5.447562942539275,0.04286673772757453,0.4275767101595183,0.08763278308443608,0.2279021512554024,0.5285138877817875,215498
track_09758,EDM,130.64558982936774,0.9165344568275067,0.972093358911678,-0.20849899979244846,0.05793798838274243,0.09847804506132041,0.168273858417262,0.17176371930442835,0.7637677856714802,189897
track_09759,Metal,162.57473100511237,0.4701044699608396,0.8600826893607462,-3.3294995791400313,0.06866255865615228,0.13719623477366613,0.1901890005894834,0.14772932845068745,0.5034708857053315,302407
track_09760,Metal,133.10819420355122,0.3288330994247699,0.9123840035649485,-1.078040908665801,0.03307156833201687,0.07258919350473834,0.01699990877781965,0.21715827446078662,0.5558180560729031,286770
track_09761,Rock,141.45953025338594,0.6066145035965544,0.9478329230073989,-9.062248668765855,0.13973595125391503,0.3432219936746044,0.004533768352737521,0.18353583328870582,0.7654381641827678,224440
track_09762,Classical,55.652941943371395,0.2322792149976142,0.33460390541104357,-16.908740538237005,0.054737230300818326,0.9853910313194272,0.9496544373362521,0.39999691720432373,0.3249362094214157,521764
track_09763,Blues,84.50798750077543,0.7154888260351775,0.5421148595937194,-10.438576677812087,0.04632846462782888,0.5611866625426056,0.010593549996059172,0.231679033674691,0.7918969155300574,236830
track_09764,Hip-Hop,75.9770855724797,0.931768962603461,0.8631394614608806,-5.019415529355456,0.32461766178267154,0.16510592479795758,0.0994345330641088,0.23207468266273082,0.8176564298323543,274323
track_09765,EDM,123.47761363559913,0.7388393006753784,0.8272228057964152,-2.8520790506196985,0.0644016041429053,0.029449254460970953,0.2266115677403464,0.11449389860457782,0.5481995946616349,280684
track_09766,Blues,87.79103229065166,0.7653346546238873,0.7638999586097424,-9.099248593978258,0.06293981650350383,0.3483114596132134,0.18756370412448822,0.1974199660884057,0.7124172787120642,298179
track_09767,Hip-Hop,85.6420582233293,0.9141322839966154,0.7115354181375882,-3.7645843350174815,0.41112113892039354,0.05843922499419326,0.006525058674157725,0.2769052905669469,0.525803811761302,178444
track_09768,Classical,73.13541244479221,0.19043482320115412,0.2672460217114355,-23.592841763275036,0.024287694427939852,0.8754125352474014,0.9730370994231496,0.34626879284739787,0.5418647265509344,510430
track_09769,EDM,131.36494868538665,0.8529068999336364,0.8144517730109525,-1.5468119664486912,0.05079235073424844,0.11595436137242832,0.09065895490680671,0.10357110336997732,0.7034933851061336,204242
track_09770,Hip-Hop,82.09161898689905,0.8470855411985065,0.8000666553724102,-2.166207392779853,0.5417972256481087,0.010478998056636601,0.042920084899599434,0.2737395352619881,0.5145497358956658,298820
track_09771,Blues,89.27866373463037,0.7444315217452808,0.593457282442122,-7.519681425710756,0.09618870442923338,0.447580861466126,0.19203109887960138,0.17643872776849812,0.6175569626393489,232791
track_09772,Jazz,125.1193760864952,0.5593603738266941,0.5506665885325881,-11.988066190600328,0.059321353028257764,0.6130842485936867,0.7647731247751722,0.33684398975453966,0.5553435041845296,364638
track_09773,Metal,171.06006569359118,0.3011385688175813,0.8934672126599196,-4.5130430307378155,0.07569719662459562,0.1917461663142618,0.07974667709924683,0.2954562987832502,0.5913163588129089,331747
track_09774,Country,90.39135685022526,0.6304326604780444,0.42563140415904444,-8.246727471638327,0.04128972864479686,0.6950399862137486,0.01981028542713592,0.10251817464581235,0.5656531893542763,192042
track_09775,Pop,122.95563332408416,0.6653165201096402,0.7482712287289486,-5.5264829890017815,0.09915126107302905,0.3529193265413645,0.014692479069431292,0.2259764463698885,0.8056020040037244,231507
track_09776,Reggae,104.46049380216678,0.7321946646754337,0.6419536848014538,-9.62492842032156,0.0772996569905972,0.30761037254965273,0.01857241640243359,0.13663136639647686,0.7937078128834458,184914
track_09777,Country,100.12904093730725,0.7244476508589771,0.6883580775782219,-7.129678495707432,0.047483449542901845,0.6300679558650559,0.03386724390162057,0.26480190175711815,0.7607697559036947,200454
track_09778,EDM,125.38126641703474,0.8257951300282143,0.8373929129709321,-3.8430741574664977,0.055870713586171766,0.02257851279852985,0.01343510060818963,0.25989967558920835,0.6968236974279213,297483
track_09779,EDM,127.26310761290166,0.7932849111099567,0.8433113863620819,-0.5854764247973439,0.03748043149663992,0.15861345139335864,0.22242455623569835,0.1024264104744787,0.611625647654082,241333
track_09780,Hip-Hop,83.6888479870934,0.7506434612333529,0.7161737899883749,-5.875237205571228,0.5439289126543841,0.23622694147028087,0.012626691180110073,0.11137686966817797,0.7839393512317855,215127
track_09781,Metal,147.41765073153272,0.586383808882803,0.8668704866741257,-5.360821132099281,0.05274603305412732,0.02545771155683212,0.19243059888986463,0.2009976081728534,0.48006914765554415,322643
track_09782,Classical,77.7152550178663,0.16493342404466552,0.22156592720072765,-15.008800183913284,0.07651640071749509,0.8280087427173741,0.9397775244002687,0.49117567370247434,0.3303410044503606,511468
track_09783,Rock,146.2327034423704,0.6306752972274752,0.902906220799181,-4.055182348366364,0.1336254892146283,0.26613104434975876,0.24106836685612867,0.17434721490537303,0.640943346699754,238149
track_09784,Hip-Hop,84.12229709984011,0.7626253957559218,0.8097829975466533,-7.317339634579829,0.5798268924808645,0.15390991138065296,0.06616627087528404,0.17049784707119328,0.6720430193528004,181532
track_09785,Rock,154.81483384787813,0.6473567812178378,0.755719557304652,-4.155566346149911,0.11861477140292356,0.21452201516253444,0.2810768473299823,0.20317180457784087,0.4155859335824561,248602
track_09786,Pop,128.08971077595567,0.8298775040402395,0.8327330034602207,-5.794770010276503,0.1080459502359557,0.28261105925108887,0.007128977115581886,0.19138923122082124,0.6767341913621834,212853
track_09787,Blues,96.22737770254092,0.7021497206240763,0.7441167662234526,-10.83676939315942,0.05511469788522683,0.45957375024881847,0.171829206395636,0.29143173565629754,0.5170371788290001,258111
track_09788,Hip-Hop,82.96182431558397,0.8928787020933082,0.6601069103565503,-4.03562139374914,0.32515315774935577,0.17337072342085363,0.05429183723065156,0.12499727164408492,0.7650538622322347,263028
track_09789,Pop,126.05363433664941,0.7929553168115506,0.7784708497130889,-7.803904069039022,0.0772439974253954,0.4741622649053925,0.04784796248814088,0.2839073119993073,0.8995045212355579,254225
track_09790,Reggae,93.16855432168732,0.7463161484356575,0.748087149708218,-10.984944796466252,0.06653495112890453,0.6879542704694955,0.019146149666935775,0.18321295958811387,0.7886094198102875,239363
track_09791,Hip-Hop,86.61414682415185,0.8002572799527454,0.6651772835163973,-2.1370945946453865,0.5054284075177583,0.05557562007984324,0.08705005002253097,0.2649478774644306,0.541227169626984,161064
track_09792,Metal,156.9183757369594,0.3706443076366282,0.9759339629109939,-3.3298364980062436,0.07290278624799179,0.016549075908622823,0.04586145510216262,0.1627789676948499,0.5536454395671513,288903
track_09793,Metal,164.38823480433433,0.43661745269666263,0.8189349529183695,-2.722404443617495,0.071766671883678,0.171820035993463,0.04820588195531442,0.21739087638791138,0.5830535064449568,315027
track_09794,EDM,135.20803688537686,0.8058455708572616,0.847834018457204,-1.2634416633112138,0.03550467754397383,0.12263285757121307,0.008427752629937257,0.23819630915619108,0.5357451043303614,189528
track_09795,Reggae,84.10283700003149,0.7369298086562762,0.5529993121499233,-10.088632623917142,0.04277768229888843,0.447427437046444,0.12065736762054016,0.2735301685112578,0.5632931911403989,295515
track_09796,EDM,134.27865399027894,0.9191042337625269,0.8396870682359452,-1.9460309348640257,0.04661564717472156,0.06673156610397402,0.16126269216675032,0.16055320438518533,0.5891315503925354,232521
track_09797,Rock,132.42826985092952,0.7757452323674068,0.7288676306633423,-5.706959032916517,0.03888945768770846,0.39153282757446917,0.06068959367187329,0.33183677991527033,0.6916019842928923,297339
track_09798,Country,112.53462807377716,0.6585520839949972,0.4462777187033744,-5.192518145887817,0.09128004570684635,0.5563218374603109,0.13696691190255558,0.26393502163381366,0.695082593582244,267790
track_09799,Classical,74.725382203212,0.15731089814222948,0.3403639968676504,-10.052442810263752,0.06577308306404164,0.8621430043158829,0.9122124533835358,0.36335772261261967,0.2465140577630368,415492
track_09800,Reggae,91.00499651605358,0.6733351848658097,0.6634615584794662,-6.866893016440734,0.047018401967167354,0.39068205089824826,0.02404930687809306,0.10372513201594741,0.7351813445047855,271801
track_09801,Blues,84.55180173882191,0.640199867912493,0.6791009876830661,-7.091054436493447,0.054952001371953135,0.5838728268088138,0.17199350909916172,0.28342098529392756,0.5517579998227693,264735
track_09802,Classical,91.37609705412822,0.21630994658058095,0.29821647037114696,-26.13050443980032,0.029626468492354577,0.8366519671079153,0.9823259697847772,0.24743422249794697,0.5121798421918076,563583
track_09803,Classical,64.60415648879021,0.13767878897212715,0.2892492132804856,-12.552426987234206,0.06298312552914781,0.9121187274010569,0.923964500145771,0.3226061523879046,0.5430707637914101,409327
track_09804,Jazz,130.23176457406262,0.4607635503005448,0.5662419986955534,-6.6846234828486875,0.05274718358346569,0.7990935621542712,0.8080540054482408,0.21510350462113492,0.3613767977231246,409190
track_09805,Hip-Hop,83.3501062471187,0.897995335110678,0.649607877582866,-5.631537842199298,0.5744680170874752,0.09141010901282072,0.04317649946408647,0.18418221527627154,0.728246495004395,154877
track_09806,Blues,92.57770902909547,0.7094160558671448,0.7817830306066682,-5.876870283841674,0.07680671563605652,0.47278220172811414,0.06494963045172993,0.2224559433823275,0.7425402739651661,239936
track_09807,Reggae,85.96090256592127,0.7380190102156362,0.789635851972913,-11.948060899664512,0.07878271657867328,0.4998364896724977,0.07884879695636138,0.14184050823504743,0.5372099875130772,249190
track_09808,EDM,133.24430077882076,0.9427986749083339,0.9843783057777393,-0.4167435986985826,0.042153759642626715,0.045350190032422404,0.223106148800505,0.16530160078669281,0.6087978526745483,271488
track_09809,Rock,141.56742307365053,0.5024963773582024,0.8694037282782777,-8.133251623562337,0.11014008709581223,0.383552502606064,0.2073283343849831,0.21350664182822776,0.47126858572575037,246526
track_09810,Hip-Hop,83.49686577824134,0.8097680618219409,0.6891306144317797,-5.119475380611541,0.43145514859422085,0.17328446768368252,0.004273507350447614,0.2658093352195469,0.5132305901649168,153867
track_09811,Jazz,118.09485782982242,0.6045328438758568,0.36311313267212764,-17.01946819816085,0.04267455414766139,0.6841434262127185,0.9677970173619415,0.41130816086550837,0.5274615514109589,338179
track_09812,Rock,141.03696246829082,0.7506752458083337,0.8780647068665619,-7.827587148885445,0.13566618561562296,0.2049567145123738,0.05193312925936267,0.2677985371173295,0.4337722861179956,242448
track_09813,Reggae,88.84259949706417,0.7808250538834517,0.577373666775401,-9.193021875241836,0.08983200097884997,0.6487782297017427,0.13757199150199775,0.18794443555334123,0.6933949876651277,257538
track_09814,Country,99.70450864400941,0.669152425984322,0.436329482506188,-7.96302373986578,0.05615234938265994,0.6016443431851914,0.14103231281744896,0.21129058765196496,0.6199549923921867,203625
track_09815,Classical,60.88672725455086,0.10893629778484831,0.15662262459737664,-19.7561357482124,0.05727108033240719,0.997134855512896,0.9518806661295856,0.23569069021870215,0.4590310698922629,536946
track_09816,Jazz,145.2403672094623,0.502855333649358,0.4976301001772584,-6.053324882710209,0.041197176114683126,0.6033173225386608,0.7355246430938485,0.41159570931048817,0.5644542011907974,397274
track_09817,Rock,142.88222940716943,0.6578807443179203,0.74959650533244,-7.2149243710452104,0.09988275184044319,0.2472687931441568,0.1285488810563178,0.1855548403970434,0.5475252537850688,257061
track_09818,EDM,140.885383943362,0.8575144621965649,0.8330283148528281,-4.086898759055252,0.04722556046054066,0.14389232016136674,0.04211750863659814,0.13895070352924507,0.5308692580002995,182394
track_09819,Jazz,119.08329274975364,0.4210545141065528,0.3159327742157233,-17.713648140591445,0.05965147870580578,0.7842749807808373,0.8620324370045505,0.2222294417232542,0.5795229510473408,384435
track_09820,Rock,139.25798944805732,0.6238977905046125,0.810221801126264,-6.532756868518147,0.03393696958006208,0.15800986806276432,0.04612483606576393,0.3408732802810205,0.6221795639400641,285722
track_09821,Jazz,104.53057050072913,0.553147441169455,0.3435111443379159,-8.285040983841064,0.05228937839787809,0.9924001970605676,0.9918825762538053,0.24972312608079392,0.30289608826063513,372585
track_09822,EDM,132.57817336893345,0.8021722871383714,0.955948523966777,-0.7701090356229123,0.049299595336502904,0.17442839574702634,0.2653015465831222,0.22070385625163202,0.6371242819508842,241705
track_09823,EDM,133.3004168553781,0.8275551796887752,0.9128503099316624,-0.8797813033420256,0.06320367110867323,0.16476531012931306,0.24852018470386594,0.18539043869801014,0.7121928552175569,283450
track_09824,Blues,89.76360106721287,0.719307611083148,0.5213684841112405,-5.871007720261787,0.07721997262359134,0.39687003681933586,0.057098952313375875,0.2806907448278946,0.5098810734247678,263890
track_09825,Metal,170.20578820162586,0.3610245268155613,0.8131526227302449,-4.054149422012146,0.06593900758416904,0.011894282269660161,0.03433620366037631,0.22645634064525688,0.5120082824892624,316455
track_09826,Classical,61.43640862794362,0.2704817383534848,0.23016349609053643,-16.078641807791776,0.02097295515467274,0.8437959404432185,0.9399064870419392,0.3232261959924223,0.5513672100409182,578714
track_09827,Hip-Hop,77.3352668392352,0.8335667523208654,0.8519502645002582,-2.1060573545174393,0.4165018745060143,0.0481140727117661,0.036141404525869426,0.16932978461903275,0.6418473742087234,271294
track_09828,Hip-Hop,89.54248153439475,0.7921525332072199,0.7576108484769913,-7.346257103098979,0.5336927612999669,0.2344885534550279,0.03781491251375866,0.15213465473859555,0.7338576677701981,241252
track_09829,Reggae,95.24414029302896,0.7956876136362661,0.6058186265243577,-11.60897885927733,0.0930951637997385,0.3038124132112067,0.08950085203371372,0.1514467422746599,0.6231030577950324,297540
track_09830,Pop,125.06912413144312,0.7738918654794911,0.8196503869473923,-6.565099075282475,0.11109656256820136,0.26979272688461237,0.04853057483511086,0.2695057950232873,0.8686852682107149,246667
track_09831,Reggae,83.34772742922482,0.6318007028199226,0.5833049940210807,-6.591284934174869,0.05847816467777568,0.33293925334853514,0.08940485072386478,0.14286118199880055,0.7762771835301281,275577
track_09832,Pop,112.9379458495075,0.797701724578081,0.69798325495484,-5.2803189222248115,0.0511429065254899,0.2904015987717508,0.04106527467934196,0.15978829702011524,0.606302702789985,235253
track_09833,Jazz,102.20040800785853,0.6637571152030614,0.5174674989229837,-6.874079786074475,0.08154429876692226,0.8362284385267257,0.8585734861502117,0.3636758866639779,0.6131912921094926,270091
track_09834,Pop,118.23010217184334,0.6274173515279051,0.7512448912627746,-3.791514070183922,0.06260089698189612,0.25801540412126056,0.03400421082485499,0.1610331966839505,0.5777320958162905,253329
track_09835,Metal,159.31613542216365,0.4337843092853917,0.9095662047682658,-5.840191266482464,0.04031761522109331,0.16052864397646907,0.07207737044255234,0.28331089766665984,0.47065035298489744,305114
track_09836,Metal,149.19333044294083,0.42390814344174726,0.9360631485537312,-4.654310093487173,0.07094591882476345,0.18596698176564488,0.03311581564697994,0.22929892541501987,0.4900734968563609,297432
track_09837,Classical,75.44845131111593,0.26699096032308656,0.1674388286275723,-28.426038167290535,0.04561013979288243,0.9857806167137699,0.9524488730346637,0.4198845560920393,0.48341043479498447,445235
track_09838,Rock,133.32241403218362,0.5075101047401391,0.8267060607231371,-8.281667763141758,0.07024585276855841,0.2872506926689241,0.10644869663395341,0.17416206177405266,0.6858631947636191,271569
track_09839,Hip-Hop,78.66754451542248,0.7548771475545539,0.7107666453338902,-3.7368975732198386,0.39134914502352797,0.09855228535820108,0.07991303923969928,0.28266510382778165,0.8359968760597258,283706
track_09840,Classical,73.34466230601308,0.28287146345254693,0.3580055200580635,-18.912556112283625,0.047186825165390356,0.8491405242343602,0.9798136023268036,0.3868403220328506,0.411802359356636,488544
track_09841,Metal,149.19544110996938,0.4913499225662207,0.9222896760040226,-5.143138536781673,0.04659715783400652,0.003403545563523425,0.03554385676654259,0.20572583706575417,0.4132571915767791,293406
track_09842,Rock,131.9564394608956,0.7166596898909864,0.7108073445266777,-4.85539988677043,0.11022817874980927,0.21264714436254312,0.18881385372785217,0.1454676892714071,0.6350907393425602,245427
track_09843,Reggae,83.53043432729336,0.7257230417748923,0.6350196729385855,-9.410706660278542,0.055644987627462304,0.6818484626235731,0.017086201581760597,0.15487612539541482,0.6037557293713074,269763
track_09844,Hip-Hop,82.15699522032875,0.9036793398703088,0.7467382550411925,-3.5782571154892153,0.42702423102110587,0.10387292484495016,0.08468736255143298,0.16653092176109702,0.690241525471691,184783
track_09845,Blues,105.20048399856618,0.6045863235692693,0.6425465578764713,-10.103886559724568,0.06024478320299782,0.4901824827777487,0.13757991303158457,0.11517002948621831,0.6813568978876898,252123
track_09846,Hip-Hop,80.90784450230622,0.9059288822619831,0.7367923667148999,-2.9341306045811555,0.3531355013134111,0.1778797109600741,0.036008429649360706,0.11985436828355443,0.8566974359885512,161356
track_09847,Jazz,147.03308662410993,0.5520342108817579,0.3066729327721429,-13.510399661413185,0.09046729636836584,0.6913091228134242,0.7786610216854918,0.28734613548596405,0.34211498708398197,402098
track_09848,Country,102.67872411597024,0.6322908676762452,0.47817683978403114,-6.358241174367306,0.0922160583106014,0.4319630995178823,0.01418006922784092,0.2950116385024163,0.7409967730068833,205317
track_09849,Hip-Hop,72.47926158363506,0.843080265809254,0.7205623170899687,-5.313850561130302,0.5364622606972883,0.03806502448119111,0.0407737202231555,0.1279129034379845,0.874925614977358,294804
track_09850,Metal,151.21538521409855,0.5343281392312915,0.8541769849317015,-2.992746074671658,0.04749691111713375,0.010152854719730776,0.030924108773552852,0.12269323308783185,0.4646651699776038,295043
track_09851,Jazz,128.99431443897987,0.42785052872915985,0.5731958689147842,-14.834540915702407,0.08006458956218843,0.6788812234682746,0.8796745104733456,0.2687768567870667,0.5500117449053927,349667
track_09852,EDM,127.48802517643321,0.8828208125425502,0.9942581421720851,-4.6763879247276305,0.036007349913114356,0.18056380610134104,0.009265467049450693,0.21761013815450214,0.6075067123208884,270621
track_09853,Pop,102.96893856607403,0.775742145168665,0.6506382186238595,-5.96408841332477,0.10393060156025509,0.36775794202820844,0.03247869726002821,0.20004449240637467,0.5754873088394337,209782
track_09854,Reggae,87.80632684502626,0.6939500805739567,0.5608681346489128,-7.7893051527660795,0.07078868404747099,0.43085515891002674,0.04146538001199789,0.1284722396719839,0.7642038194644344,209581
track_09855,Blues,85.72403700520502,0.6907734020973222,0.5919788222029043,-10.300153536252509,0.07949502499710524,0.3450721060605905,0.005196570890462749,0.18271437033410262,0.541212390667495,246747
track_09856,Reggae,93.43462431661705,0.7868773394078782,0.7977546092102614,-8.255201094771119,0.056522666415874806,0.4757816273494202,0.17506781912654196,0.1476239484688771,0.5187680778358733,237838
track_09857,EDM,133.40747954080436,0.8693328277866044,0.9054824635915266,-1.9155685682858854,0.06623854970658233,0.13887118865066803,0.09035992375549186,0.24299876606566603,0.5362412580899387,236105
track_09858,Country,115.24833036062896,0.6471609908957918,0.6229688532673233,-7.0398725290613084,0.08516777539133968,0.5255782453909306,0.0997690159939042,0.20888177855848483,0.5946376087613845,252983
track_09859,Hip-Hop,83.24562342400851,0.7906048203824884,0.8340952257260474,-4.048466560350308,0.5499468516923612,0.012484794257849407,0.08327694586767127,0.18234222705185182,0.6034156494895333,236122
track_09860,Classical,56.38446423125176,0.13707586280438291,0.3539161379840883,-26.14463141569039,0.06064678955791357,0.8735767744484093,0.9755660842296955,0.21739986274062625,0.29992979532551994,452574
track_09861,Jazz,104.96635935760152,0.6150717741713697,0.3974885111131271,-5.614280145413078,0.0944155462534752,0.7393300163576328,0.9367924618355057,0.22226694267447197,0.6129268138876298,379298
track_09862,Blues,90.78822046658522,0.6489071638802099,0.7331573827825724,-9.433838426355242,0.04190711172672746,0.36554788585459974,0.12431938131649511,0.14580577512198944,0.7554305964874843,198288
track_09863,EDM,135.29926739338876,0.7452732130118875,0.9001160814654539,-2.163214786432819,0.059982751552838706,0.09342354166035192,0.2809932293127169,0.23312128951839856,0.7888567453871074,266326
track_09864,Country,113.87251901709195,0.5495605223727404,0.4402871356001012,-8.410087971447329,0.08879160298419606,0.6242767388262835,0.061280580449637405,0.1731276489005511,0.7203812261051121,207903
track_09865,Reggae,97.88486786567601,0.713820724092007,0.7976499905713529,-7.16628484967508,0.08427641873688697,0.6371493694877967,0.02852219397077802,0.17349490340859183,0.6474471118898162,256063
track_09866,EDM,125.51001904578317,0.9272416769748736,0.9424010421121871,-3.4331623371498807,0.060339705491494,0.06085685660915452,0.0644203955995133,0.2615376537551068,0.87197818972748,290123
track_09867,Blues,101.34150706859697,0.6806048258352912,0.675864131837208,-8.611479289727379,0.06383971222520354,0.30964056363997267,0.16907828888870435,0.29045833152755496,0.6589653706878456,190713
track_09868,Blues,92.3085936623373,0.7807996120520233,0.7056175016153916,-10.362336874236613,0.06695841533432015,0.569552347314312,0.09378715909404463,0.18850408485348788,0.626923541392377,234147
track_09869,Country,109.74670407822393,0.5715404399791905,0.5942616037513925,-8.047272579520634,0.06203280065837673,0.5142268838847037,0.18213746286379012,0.28609375864664666,0.6122115834555513,192204
track_09870,Reggae,101.6848985400265,0.6501047160275926,0.6154321848938284,-8.668159541738813,0.09048850396742054,0.5770694672672161,0.18327634242622645,0.2933901241568587,0.6418378682468865,194989
track_09871,Metal,149.40483215032117,0.4840742670441083,0.8483969110726942,-1.277484847694593,0.0340295148350516,0.18595533197119687,0.11014952756699455,0.28742633285080343,0.44794305283963576,190329
track_09872,Blues,92.79374456582977,0.6019942882625136,0.7021978021071889,-8.520725089586014,0.09900134865610899,0.34809679270277566,0.12390578007644432,0.160245529483047,0.650706037102521,208025
track_09873,Jazz,117.23795314895116,0.6394693899712269,0.4573336692531276,-12.27774203779438,0.07890549285114414,0.8970964253879228,0.8791069988080196,0.4768509271644957,0.6506369141493394,308168
track_09874,Jazz,146.9328563480638,0.5386715318480122,0.48384331151751525,-12.400368454685038,0.04037171914363547,0.8314520883637233,0.9746794260011686,0.35567081577425685,0.36820500011292556,247510
track_09875,Pop,120.90390346127094,0.638578208760863,0.7342021141052562,-5.1267137202374276,0.10797953541673294,0.3676246922277687,0.04227312563162777,0.21613622524931742,0.5542045672559919,202745
track_09876,Reggae,96.10926910931052,0.7159842451634537,0.6222054008086928,-7.755794315170268,0.042042656719937,0.661818285238777,0.03365612821177055,0.20804734562125332,0.6139013376025665,233213
track_09877,EDM,134.42071763585642,0.7501123838253718,0.9111242992421005,-0.06247176028549717,0.04786726195588788,0.11033649499875878,0.2627941791735549,0.2747514311475793,0.5264212983550787,247281
track_09878,Jazz,140.63728767782786,0.5298870458962732,0.5044169254804761,-10.878018613884363,0.04802266977204602,0.5952473526750975,0.7069562859186951,0.3074390421951796,0.40916517517483436,302743
track_09879,Country,106.73755306362996,0.7428951406149105,0.4292318118357463,-9.960121648238447,0.05717860435383518,0.5632165022423625,0.10219372357061261,0.16301635610722814,0.7800070961683282,215876
track_09880,EDM,120.79096604748575,0.7773534255519482,0.9796217832322864,-3.725238476051746,0.033693601145107624,0.1682208216213458,0.2092879813104446,0.2085389072268632,0.7217248811559224,183955
track_09881,Reggae,83.10363399727677,0.6886079023350761,0.7839283440001164,-11.064250950686459,0.08239338862535023,0.3848378392889904,0.04818171276930652,0.227730626899225,0.5392632907515122,214996
track_09882,Country,102.63736275333306,0.6455291572589585,0.5703641119345668,-4.96103972262882,0.09945841930162756,0.6825592706694024,0.12136634600125987,0.2994991464165152,0.7169654023015138,276922
track_09883,Hip-Hop,84.50411789358135,0.8709393769532349,0.8555339920721834,-7.624223550752317,0.3104158733451474,0.06054251686653967,0.05607378210114129,0.2556205538539844,0.8101874820652004,159695
track_09884,Rock,148.33084181425403,0.6669067580278842,0.8680673841157457,-9.451171852762943,0.1218330647958595,0.24417385760663265,0.06261104917528698,0.13752662452725603,0.7556723065766023,277296
track_09885,Jazz,110.0780221638276,0.6277224989657206,0.4624432464974134,-8.317616377038252,0.04898880696272856,0.6751543866905944,0.8552443663766518,0.204691543063315,0.6843283158235589,385108
track_09886,Jazz,86.1211169209603,0.6268589086772921,0.5201832515301488,-16.299982390789253,0.08134865159757121,0.9640615146151066,0.9057430499268352,0.29820409282071025,0.5807796067391378,273494
track_09887,Pop,120.47916690046593,0.8666245046903982,0.6548597731301836,-6.302485248956653,0.08462782604079977,0.2889101632333693,0.0490814570959775,0.2192327674780119,0.6641153773798485,182711
track_09888,Metal,176.4004562849718,0.48762474189107075,0.892612648824762,-3.762683052269233,0.05586957996479284,0.16370531097680935,0.11923685107833003,0.2492920237123243,0.3783588854439343,303710
track_09889,Pop,100.44527203773846,0.7558386268179672,0.8100262024659738,-7.613246010739257,0.10662876659143602,0.34125992965136215,0.020563466781968628,0.21224966409926366,0.7423765628568186,192762
track_09890,Reggae,95.13341622547118,0.6835260492594908,0.783787038341198,-8.70619422108103,0.08330250392426874,0.41728931197941305,0.10977687176510612,0.16511297912220907,0.7030752158525203,286582
track_09891,Pop,107.86602168643034,0.6047921492986581,0.833861189855546,-3.0600865341582857,0.07806625257072337,0.2678453455363923,0.02297627904806745,0.1586893111779672,0.6742053917050223,212695
track_09892,Metal,139.82377656787187,0.5435325198312719,0.9654189379910374,-3.2522429347535065,0.05124686697080483,0.03720985665884291,0.1311892274472076,0.2153395012081475,0.4289474531757391,222727
track_09893,Metal,156.94695661551447,0.582466202598811,0.8621588677074626,-2.726815814954385,0.04591396234899293,0.18857778677021808,0.002095145889917505,0.15022694265540298,0.4239527200793465,204924
track_09894,Blues,86.78036102932245,0.7895632141426494,0.7483840992185519,-11.08809219162104,0.09947922093658965,0.698416877337414,0.07086877140746098,0.2696556276491792,0.5781990396746568,208906
track_09895,Blues,89.21551235513331,0.7278525427899826,0.6812516707910856,-10.341239551570817,0.07433491833608027,0.4025316760753263,0.05717097888912242,0.2100995090656022,0.6370483491094845,188757
track_09896,Rock,145.08771453976897,0.6992602178305334,0.8061796488345074,-9.233083911490791,0.03521059004604062,0.19617632086424636,0.20057005576262524,0.10321116363499858,0.4995992792130762,249741
track_09897,Country,103.39503671123582,0.5628051581842819,0.5578062175398699,-7.479634943029405,0.08431188458210495,0.6498676668421857,0.14748510620571698,0.19006962570603164,0.6244940804726291,204188
track_09898,Hip-Hop,80.5195894943516,0.9067771302566553,0.6666014014607845,-6.47000220459107,0.4130882994801608,0.0750521464042061,0.05399856497918131,0.26140471104031626,0.5613962908850654,207264
track_09899,Metal,169.40499745713063,0.3716331453981102,0.9320816546181808,-1.1668321029897681,0.0613131682879759,0.06542459341291083,0.1029974972553254,0.167590723685955,0.4595309463940247,279139
track_09900,Hip-Hop,90.23573682507423,0.7274927786250989,0.6234168233266936,-4.628187866480188,0.3917785505914917,0.05679670970494333,0.09094905939802789,0.10300269853261748,0.6764839499541395,281887
track_09901,Jazz,143.73432532561648,0.4019150332008105,0.3710084717545572,-8.27837050974102,0.06035606476163698,0.7879420523548681,0.7847218883881583,0.22516291809359607,0.40082511245122276,315969
track_09902,Classical,72.36699118405906,0.18411134234154225,0.19579365227136625,-27.12571099205651,0.04909786605331766,0.9814246933528323,0.9993253682418801,0.4705580756576088,0.22629112309563673,523511
track_09903,Rock,138.36370961820688,0.5373056874382242,0.7289070791859319,-7.547452768128456,0.04895343648100816,0.14342199520281756,0.1573403965651563,0.16095142947536753,0.4024498205546035,242655
track_09904,Reggae,89.1335664978925,0.6435699825414338,0.7211107941055338,-11.417287027451641,0.09865277152893662,0.5980364417366419,0.05701676707360895,0.2582082779332534,0.7734437110942645,292336
track_09905,EDM,121.19096911324827,0.8937503210610965,0.9826591673232377,-3.709540720642728,0.03997228369076436,0.039129044560417194,0.20607955691413873,0.11128062127272209,0.5255095734455671,213082
track_09906,Hip-Hop,83.31951548643451,0.8697152732792633,0.8619644505963131,-6.466881692977656,0.4735919983577572,0.2459211441952105,0.09329040278894012,0.11369750008809623,0.5597606622832576,154457
track_09907,Pop,123.78979034218607,0.7290996470985356,0.8230962193016262,-4.8178651625462425,0.1058311502431932,0.3311926609606105,0.014937072936241537,0.2129871941087466,0.7906862033770163,229801
track_09908,Metal,163.2714789580416,0.36036721423080414,0.9862746894676488,-3.2270808525663037,0.05314066139072766,0.19547854650838578,0.07319733777715114,0.10633987727667621,0.36881000811470316,325718
track_09909,Hip-Hop,84.95895513137229,0.9134095979030232,0.6475553634452863,-3.156869584625259,0.38138153453027984,0.16417012624850516,0.029225776172463126,0.15474626362905047,0.8489892194305559,244769
track_09910,EDM,127.86919228695024,0.7492720589327679,0.9755264840689505,-4.317263420202489,0.05335467777536698,0.12204541218303054,0.2570567488830013,0.11136230436066062,0.6230948574284723,187847
track_09911,Metal,176.4099792339115,0.5693917490173007,0.9467107789951854,-4.024267845335077,0.0778609967154634,0.1733165610496117,0.18097356441595877,0.1567195956694086,0.5948771501101373,324806
track_09912,Reggae,90.08616217499554,0.6056873965444115,0.6539132661724548,-10.053336964513138,0.06749019361760161,0.6533293329111328,0.03936799040411381,0.16771148752047704,0.7835707899719404,204812
track_09913,Classical,91.35002426414638,0.29977160831381505,0.38680584090664405,-21.698679422630413,0.0496093900494929,0.8119756774842942,0.9488364980375867,0.2840756370478518,0.5027611505038174,529634
track_09914,Pop,121.46014652557652,0.8906743146784778,0.7340909483121882,-3.4545341728179366,0.05899381674260072,0.19539875411434227,0.008140979997811998,0.17501532322996793,0.8670012019956417,226663
track_09915,Hip-Hop,85.2206522720236,0.7301207741771827,0.7265845332913845,-6.141419609523841,0.5341137601739916,0.23793664146598784,0.08518794987160422,0.10314013421496748,0.8398966742124718,229694
track_09916,Blues,89.27493610243637,0.6232012984679398,0.6390615802325428,-11.417779866145976,0.05603431623249053,0.6917866741479479,0.18098796632686376,0.22426240586468,0.7138452434199164,277399
track_09917,Rock,139.05358485383283,0.5145992053256003,0.9944564055629272,-5.344575702219543,0.09148109166446149,0.13376852254870153,0.07991183050014701,0.33122595090493445,0.7607725351287346,190270
track_09918,Hip-Hop,83.72392110530652,0.8671606867863977,0.7628430056789518,-5.211999640389304,0.34720982523756944,0.0354765045727678,0.08074990720781863,0.257903621753623,0.5071382714638939,292242
track_09919,Hip-Hop,87.19502179849884,0.7459159945806291,0.7537806765736776,-3.9611185007400227,0.41712885547553624,0.20137446538297804,0.09140821795137843,0.24395243738435027,0.6290736028569537,196967
track_09920,EDM,125.1342768744597,0.8356791562113535,0.9779789156916603,-1.643091213320405,0.048332680171827784,0.1720666100234282,0.0002694476033473836,0.1549006519742311,0.6743674240948603,197415
track_09921,EDM,127.86519881404139,0.8268798753275368,0.8383352007342485,-3.1670373684111253,0.04177779275514402,0.050610860216142584,0.12186377424484432,0.16363414297119763,0.8713983164303463,239915
track_09922,Rock,126.43814149267061,0.7866082390720779,0.8309795560341182,-7.803901335720292,0.10616863618848589,0.27050361264687883,0.11920046647927307,0.19082431953266443,0.6100765483001136,209773
track_09923,Hip-Hop,89.52903702104507,0.9428095710168715,0.8279710138660511,-5.410397594439668,0.5542664734943308,0.2987798936916266,0.03080196324867366,0.18195135584433958,0.6726879734499998,223743
track_09924,Country,92.88676362260397,0.6609412266050647,0.6615466190502819,-4.804186462977694,0.037230116804403766,0.4088105403185834,0.08715115005839212,0.12868577117333885,0.5209626187906427,256825
track_09925,Reggae,83.59565640017964,0.7635740826002343,0.6509463683805515,-11.569280709848025,0.041963572785391395,0.4014425841997749,0.14272619968227926,0.18685146698367436,0.6578895801042517,181050
track_09926,EDM,127.26441269949486,0.874546395838748,0.8377638822216671,-2.8933507451844487,0.06578426527436408,0.09151975477559193,0.2791458808425472,0.17143067128805342,0.7379378798485607,185638
track_09927,EDM,128.63781080184194,0.859600632935887,0.8091756361672111,-1.24533077986356,0.06470825859408508,0.18307049759851918,0.24073844222466392,0.1897036727768842,0.683503650655999,271387
track_09928,Country,101.24230089019582,0.5911594880257888,0.46935902054812917,-6.212375264695991,0.049519398488285016,0.6249633409147659,0.09638773356538172,0.28206628862993016,0.7691643101725665,194478
track_09929,Metal,157.33356520063327,0.447683580077054,0.8750467600976285,-1.464550552625406,0.07162628948643959,0.17924850183573482,0.0859511063189862,0.1433573143556486,0.48061793275869436,267099
track_09930,Hip-Hop,88.76449074893242,0.7366792472919506,0.6096129585901423,-7.000029052622869,0.43355237987803374,0.2927398962799765,0.06768133995158102,0.20741902469731338,0.8958468702640958,206633
track_09931,Rock,144.26446462269138,0.6649526904865619,0.7986823455397356,-6.070198219634615,0.1356087673279393,0.1991363137489352,0.2655750209788461,0.118801208560733,0.613504224187531,259223
track_09932,EDM,121.94901934787272,0.7117872398143195,0.8037440541548513,-0.9522039455012363,0.05958518687071627,0.031019189552811,0.28261860162456515,0.2747679905947535,0.5971748109287098,198346
track_09933,Rock,132.09404637175294,0.6280832121389439,0.7723070188004377,-4.275878293081584,0.03088529209414988,0.17165970964614097,0.2611203031621765,0.3921760345230365,0.5756759696832928,204253
track_09934,Rock,153.73104036612457,0.7446659586735901,0.9317189893530514,-4.106337216984985,0.14352073149876604,0.11589998377727966,0.10773142838207451,0.31035039674880194,0.47789448584671335,268818
track_09935,Reggae,84.50554780828327,0.7369066693546564,0.5113852298834406,-11.803709281139533,0.08449925255380566,0.5607939858692648,0.15296677102533987,0.102920945129597,0.5233825381550065,224693
track_09936,Blues,92.03931268740813,0.715208134209323,0.666883160915095,-8.148955137110633,0.06252083028217467,0.6830938699586894,0.12259159396864322,0.1444557533329603,0.5019197595410573,244519
track_09937,EDM,131.3164879422566,0.7046858051163716,0.9436095371426612,-1.8326335216201617,0.03388311381743639,0.11642248204444794,0.019169545438907486,0.19066371374338847,0.7734560848124479,275948
track_09938,Pop,120.37782503767924,0.7563393708567718,0.6996844669621781,-4.941669506930902,0.0882540875741582,0.2813876341416087,0.005054579792324843,0.18853744286518387,0.8884321718971091,218241
track_09939,Metal,170.84814244308748,0.4560130039245282,0.8004082953673426,-3.3026357759225577,0.07360074593313093,0.13807430057058198,0.1514352939990381,0.10765335283889793,0.35375345970573285,284016
track_09940,Rock,136.34543653191946,0.5226438414001885,0.7720621692103222,-8.817333827999473,0.08493310271324431,0.3124516003764918,0.07266259884741792,0.14539983925757274,0.6262423277889896,189857
track_09941,EDM,126.5342413957682,0.7855698614715498,0.9721770904549646,-3.486008447426418,0.04660889802905123,0.08171619580805566,0.17968052582520733,0.28055377234841483,0.7698484091701241,220997
track_09942,Metal,150.02468044325033,0.4456355166147369,0.9986770210257956,-3.1436292417289877,0.07585261691172024,0.14476956113485354,0.021760454274752372,0.22306618760193164,0.5858884663233977,276268
track_09943,Pop,106.64857606026845,0.753444729430259,0.6746534816924217,-4.142407069682869,0.06441981356464924,0.3951679891037869,0.020476249646693995,0.2877532823741352,0.7294224328124415,212101
track_09944,EDM,126.44790138315209,0.7643010618570496,0.9893899332819387,-3.915746755592972,0.0678273636326341,0.17513351214596115,0.060632078676052636,0.2313487244873776,0.6476766814297931,202374
track_09945,Hip-Hop,88.44179313803983,0.8326259366966251,0.7760910160186354,-3.137674501502958,0.5008431434344519,0.12596956677689933,0.09740176933428903,0.14835231055369055,0.6359716629836869,160722
track_09946,Rock,132.00589276157984,0.6775997144699866,0.8132741891902064,-4.314424657528704,0.12164786637253794,0.13597522688782404,0.25676413080094157,0.39477067314861225,0.7003712795461766,225999
track_09947,Pop,128.36080715796362,0.6597979089276544,0.7834891141730566,-7.750355948342318,0.10180371444527606,0.12028269248074004,0.038574029376180624,0.27698616730446113,0.8316162701313784,199282
track_09948,Hip-Hop,88.04967759082058,0.790813763393336,0.6136405270958231,-4.505963591669322,0.31372684966544895,0.06470382728785241,0.050144422187140006,0.25865534866354134,0.6280244534297545,244381
track_09949,Rock,142.08312794883116,0.6597625881435676,0.7026614359852986,-5.079586461389646,0.08524589962023248,0.1867441583510638,0.21323737381553126,0.3435388396432446,0.6388568003167685,250682
track_09950,Jazz,105.88361840077015,0.6756300566475093,0.4475951381426211,-11.778523302524912,0.07406234201687498,0.9753946489467734,0.8016637869674422,0.45816468499366775,0.472538801420181,285322
track_09951,Classical,98.15924287685237,0.16582936826132025,0.22439427810696672,-19.49311471404464,0.05625777181522254,0.874061144375786,0.9834180948326202,0.4157190798891036,0.38061268628226697,561130
track_09952,Country,91.23910393071779,0.6714206710582149,0.6226413248335273,-9.838399207945738,0.07371332500887157,0.4793951316256871,0.12565412193900466,0.15298347330998036,0.5287747274685647,204459
track_09953,Rock,139.4435512104875,0.6730390017442839,0.9970309612920332,-5.609072391262673,0.05053064097952817,0.34151492276313833,0.16558239425031432,0.39860755126501846,0.702026821221832,191802
track_09954,Pop,117.10029084024863,0.7670800966563419,0.8491744685585458,-5.4054293055806575,0.07174663659086081,0.3456056509309152,0.0408583523958278,0.2232888685072747,0.588142516499795,206285
track_09955,Pop,122.51977636512851,0.8097460848354499,0.6233121182506447,-6.3887459097392245,0.09798561767094832,0.3844193077916426,0.023208213144248226,0.1596138258052594,0.5368833148941636,202188
track_09956,Classical,74.68132493317529,0.20310452299437307,0.299845629939574,-22.60734027475383,0.06955208950407582,0.8246327314537306,0.9193448938992493,0.22696603976009788,0.5798339146877878,532697
track_09957,EDM,118.48297096693777,0.8174257080394326,0.8470188515145862,-0.2417748262264805,0.040538156460880555,0.1850894659640952,0.1464400407509609,0.18743566344436607,0.8215283900107699,276985
track_09958,Country,97.84194245039562,0.6642303862923802,0.44952030502661855,-4.38374465228734,0.06799466044203584,0.6442072348752474,0.1612026901842891,0.2105079232754684,0.7448580689131825,250844
track_09959,Metal,165.66067330429834,0.37991092038365876,0.9192530251494485,-1.4279082983324836,0.06826364371087654,0.024405344768510442,0.10916162796687107,0.24153440060996198,0.36060571797823715,256042
track_09960,Rock,133.9990889007883,0.6098087209791483,0.7612073323798517,-9.454634711777063,0.11690767037088312,0.30992158482872806,0.15521191557848038,0.12372913097047342,0.6465916151830738,205604
track_09961,EDM,133.76412847663778,0.845271897321386,0.874270224321664,-4.830313241779418,0.04980940093696652,0.09865353308467457,0.01225494777445083,0.1972567094171086,0.7044573484118767,192523
track_09962,Hip-Hop,73.0960189809604,0.7963153022229602,0.6017897172343631,-7.135369039011778,0.3923984869840457,0.24243365741745954,0.0910427567791774,0.1420272941022571,0.6561572727940195,239556
track_09963,Metal,173.65978345653807,0.4132272827330322,0.8480089413655886,-1.5436139352980165,0.05418309583557278,0.0781021895137608,0.18112606063825765,0.28788156688178945,0.43542858145572205,287354
track_09964,Country,95.25841549951672,0.599818795979884,0.5836078791522237,-6.503605819403209,0.09890264817525937,0.41908049710351525,0.05560720385240774,0.21796400229968071,0.7270356577075504,183595
track_09965,EDM,125.64678546189606,0.798425092387002,0.8634107739823726,-4.227141178437369,0.04328246975066895,0.1814803662245642,0.29132415217412044,0.13009631337536226,0.7648086810999115,211285
track_09966,Blues,94.639903640561,0.6215885210136639,0.6333180632592221,-9.478267900084127,0.05523214492663778,0.48459111725166737,0.007865774718091757,0.1728791571386615,0.6614804703869996,197716
track_09967,Metal,140.39876718117,0.47534120079400854,0.8178444184268298,-4.451871498573048,0.07833561367868769,0.19137299393606752,0.12597887058379287,0.19986324071918038,0.3690698351678311,227195
track_09968,Reggae,100.29335894198675,0.6839739391906542,0.5972019154108492,-5.337325351007937,0.08626927992932115,0.3829739913500818,0.10802206503481904,0.2339862818960509,0.6737993992273578,230138
track_09969,Reggae,89.45103127571979,0.615608603674073,0.6711969943612472,-7.213668520254756,0.04449276993176098,0.5133072590533513,0.19447623318221482,0.1070520942472421,0.5534325264237857,243493
track_09970,Rock,129.31626862637071,0.5452433602049447,0.9402985509282383,-3.2738180526704097,0.1465979605930174,0.2557037102928157,0.07178879548785307,0.14230268942377344,0.49829345619685195,267724
track_09971,Rock,146.60207497402808,0.7891163062259876,0.8578245066418184,-6.9710968179438355,0.05262199168362605,0.39915270412150716,0.1859593234867228,0.12396087077825005,0.7508278617890175,294609
track_09972,Rock,140.58860845935894,0.5995096560022947,0.7555654844473477,-5.344326215307427,0.03113845325179529,0.3592099734805213,0.1889118174931446,0.1637178868066429,0.6780602941420112,201831
track_09973,Country,109.95432037273903,0.606946782928535,0.4038877317230663,-9.214006570238775,0.04694484492456549,0.40493689361869234,0.04340400542436789,0.20472034755189633,0.5377165653264233,234419
track_09974,Blues,94.77655525742554,0.6963743389546583,0.5810268203374731,-11.423872179358883,0.0852571803090784,0.48783002341825754,0.1689613214555307,0.1864376972322704,0.7827015360306059,274040
track_09975,EDM,134.96234572973995,0.7387856072144641,0.8185461336786438,-1.9819318498259255,0.06854318059821443,0.08584227149701742,0.24438795919189757,0.19404698450194865,0.5938614040135395,269617
track_09976,Hip-Hop,84.700304124743,0.7100674320792565,0.7333142107405666,-7.003802119800529,0.5488594324710087,0.0442135621442436,0.018387910207720272,0.2469831808286186,0.5356710553571387,211618
track_09977,Jazz,113.04793676642758,0.572223480647573,0.533365232141636,-12.659599041565539,0.04587602210943721,0.9187221407863209,0.7618667182903665,0.2283287277089211,0.6070135433873058,284151
track_09978,Pop,118.30431774608347,0.7431433497766833,0.7041364845268099,-6.980200609773396,0.06553239864342182,0.24595997049419918,0.031566730417925085,0.10840900496465844,0.656448894409311,223155
track_09979,Hip-Hop,94.12762796284774,0.7251308240779019,0.8816572168176049,-7.166030002729356,0.4947290813511156,0.049951010430126695,0.09842317792059929,0.22656177935171543,0.7081933967677165,171303
track_09980,EDM,120.56349084568183,0.8076065733485545,0.9542695990570247,-3.648872152816108,0.06832266167008963,0.018761787755798332,0.2254372650417419,0.11483739178175432,0.8380480201889144,292839
track_09981,Blues,99.07733363274879,0.6649400287937041,0.6725680464084913,-7.960664710630173,0.049503097257409374,0.6003592471649435,0.10925933937808144,0.12400916014046973,0.7842959179382138,219266
track_09982,Country,99.20754756043749,0.6599339720104506,0.44647849338761536,-5.240917727389355,0.0621808455359589,0.6400701254214904,0.1857003122503664,0.12065434707376353,0.6068118525165346,283185
track_09983,Metal,172.8253639833601,0.4461144923500304,0.9151173150660564,-4.6111220589812465,0.03036634244704911,0.03763737423377698,0.18681100320987498,0.15430703313021366,0.5138493672457881,305002
track_09984,Hip-Hop,92.4500330102242,0.796618128905412,0.8743425182519886,-7.230221501177975,0.5101225562644941,0.07906824142554186,0.04975703757804484,0.1861509279289334,0.6936088146262646,298184
track_09985,Metal,179.8606112936335,0.321822339311885,0.877395638964688,-1.3997266661120493,0.05183554422818652,0.07124236059595905,0.014532366858357348,0.2654051715925737,0.4772120050977381,291954
track_09986,Jazz,144.2463350164095,0.44927189666513195,0.38299887641355046,-7.729132890886429,0.0401964863329811,0.7963397523132745,0.8434075676965485,0.41621631213873,0.5115868820440077,266566
track_09987,EDM,123.36588407626701,0.9285109566487046,0.9315708291632729,-2.294422968382454,0.05040251492203007,0.1311284727579963,0.0688387342083336,0.1856327935149274,0.7257639270337428,226921
track_09988,Blues,82.25233310763763,0.6731212139906202,0.666911078457317,-6.053876750370815,0.059806712024211416,0.6318017557426792,0.03259438122277203,0.13451668972725733,0.6352798989386257,295288
track_09989,EDM,123.31286252486906,0.7024411397940327,0.8423193363536413,-1.1217829946908102,0.05822320068011685,0.08019478387218003,0.27551299814174873,0.2086586971284446,0.7515953825420286,275887
track_09990,Pop,98.50742983160715,0.8958369762526834,0.6817065744647925,-3.576409865985047,0.1114073548633269,0.16161713317312515,0.012177309485340532,0.1255952578535185,0.6152107803675912,211314
track_09991,Country,110.57218889100791,0.5740694805775352,0.5233009561108795,-8.92403061978872,0.06291296718331485,0.4121856969420524,0.16578170738184572,0.28949171767391724,0.5414441020890643,210393
track_09992,Pop,125.3737010998641,0.7579056846488822,0.7948150428864633,-7.969800058215914,0.10697245114502874,0.2080837611547669,0.03576962846736983,0.25446976808871147,0.8438520343325173,250674
track_09993,EDM,123.5672853862899,0.7190225182575198,0.8852486442061063,-3.4724426449136025,0.0528754150177823,0.04099183746124427,0.016639145806351417,0.10702300480574328,0.6727107152039339,260341
track_09994,Pop,110.86628378761877,0.7542417415738136,0.7602806455333005,-6.334590347833309,0.08892377696987847,0.4599735133038897,0.01555221198896218,0.2378820979153661,0.5159405774801602,256705
track_09995,Classical,83.62409031935707,0.18632948930376822,0.16860335975205992,-23.839203803287965,0.049385224996536775,0.9620039774115753,0.9633773000199906,0.48665656782810185,0.5906637128475746,562516
track_09996,EDM,128.397803440304,0.865044417979562,0.9416686184895859,-2.2002050423078545,0.062143731327993834,0.05521472720050476,0.22851926967021274,0.15023870072272213,0.7171877691638323,257853
track_09997,Blues,88.98468844659168,0.7498120039534396,0.7452807690073568,-6.4463827082242515,0.09887302460336897,0.40370655185154575,0.014555195545882693,0.2045303913677558,0.7889959202122738,215139
track_09998,Hip-Hop,92.02580560807569,0.8909813052860931,0.7445487709558156,-5.616958515776431,0.4100549506460168,0.15129042414238678,0.07421444489010275,0.18684294636990362,0.5381393056122128,248382
track_09999,Blues,88.70119644175257,0.7749159407350279,0.5516085013824934,-6.917668367266085,0.05812583591359294,0.6605323847922077,0.1244291895985157,0.2349560615894197,0.6575870764262439,203907
track_10000,Classical,66.92628716441034,0.26857850426106333,0.27506759752262616,-12.975032492793964,0.04836987673744254,0.933297526494137,0.9057354764733614,0.3313462396896993,0.2557522361511245,479561
